id,rho_e,x,y,z
0,1.689616556272,-2,0,0
1,1.4495588173902,-1.9995,0,0
2,1.5134144089122,-1.999,0,0
3,1.4964322693816,-1.9985,0,0
4,1.5009488631559,-1.998,0,0
5,1.4997476417485,-1.9975,0,0
6,1.5000671167315,-1.997,0,0
7,1.4999821497519,-1.9965,0,0
8,1.5000047474202,-1.996,0,0
9,1.4999987373846,-1.9955,0,0
10,1.500000335803,-1.995,0,0
11,1.4999999106904,-1.9945,0,0
12,1.5000000237526,-1.994,0,0
13,1.4999999936828,-1.9935,0,0
14,1.5000000016801,-1.993,0,0
15,1.4999999995532,-1.9925,0,0
16,1.5000000001188,-1.992,0,0
17,1.4999999999684,-1.9915,0,0
18,1.5000000000084,-1.991,0,0
19,1.4999999999978,-1.9905,0,0
20,1.5000000000006,-1.99,0,0
21,1.4999999999998,-1.9895,0,0
22,1.5,-1.989,0,0
23,1.5,-1.9885,0,0
24,1.5,-1.988,0,0
25,1.5,-1.9875,0,0
26,1.5,-1.987,0,0
27,1.5,-1.9865,0,0
28,1.5,-1.986,0,0
29,1.5,-1.9855,0,0
30,1.5,-1.985,0,0
31,1.5,-1.9845,0,0
32,1.5,-1.984,0,0
33,1.5,-1.9835,0,0
34,1.5,-1.983,0,0
35,1.5,-1.9825,0,0
36,1.5,-1.982,0,0
37,1.5,-1.9815,0,0
38,1.5,-1.981,0,0
39,1.5,-1.9805,0,0
40,1.5,-1.98,0,0
41,1.5,-1.9795,0,0
42,1.5,-1.979,0,0
43,1.5,-1.9785,0,0
44,1.5,-1.978,0,0
45,1.5,-1.9775,0,0
46,1.5,-1.977,0,0
47,1.5,-1.9765,0,0
48,1.5,-1.976,0,0
49,1.5,-1.9755,0,0
50,1.5,-1.975,0,0
51,1.5,-1.9745,0,0
52,1.5,-1.974,0,0
53,1.5,-1.9735,0,0
54,1.5,-1.973,0,0
55,1.5,-1.9725,0,0
56,1.5,-1.972,0,0
57,1.5,-1.9715,0,0
58,1.5,-1.971,0,0
59,1.5,-1.9705,0,0
60,1.5,-1.97,0,0
61,1.5,-1.9695,0,0
62,1.5,-1.969,0,0
63,1.5,-1.9685,0,0
64,1.5,-1.968,0,0
65,1.5,-1.9675,0,0
66,1.5,-1.967,0,0
67,1.5,-1.9665,0,0
68,1.5,-1.966,0,0
69,1.5,-1.9655,0,0
70,1.5,-1.965,0,0
71,1.5,-1.9645,0,0
72,1.5,-1.964,0,0
73,1.5,-1.9635,0,0
74,1.5,-1.963,0,0
75,1.5,-1.9625,0,0
76,1.5,-1.962,0,0
77,1.5,-1.9615,0,0
78,1.5,-1.961,0,0
79,1.5,-1.9605,0,0
80,1.5,-1.96,0,0
81,1.5,-1.9595,0,0
82,1.5,-1.959,0,0
83,1.5,-1.9585,0,0
84,1.5,-1.958,0,0
85,1.5,-1.9575,0,0
86,1.5,-1.957,0,0
87,1.5,-1.9565,0,0
88,1.5,-1.956,0,0
89,1.5,-1.9555,0,0
90,1.5,-1.955,0,0
91,1.5,-1.9545,0,0
92,1.5,-1.954,0,0
93,1.5,-1.9535,0,0
94,1.5,-1.953,0,0
95,1.5,-1.9525,0,0
96,1.5,-1.952,0,0
97,1.5,-1.9515,0,0
98,1.5,-1.951,0,0
99,1.5,-1.9505,0,0
100,1.5,-1.95,0,0
101,1.5,-1.9495,0,0
102,1.5,-1.949,0,0
103,1.5,-1.9485,0,0
104,1.5,-1.948,0,0
105,1.5,-1.9475,0,0
106,1.5,-1.947,0,0
107,1.5,-1.9465,0,0
108,1.5,-1.946,0,0
109,1.5,-1.9455,0,0
110,1.5,-1.945,0,0
111,1.5,-1.9445,0,0
112,1.5,-1.944,0,0
113,1.5,-1.9435,0,0
114,1.5,-1.943,0,0
115,1.5,-1.9425,0,0
116,1.5,-1.942,0,0
117,1.5,-1.9415,0,0
118,1.5,-1.941,0,0
119,1.5,-1.9405,0,0
120,1.5,-1.94,0,0
121,1.5,-1.9395,0,0
122,1.5,-1.939,0,0
123,1.5,-1.9385,0,0
124,1.5,-1.938,0,0
125,1.5,-1.9375,0,0
126,1.5,-1.937,0,0
127,1.5,-1.9365,0,0
128,1.5,-1.936,0,0
129,1.5,-1.9355,0,0
130,1.5,-1.935,0,0
131,1.5,-1.9345,0,0
132,1.5,-1.934,0,0
133,1.5,-1.9335,0,0
134,1.5,-1.933,0,0
135,1.5,-1.9325,0,0
136,1.5,-1.932,0,0
137,1.5,-1.9315,0,0
138,1.5,-1.931,0,0
139,1.5,-1.9305,0,0
140,1.5,-1.93,0,0
141,1.5,-1.9295,0,0
142,1.5,-1.929,0,0
143,1.5,-1.9285,0,0
144,1.5,-1.928,0,0
145,1.5,-1.9275,0,0
146,1.5,-1.927,0,0
147,1.5,-1.9265,0,0
148,1.5,-1.926,0,0
149,1.5,-1.9255,0,0
150,1.5,-1.925,0,0
151,1.5,-1.9245,0,0
152,1.5,-1.924,0,0
153,1.5,-1.9235,0,0
154,1.5,-1.923,0,0
155,1.5,-1.9225,0,0
156,1.5,-1.922,0,0
157,1.5,-1.9215,0,0
158,1.5,-1.921,0,0
159,1.5,-1.9205,0,0
160,1.5,-1.92,0,0
161,1.5,-1.9195,0,0
162,1.5,-1.919,0,0
163,1.5,-1.9185,0,0
164,1.5,-1.918,0,0
165,1.5,-1.9175,0,0
166,1.5,-1.917,0,0
167,1.5,-1.9165,0,0
168,1.5,-1.916,0,0
169,1.5,-1.9155,0,0
170,1.5,-1.915,0,0
171,1.5,-1.9145,0,0
172,1.5,-1.914,0,0
173,1.5,-1.9135,0,0
174,1.5,-1.913,0,0
175,1.5,-1.9125,0,0
176,1.5,-1.912,0,0
177,1.5,-1.9115,0,0
178,1.5,-1.911,0,0
179,1.5,-1.9105,0,0
180,1.5,-1.91,0,0
181,1.5,-1.9095,0,0
182,1.5,-1.909,0,0
183,1.5,-1.9085,0,0
184,1.5,-1.908,0,0
185,1.5,-1.9075,0,0
186,1.5,-1.907,0,0
187,1.5,-1.9065,0,0
188,1.5,-1.906,0,0
189,1.5,-1.9055,0,0
190,1.5,-1.905,0,0
191,1.5,-1.9045,0,0
192,1.5,-1.904,0,0
193,1.5,-1.9035,0,0
194,1.5,-1.903,0,0
195,1.5,-1.9025,0,0
196,1.5,-1.902,0,0
197,1.5,-1.9015,0,0
198,1.5,-1.901,0,0
199,1.5,-1.9005,0,0
200,1.5,-1.9,0,0
201,1.5,-1.8995,0,0
202,1.5,-1.899,0,0
203,1.5,-1.8985,0,0
204,1.5,-1.898,0,0
205,1.5,-1.8975,0,0
206,1.5,-1.897,0,0
207,1.5,-1.8965,0,0
208,1.5,-1.896,0,0
209,1.5,-1.8955,0,0
210,1.5,-1.895,0,0
211,1.5,-1.8945,0,0
212,1.5,-1.894,0,0
213,1.5,-1.8935,0,0
214,1.5,-1.893,0,0
215,1.5,-1.8925,0,0
216,1.5,-1.892,0,0
217,1.5,-1.8915,0,0
218,1.5,-1.891,0,0
219,1.5,-1.8905,0,0
220,1.5,-1.89,0,0
221,1.5,-1.8895,0,0
222,1.5,-1.889,0,0
223,1.5,-1.8885,0,0
224,1.5,-1.888,0,0
225,1.5,-1.8875,0,0
226,1.5,-1.887,0,0
227,1.5,-1.8865,0,0
228,1.5,-1.886,0,0
229,1.5,-1.8855,0,0
230,1.5,-1.885,0,0
231,1.5,-1.8845,0,0
232,1.5,-1.884,0,0
233,1.5,-1.8835,0,0
234,1.5,-1.883,0,0
235,1.5,-1.8825,0,0
236,1.5,-1.882,0,0
237,1.5,-1.8815,0,0
238,1.5,-1.881,0,0
239,1.5,-1.8805,0,0
240,1.5,-1.88,0,0
241,1.5,-1.8795,0,0
242,1.5,-1.879,0,0
243,1.5,-1.8785,0,0
244,1.5,-1.878,0,0
245,1.5,-1.8775,0,0
246,1.5,-1.877,0,0
247,1.5,-1.8765,0,0
248,1.5,-1.876,0,0
249,1.5,-1.8755,0,0
250,1.5,-1.875,0,0
251,1.5,-1.8745,0,0
252,1.5,-1.874,0,0
253,1.5,-1.8735,0,0
254,1.5,-1.873,0,0
255,1.5,-1.8725,0,0
256,1.5,-1.872,0,0
257,1.5,-1.8715,0,0
258,1.5,-1.871,0,0
259,1.5,-1.8705,0,0
260,1.5,-1.87,0,0
261,1.5,-1.8695,0,0
262,1.5,-1.869,0,0
263,1.5,-1.8685,0,0
264,1.5,-1.868,0,0
265,1.5,-1.8675,0,0
266,1.5,-1.867,0,0
267,1.5,-1.8665,0,0
268,1.5,-1.866,0,0
269,1.5,-1.8655,0,0
270,1.5,-1.865,0,0
271,1.5,-1.8645,0,0
272,1.5,-1.864,0,0
273,1.5,-1.8635,0,0
274,1.5,-1.863,0,0
275,1.5,-1.8625,0,0
276,1.5,-1.862,0,0
277,1.5,-1.8615,0,0
278,1.5,-1.861,0,0
279,1.5,-1.8605,0,0
280,1.5,-1.86,0,0
281,1.5,-1.8595,0,0
282,1.5,-1.859,0,0
283,1.5,-1.8585,0,0
284,1.5,-1.858,0,0
285,1.5,-1.8575,0,0
286,1.5,-1.857,0,0
287,1.5,-1.8565,0,0
288,1.5,-1.856,0,0
289,1.5,-1.8555,0,0
290,1.5,-1.855,0,0
291,1.5,-1.8545,0,0
292,1.5,-1.854,0,0
293,1.5,-1.8535,0,0
294,1.5,-1.853,0,0
295,1.5,-1.8525,0,0
296,1.5,-1.852,0,0
297,1.5,-1.8515,0,0
298,1.5,-1.851,0,0
299,1.5,-1.8505,0,0
300,1.5,-1.85,0,0
301,1.5,-1.8495,0,0
302,1.5,-1.849,0,0
303,1.5,-1.8485,0,0
304,1.5,-1.848,0,0
305,1.5,-1.8475,0,0
306,1.5,-1.847,0,0
307,1.5,-1.8465,0,0
308,1.5,-1.846,0,0
309,1.5,-1.8455,0,0
310,1.5,-1.845,0,0
311,1.5,-1.8445,0,0
312,1.5,-1.844,0,0
313,1.5,-1.8435,0,0
314,1.5,-1.843,0,0
315,1.5,-1.8425,0,0
316,1.5,-1.842,0,0
317,1.5,-1.8415,0,0
318,1.5,-1.841,0,0
319,1.5,-1.8405,0,0
320,1.5,-1.84,0,0
321,1.5,-1.8395,0,0
322,1.5,-1.839,0,0
323,1.5,-1.8385,0,0
324,1.5,-1.838,0,0
325,1.5,-1.8375,0,0
326,1.5,-1.837,0,0
327,1.5,-1.8365,0,0
328,1.5,-1.836,0,0
329,1.5,-1.8355,0,0
330,1.5,-1.835,0,0
331,1.5,-1.8345,0,0
332,1.5,-1.834,0,0
333,1.5,-1.8335,0,0
334,1.5,-1.833,0,0
335,1.5,-1.8325,0,0
336,1.5,-1.832,0,0
337,1.5,-1.8315,0,0
338,1.5,-1.831,0,0
339,1.5,-1.8305,0,0
340,1.5,-1.83,0,0
341,1.5,-1.8295,0,0
342,1.5,-1.829,0,0
343,1.5,-1.8285,0,0
344,1.5,-1.828,0,0
345,1.5,-1.8275,0,0
346,1.5,-1.827,0,0
347,1.5,-1.8265,0,0
348,1.5,-1.826,0,0
349,1.5,-1.8255,0,0
350,1.5,-1.825,0,0
351,1.5,-1.8245,0,0
352,1.5,-1.824,0,0
353,1.5,-1.8235,0,0
354,1.5,-1.823,0,0
355,1.5,-1.8225,0,0
356,1.5,-1.822,0,0
357,1.5,-1.8215,0,0
358,1.5,-1.821,0,0
359,1.5,-1.8205,0,0
360,1.5,-1.82,0,0
361,1.5,-1.8195,0,0
362,1.5,-1.819,0,0
363,1.5,-1.8185,0,0
364,1.5,-1.818,0,0
365,1.5,-1.8175,0,0
366,1.5,-1.817,0,0
367,1.5,-1.8165,0,0
368,1.5,-1.816,0,0
369,1.5,-1.8155,0,0
370,1.5,-1.815,0,0
371,1.5,-1.8145,0,0
372,1.5,-1.814,0,0
373,1.5,-1.8135,0,0
374,1.5,-1.813,0,0
375,1.5,-1.8125,0,0
376,1.5,-1.812,0,0
377,1.5,-1.8115,0,0
378,1.5,-1.811,0,0
379,1.5,-1.8105,0,0
380,1.5,-1.81,0,0
381,1.5,-1.8095,0,0
382,1.5,-1.809,0,0
383,1.5,-1.8085,0,0
384,1.5,-1.808,0,0
385,1.5,-1.8075,0,0
386,1.5,-1.807,0,0
387,1.5,-1.8065,0,0
388,1.5,-1.806,0,0
389,1.5,-1.8055,0,0
390,1.5,-1.805,0,0
391,1.5,-1.8045,0,0
392,1.5,-1.804,0,0
393,1.5,-1.8035,0,0
394,1.5,-1.803,0,0
395,1.5,-1.8025,0,0
396,1.5,-1.802,0,0
397,1.5,-1.8015,0,0
398,1.5,-1.801,0,0
399,1.5,-1.8005,0,0
400,1.5,-1.8,0,0
401,1.5,-1.7995,0,0
402,1.5,-1.799,0,0
403,1.5,-1.7985,0,0
404,1.5,-1.798,0,0
405,1.5,-1.7975,0,0
406,1.5,-1.797,0,0
407,1.5,-1.7965,0,0
408,1.5,-1.796,0,0
409,1.5,-1.7955,0,0
410,1.5,-1.795,0,0
411,1.5,-1.7945,0,0
412,1.5,-1.794,0,0
413,1.5,-1.7935,0,0
414,1.5,-1.793,0,0
415,1.5,-1.7925,0,0
416,1.5,-1.792,0,0
417,1.5,-1.7915,0,0
418,1.5,-1.791,0,0
419,1.5,-1.7905,0,0
420,1.5,-1.79,0,0
421,1.5,-1.7895,0,0
422,1.5,-1.789,0,0
423,1.5,-1.7885,0,0
424,1.5,-1.788,0,0
425,1.5,-1.7875,0,0
426,1.5,-1.787,0,0
427,1.5,-1.7865,0,0
428,1.5,-1.786,0,0
429,1.5,-1.7855,0,0
430,1.5,-1.785,0,0
431,1.5,-1.7845,0,0
432,1.5,-1.784,0,0
433,1.5,-1.7835,0,0
434,1.5,-1.783,0,0
435,1.5,-1.7825,0,0
436,1.5,-1.782,0,0
437,1.5,-1.7815,0,0
438,1.5,-1.781,0,0
439,1.5,-1.7805,0,0
440,1.5,-1.78,0,0
441,1.5,-1.7795,0,0
442,1.5,-1.779,0,0
443,1.5,-1.7785,0,0
444,1.5,-1.778,0,0
445,1.5,-1.7775,0,0
446,1.5,-1.777,0,0
447,1.5,-1.7765,0,0
448,1.5,-1.776,0,0
449,1.5,-1.7755,0,0
450,1.5,-1.775,0,0
451,1.5,-1.7745,0,0
452,1.5,-1.774,0,0
453,1.5,-1.7735,0,0
454,1.5,-1.773,0,0
455,1.5,-1.7725,0,0
456,1.5,-1.772,0,0
457,1.5,-1.7715,0,0
458,1.5,-1.771,0,0
459,1.5,-1.7705,0,0
460,1.5,-1.77,0,0
461,1.5,-1.7695,0,0
462,1.5,-1.769,0,0
463,1.5,-1.7685,0,0
464,1.5,-1.768,0,0
465,1.5,-1.7675,0,0
466,1.5,-1.767,0,0
467,1.5,-1.7665,0,0
468,1.5,-1.766,0,0
469,1.5,-1.7655,0,0
470,1.5,-1.765,0,0
471,1.5,-1.7645,0,0
472,1.5,-1.764,0,0
473,1.5,-1.7635,0,0
474,1.5,-1.763,0,0
475,1.5,-1.7625,0,0
476,1.5,-1.762,0,0
477,1.5,-1.7615,0,0
478,1.5,-1.761,0,0
479,1.5,-1.7605,0,0
480,1.5,-1.76,0,0
481,1.5,-1.7595,0,0
482,1.5,-1.759,0,0
483,1.5,-1.7585,0,0
484,1.5,-1.758,0,0
485,1.5,-1.7575,0,0
486,1.5,-1.757,0,0
487,1.5,-1.7565,0,0
488,1.5,-1.756,0,0
489,1.5,-1.7555,0,0
490,1.5,-1.755,0,0
491,1.5,-1.7545,0,0
492,1.5,-1.754,0,0
493,1.5,-1.7535,0,0
494,1.5,-1.753,0,0
495,1.5,-1.7525,0,0
496,1.5,-1.752,0,0
497,1.5,-1.7515,0,0
498,1.5,-1.751,0,0
499,1.5,-1.7505,0,0
500,1.5,-1.75,0,0
501,1.5,-1.7495,0,0
502,1.5,-1.749,0,0
503,1.5,-1.7485,0,0
504,1.5,-1.748,0,0
505,1.5,-1.7475,0,0
506,1.5,-1.747,0,0
507,1.5,-1.7465,0,0
508,1.5,-1.746,0,0
509,1.5,-1.7455,0,0
510,1.5,-1.745,0,0
511,1.5,-1.7445,0,0
512,1.5,-1.744,0,0
513,1.5,-1.7435,0,0
514,1.5,-1.743,0,0
515,1.5,-1.7425,0,0
516,1.5,-1.742,0,0
517,1.5,-1.7415,0,0
518,1.5,-1.741,0,0
519,1.5,-1.7405,0,0
520,1.5,-1.74,0,0
521,1.5,-1.7395,0,0
522,1.5,-1.739,0,0
523,1.5,-1.7385,0,0
524,1.5,-1.738,0,0
525,1.5,-1.7375,0,0
526,1.5,-1.737,0,0
527,1.5,-1.7365,0,0
528,1.5,-1.736,0,0
529,1.5,-1.7355,0,0
530,1.5,-1.735,0,0
531,1.5,-1.7345,0,0
532,1.5,-1.734,0,0
533,1.5,-1.7335,0,0
534,1.5,-1.733,0,0
535,1.5,-1.7325,0,0
536,1.5,-1.732,0,0
537,1.5,-1.7315,0,0
538,1.5,-1.731,0,0
539,1.5,-1.7305,0,0
540,1.5,-1.73,0,0
541,1.5,-1.7295,0,0
542,1.5,-1.729,0,0
543,1.5,-1.7285,0,0
544,1.5,-1.728,0,0
545,1.5,-1.7275,0,0
546,1.5,-1.727,0,0
547,1.5,-1.7265,0,0
548,1.5,-1.726,0,0
549,1.5,-1.7255,0,0
550,1.5,-1.725,0,0
551,1.5,-1.7245,0,0
552,1.5,-1.724,0,0
553,1.5,-1.7235,0,0
554,1.5,-1.723,0,0
555,1.5,-1.7225,0,0
556,1.5,-1.722,0,0
557,1.5,-1.7215,0,0
558,1.5,-1.721,0,0
559,1.5,-1.7205,0,0
560,1.5,-1.72,0,0
561,1.5,-1.7195,0,0
562,1.5,-1.719,0,0
563,1.5,-1.7185,0,0
564,1.5,-1.718,0,0
565,1.5,-1.7175,0,0
566,1.5,-1.717,0,0
567,1.5,-1.7165,0,0
568,1.5,-1.716,0,0
569,1.5,-1.7155,0,0
570,1.5,-1.715,0,0
571,1.5,-1.7145,0,0
572,1.5,-1.714,0,0
573,1.5,-1.7135,0,0
574,1.5,-1.713,0,0
575,1.5,-1.7125,0,0
576,1.5,-1.712,0,0
577,1.5,-1.7115,0,0
578,1.5,-1.711,0,0
579,1.5,-1.7105,0,0
580,1.5,-1.71,0,0
581,1.5,-1.7095,0,0
582,1.5,-1.709,0,0
583,1.5,-1.7085,0,0
584,1.5,-1.708,0,0
585,1.5,-1.7075,0,0
586,1.5,-1.707,0,0
587,1.5,-1.7065,0,0
588,1.5,-1.706,0,0
589,1.5,-1.7055,0,0
590,1.5,-1.705,0,0
591,1.5,-1.7045,0,0
592,1.5,-1.704,0,0
593,1.5,-1.7035,0,0
594,1.5,-1.703,0,0
595,1.5,-1.7025,0,0
596,1.5,-1.702,0,0
597,1.5,-1.7015,0,0
598,1.5,-1.701,0,0
599,1.5,-1.7005,0,0
600,1.5,-1.7,0,0
601,1.5,-1.6995,0,0
602,1.5,-1.699,0,0
603,1.5,-1.6985,0,0
604,1.5,-1.698,0,0
605,1.5,-1.6975,0,0
606,1.5,-1.697,0,0
607,1.5,-1.6965,0,0
608,1.5,-1.696,0,0
609,1.5,-1.6955,0,0
610,1.5,-1.695,0,0
611,1.5,-1.6945,0,0
612,1.5,-1.694,0,0
613,1.5,-1.6935,0,0
614,1.5,-1.693,0,0
615,1.5,-1.6925,0,0
616,1.5,-1.692,0,0
617,1.5,-1.6915,0,0
618,1.5,-1.691,0,0
619,1.5,-1.6905,0,0
620,1.5,-1.69,0,0
621,1.5,-1.6895,0,0
622,1.5,-1.689,0,0
623,1.5,-1.6885,0,0
624,1.5,-1.688,0,0
625,1.5,-1.6875,0,0
626,1.5,-1.687,0,0
627,1.5,-1.6865,0,0
628,1.5,-1.686,0,0
629,1.5,-1.6855,0,0
630,1.5,-1.685,0,0
631,1.5,-1.6845,0,0
632,1.5,-1.684,0,0
633,1.5,-1.6835,0,0
634,1.5,-1.683,0,0
635,1.5,-1.6825,0,0
636,1.5,-1.682,0,0
637,1.5,-1.6815,0,0
638,1.5,-1.681,0,0
639,1.5,-1.6805,0,0
640,1.5,-1.68,0,0
641,1.5,-1.6795,0,0
642,1.5,-1.679,0,0
643,1.5,-1.6785,0,0
644,1.5,-1.678,0,0
645,1.5,-1.6775,0,0
646,1.5,-1.677,0,0
647,1.5,-1.6765,0,0
648,1.5,-1.676,0,0
649,1.5,-1.6755,0,0
650,1.5,-1.675,0,0
651,1.5,-1.6745,0,0
652,1.5,-1.674,0,0
653,1.5,-1.6735,0,0
654,1.5,-1.673,0,0
655,1.5,-1.6725,0,0
656,1.5,-1.672,0,0
657,1.5,-1.6715,0,0
658,1.5,-1.671,0,0
659,1.5,-1.6705,0,0
660,1.5,-1.67,0,0
661,1.5,-1.6695,0,0
662,1.5,-1.669,0,0
663,1.5,-1.6685,0,0
664,1.5,-1.668,0,0
665,1.5,-1.6675,0,0
666,1.5,-1.667,0,0
667,1.5,-1.6665,0,0
668,1.5,-1.666,0,0
669,1.5,-1.6655,0,0
670,1.5,-1.665,0,0
671,1.5,-1.6645,0,0
672,1.5,-1.664,0,0
673,1.5,-1.6635,0,0
674,1.5,-1.663,0,0
675,1.5,-1.6625,0,0
676,1.5,-1.662,0,0
677,1.5,-1.6615,0,0
678,1.5,-1.661,0,0
679,1.5,-1.6605,0,0
680,1.5,-1.66,0,0
681,1.5,-1.6595,0,0
682,1.5,-1.659,0,0
683,1.5,-1.6585,0,0
684,1.5,-1.658,0,0
685,1.5,-1.6575,0,0
686,1.5,-1.657,0,0
687,1.5,-1.6565,0,0
688,1.5,-1.656,0,0
689,1.5,-1.6555,0,0
690,1.5,-1.655,0,0
691,1.5,-1.6545,0,0
692,1.5,-1.654,0,0
693,1.5,-1.6535,0,0
694,1.5,-1.653,0,0
695,1.5,-1.6525,0,0
696,1.5,-1.652,0,0
697,1.5,-1.6515,0,0
698,1.5,-1.651,0,0
699,1.5,-1.6505,0,0
700,1.5,-1.65,0,0
701,1.5,-1.6495,0,0
702,1.5,-1.649,0,0
703,1.5,-1.6485,0,0
704,1.5,-1.648,0,0
705,1.5,-1.6475,0,0
706,1.5,-1.647,0,0
707,1.5,-1.6465,0,0
708,1.5,-1.646,0,0
709,1.5,-1.6455,0,0
710,1.5,-1.645,0,0
711,1.5,-1.6445,0,0
712,1.5,-1.644,0,0
713,1.5,-1.6435,0,0
714,1.5,-1.643,0,0
715,1.5,-1.6425,0,0
716,1.5,-1.642,0,0
717,1.5,-1.6415,0,0
718,1.5,-1.641,0,0
719,1.5,-1.6405,0,0
720,1.5,-1.64,0,0
721,1.5,-1.6395,0,0
722,1.5,-1.639,0,0
723,1.5,-1.6385,0,0
724,1.5,-1.638,0,0
725,1.5,-1.6375,0,0
726,1.5,-1.637,0,0
727,1.5,-1.6365,0,0
728,1.5,-1.636,0,0
729,1.5,-1.6355,0,0
730,1.5,-1.635,0,0
731,1.5,-1.6345,0,0
732,1.5,-1.634,0,0
733,1.5,-1.6335,0,0
734,1.5,-1.633,0,0
735,1.5,-1.6325,0,0
736,1.5,-1.632,0,0
737,1.5,-1.6315,0,0
738,1.5,-1.631,0,0
739,1.5,-1.6305,0,0
740,1.5,-1.63,0,0
741,1.5,-1.6295,0,0
742,1.5,-1.629,0,0
743,1.5,-1.6285,0,0
744,1.5,-1.628,0,0
745,1.5,-1.6275,0,0
746,1.5,-1.627,0,0
747,1.5,-1.6265,0,0
748,1.5,-1.626,0,0
749,1.5,-1.6255,0,0
750,1.5,-1.625,0,0
751,1.5,-1.6245,0,0
752,1.5,-1.624,0,0
753,1.5,-1.6235,0,0
754,1.5,-1.623,0,0
755,1.5,-1.6225,0,0
756,1.5,-1.622,0,0
757,1.5,-1.6215,0,0
758,1.5,-1.621,0,0
759,1.5,-1.6205,0,0
760,1.5,-1.62,0,0
761,1.5,-1.6195,0,0
762,1.5,-1.619,0,0
763,1.5,-1.6185,0,0
764,1.5,-1.618,0,0
765,1.5,-1.6175,0,0
766,1.5,-1.617,0,0
767,1.5,-1.6165,0,0
768,1.5,-1.616,0,0
769,1.5,-1.6155,0,0
770,1.5,-1.615,0,0
771,1.5,-1.6145,0,0
772,1.5,-1.614,0,0
773,1.5,-1.6135,0,0
774,1.5,-1.613,0,0
775,1.5,-1.6125,0,0
776,1.5,-1.612,0,0
777,1.5,-1.6115,0,0
778,1.5,-1.611,0,0
779,1.5,-1.6105,0,0
780,1.5,-1.61,0,0
781,1.5,-1.6095,0,0
782,1.5,-1.609,0,0
783,1.5,-1.6085,0,0
784,1.5,-1.608,0,0
785,1.5,-1.6075,0,0
786,1.5,-1.607,0,0
787,1.5,-1.6065,0,0
788,1.5,-1.606,0,0
789,1.5,-1.6055,0,0
790,1.5,-1.605,0,0
791,1.5,-1.6045,0,0
792,1.5,-1.604,0,0
793,1.5,-1.6035,0,0
794,1.5,-1.603,0,0
795,1.5,-1.6025,0,0
796,1.5,-1.602,0,0
797,1.5,-1.6015,0,0
798,1.5,-1.601,0,0
799,1.5,-1.6005,0,0
800,1.5,-1.6,0,0
801,1.5,-1.5995,0,0
802,1.5,-1.599,0,0
803,1.5,-1.5985,0,0
804,1.5,-1.598,0,0
805,1.5,-1.5975,0,0
806,1.5,-1.597,0,0
807,1.5,-1.5965,0,0
808,1.5,-1.596,0,0
809,1.5,-1.5955,0,0
810,1.5,-1.595,0,0
811,1.5,-1.5945,0,0
812,1.5,-1.594,0,0
813,1.5,-1.5935,0,0
814,1.5,-1.593,0,0
815,1.5,-1.5925,0,0
816,1.5,-1.592,0,0
817,1.5,-1.5915,0,0
818,1.5,-1.591,0,0
819,1.5,-1.5905,0,0
820,1.5,-1.59,0,0
821,1.5,-1.5895,0,0
822,1.5,-1.589,0,0
823,1.5,-1.5885,0,0
824,1.5,-1.588,0,0
825,1.5,-1.5875,0,0
826,1.5,-1.587,0,0
827,1.5,-1.5865,0,0
828,1.5,-1.586,0,0
829,1.5,-1.5855,0,0
830,1.5,-1.585,0,0
831,1.5,-1.5845,0,0
832,1.5,-1.584,0,0
833,1.5,-1.5835,0,0
834,1.5,-1.583,0,0
835,1.5,-1.5825,0,0
836,1.5,-1.582,0,0
837,1.5,-1.5815,0,0
838,1.5,-1.581,0,0
839,1.5,-1.5805,0,0
840,1.5,-1.58,0,0
841,1.5,-1.5795,0,0
842,1.5,-1.579,0,0
843,1.5,-1.5785,0,0
844,1.5,-1.578,0,0
845,1.5,-1.5775,0,0
846,1.5,-1.577,0,0
847,1.5,-1.5765,0,0
848,1.5,-1.576,0,0
849,1.5,-1.5755,0,0
850,1.5,-1.575,0,0
851,1.5,-1.5745,0,0
852,1.5,-1.574,0,0
853,1.5,-1.5735,0,0
854,1.5,-1.573,0,0
855,1.5,-1.5725,0,0
856,1.5,-1.572,0,0
857,1.5,-1.5715,0,0
858,1.5,-1.571,0,0
859,1.5,-1.5705,0,0
860,1.5,-1.57,0,0
861,1.5,-1.5695,0,0
862,1.5,-1.569,0,0
863,1.5,-1.5685,0,0
864,1.5,-1.568,0,0
865,1.5,-1.5675,0,0
866,1.5,-1.567,0,0
867,1.5,-1.5665,0,0
868,1.5,-1.566,0,0
869,1.5,-1.5655,0,0
870,1.5,-1.565,0,0
871,1.5,-1.5645,0,0
872,1.5,-1.564,0,0
873,1.5,-1.5635,0,0
874,1.5,-1.563,0,0
875,1.5,-1.5625,0,0
876,1.5,-1.562,0,0
877,1.5,-1.5615,0,0
878,1.5,-1.561,0,0
879,1.5,-1.5605,0,0
880,1.5,-1.56,0,0
881,1.5,-1.5595,0,0
882,1.5,-1.559,0,0
883,1.5,-1.5585,0,0
884,1.5,-1.558,0,0
885,1.5,-1.5575,0,0
886,1.5,-1.557,0,0
887,1.5,-1.5565,0,0
888,1.5,-1.556,0,0
889,1.5,-1.5555,0,0
890,1.5,-1.555,0,0
891,1.5,-1.5545,0,0
892,1.5,-1.554,0,0
893,1.5,-1.5535,0,0
894,1.5,-1.553,0,0
895,1.5,-1.5525,0,0
896,1.5,-1.552,0,0
897,1.5,-1.5515,0,0
898,1.5,-1.551,0,0
899,1.5,-1.5505,0,0
900,1.5,-1.55,0,0
901,1.5,-1.5495,0,0
902,1.5,-1.549,0,0
903,1.5,-1.5485,0,0
904,1.5,-1.548,0,0
905,1.5,-1.5475,0,0
906,1.5,-1.547,0,0
907,1.5,-1.5465,0,0
908,1.5,-1.546,0,0
909,1.5,-1.5455,0,0
910,1.5,-1.545,0,0
911,1.5,-1.5445,0,0
912,1.5,-1.544,0,0
913,1.5,-1.5435,0,0
914,1.5,-1.543,0,0
915,1.5,-1.5425,0,0
916,1.5,-1.542,0,0
917,1.5,-1.5415,0,0
918,1.5,-1.541,0,0
919,1.5,-1.5405,0,0
920,1.5,-1.54,0,0
921,1.5,-1.5395,0,0
922,1.5,-1.539,0,0
923,1.5,-1.5385,0,0
924,1.5,-1.538,0,0
925,1.5,-1.5375,0,0
926,1.5,-1.537,0,0
927,1.5,-1.5365,0,0
928,1.5,-1.536,0,0
929,1.5,-1.5355,0,0
930,1.5,-1.535,0,0
931,1.5,-1.5345,0,0
932,1.5,-1.534,0,0
933,1.5,-1.5335,0,0
934,1.5,-1.533,0,0
935,1.5,-1.5325,0,0
936,1.5,-1.532,0,0
937,1.5,-1.5315,0,0
938,1.5,-1.531,0,0
939,1.5,-1.5305,0,0
940,1.5,-1.53,0,0
941,1.5,-1.5295,0,0
942,1.5,-1.529,0,0
943,1.5,-1.5285,0,0
944,1.5,-1.528,0,0
945,1.5,-1.5275,0,0
946,1.5,-1.527,0,0
947,1.5,-1.5265,0,0
948,1.5,-1.526,0,0
949,1.5,-1.5255,0,0
950,1.5,-1.525,0,0
951,1.5,-1.5245,0,0
952,1.5,-1.524,0,0
953,1.5,-1.5235,0,0
954,1.5,-1.523,0,0
955,1.5,-1.5225,0,0
956,1.5,-1.522,0,0
957,1.5,-1.5215,0,0
958,1.5,-1.521,0,0
959,1.5,-1.5205,0,0
960,1.5,-1.52,0,0
961,1.5,-1.5195,0,0
962,1.5,-1.519,0,0
963,1.5,-1.5185,0,0
964,1.5,-1.518,0,0
965,1.5,-1.5175,0,0
966,1.5,-1.517,0,0
967,1.5,-1.5165,0,0
968,1.5,-1.516,0,0
969,1.5,-1.5155,0,0
970,1.5,-1.515,0,0
971,1.5,-1.5145,0,0
972,1.5,-1.514,0,0
973,1.5,-1.5135,0,0
974,1.5,-1.513,0,0
975,1.5,-1.5125,0,0
976,1.5,-1.512,0,0
977,1.5,-1.5115,0,0
978,1.5,-1.511,0,0
979,1.5,-1.5105,0,0
980,1.5,-1.51,0,0
981,1.5,-1.5095,0,0
982,1.5,-1.509,0,0
983,1.5,-1.5085,0,0
984,1.5,-1.508,0,0
985,1.5,-1.5075,0,0
986,1.5,-1.507,0,0
987,1.5,-1.5065,0,0
988,1.5,-1.506,0,0
989,1.5,-1.5055,0,0
990,1.5,-1.505,0,0
991,1.5,-1.5045,0,0
992,1.5,-1.504,0,0
993,1.5,-1.5035,0,0
994,1.5,-1.503,0,0
995,1.5,-1.5025,0,0
996,1.5,-1.502,0,0
997,1.5,-1.5015,0,0
998,1.5,-1.501,0,0
999,1.5,-1.5005,0,0
1000,1.5,-1.5,0,0
1001,1.5,-1.4995,0,0
1002,1.5,-1.499,0,0
1003,1.5,-1.4985,0,0
1004,1.5,-1.498,0,0
1005,1.5,-1.4975,0,0
1006,1.5,-1.497,0,0
1007,1.5,-1.4965,0,0
1008,1.5,-1.496,0,0
1009,1.5,-1.4955,0,0
1010,1.5,-1.495,0,0
1011,1.5,-1.4945,0,0
1012,1.5,-1.494,0,0
1013,1.5,-1.4935,0,0
1014,1.5,-1.493,0,0
1015,1.5,-1.4925,0,0
1016,1.5,-1.492,0,0
1017,1.5,-1.4915,0,0
1018,1.5,-1.491,0,0
1019,1.5,-1.4905,0,0
1020,1.5,-1.49,0,0
1021,1.5,-1.4895,0,0
1022,1.5,-1.489,0,0
1023,1.5,-1.4885,0,0
1024,1.5,-1.488,0,0
1025,1.5,-1.4875,0,0
1026,1.5,-1.487,0,0
1027,1.5,-1.4865,0,0
1028,1.5,-1.486,0,0
1029,1.5,-1.4855,0,0
1030,1.5,-1.485,0,0
1031,1.5,-1.4845,0,0
1032,1.5,-1.484,0,0
1033,1.5,-1.4835,0,0
1034,1.5,-1.483,0,0
1035,1.5,-1.4825,0,0
1036,1.5,-1.482,0,0
1037,1.5,-1.4815,0,0
1038,1.5,-1.481,0,0
1039,1.5,-1.4805,0,0
1040,1.5,-1.48,0,0
1041,1.5,-1.4795,0,0
1042,1.5,-1.479,0,0
1043,1.5,-1.4785,0,0
1044,1.5,-1.478,0,0
1045,1.5,-1.4775,0,0
1046,1.5,-1.477,0,0
1047,1.5,-1.4765,0,0
1048,1.5,-1.476,0,0
1049,1.5,-1.4755,0,0
1050,1.5,-1.475,0,0
1051,1.5,-1.4745,0,0
1052,1.5,-1.474,0,0
1053,1.5,-1.4735,0,0
1054,1.5,-1.473,0,0
1055,1.5,-1.4725,0,0
1056,1.5,-1.472,0,0
1057,1.5,-1.4715,0,0
1058,1.5,-1.471,0,0
1059,1.5,-1.4705,0,0
1060,1.5,-1.47,0,0
1061,1.5,-1.4695,0,0
1062,1.5,-1.469,0,0
1063,1.5,-1.4685,0,0
1064,1.5,-1.468,0,0
1065,1.5,-1.4675,0,0
1066,1.5,-1.467,0,0
1067,1.5,-1.4665,0,0
1068,1.5,-1.466,0,0
1069,1.5,-1.4655,0,0
1070,1.5,-1.465,0,0
1071,1.5,-1.4645,0,0
1072,1.5,-1.464,0,0
1073,1.5,-1.4635,0,0
1074,1.5,-1.463,0,0
1075,1.5,-1.4625,0,0
1076,1.5,-1.462,0,0
1077,1.5,-1.4615,0,0
1078,1.5,-1.461,0,0
1079,1.5,-1.4605,0,0
1080,1.5,-1.46,0,0
1081,1.5,-1.4595,0,0
1082,1.5,-1.459,0,0
1083,1.5,-1.4585,0,0
1084,1.5,-1.458,0,0
1085,1.5,-1.4575,0,0
1086,1.5,-1.457,0,0
1087,1.5,-1.4565,0,0
1088,1.5,-1.456,0,0
1089,1.5,-1.4555,0,0
1090,1.5,-1.455,0,0
1091,1.5,-1.4545,0,0
1092,1.5,-1.454,0,0
1093,1.5,-1.4535,0,0
1094,1.5,-1.453,0,0
1095,1.5,-1.4525,0,0
1096,1.5,-1.452,0,0
1097,1.5,-1.4515,0,0
1098,1.5,-1.451,0,0
1099,1.5,-1.4505,0,0
1100,1.5,-1.45,0,0
1101,1.5,-1.4495,0,0
1102,1.5,-1.449,0,0
1103,1.5,-1.4485,0,0
1104,1.5,-1.448,0,0
1105,1.5,-1.4475,0,0
1106,1.5,-1.447,0,0
1107,1.5,-1.4465,0,0
1108,1.5,-1.446,0,0
1109,1.5,-1.4455,0,0
1110,1.5,-1.445,0,0
1111,1.5,-1.4445,0,0
1112,1.5,-1.444,0,0
1113,1.5,-1.4435,0,0
1114,1.5,-1.443,0,0
1115,1.5,-1.4425,0,0
1116,1.5,-1.442,0,0
1117,1.5,-1.4415,0,0
1118,1.5,-1.441,0,0
1119,1.5,-1.4405,0,0
1120,1.5,-1.44,0,0
1121,1.5,-1.4395,0,0
1122,1.5,-1.439,0,0
1123,1.5,-1.4385,0,0
1124,1.5,-1.438,0,0
1125,1.5,-1.4375,0,0
1126,1.5,-1.437,0,0
1127,1.5,-1.4365,0,0
1128,1.5,-1.436,0,0
1129,1.5,-1.4355,0,0
1130,1.5,-1.435,0,0
1131,1.5,-1.4345,0,0
1132,1.5,-1.434,0,0
1133,1.5,-1.4335,0,0
1134,1.5,-1.433,0,0
1135,1.5,-1.4325,0,0
1136,1.5,-1.432,0,0
1137,1.5,-1.4315,0,0
1138,1.5,-1.431,0,0
1139,1.5,-1.4305,0,0
1140,1.5,-1.43,0,0
1141,1.5,-1.4295,0,0
1142,1.5,-1.429,0,0
1143,1.5,-1.4285,0,0
1144,1.5,-1.428,0,0
1145,1.5,-1.4275,0,0
1146,1.5,-1.427,0,0
1147,1.5,-1.4265,0,0
1148,1.5,-1.426,0,0
1149,1.5,-1.4255,0,0
1150,1.5,-1.425,0,0
1151,1.5,-1.4245,0,0
1152,1.5,-1.424,0,0
1153,1.5,-1.4235,0,0
1154,1.5,-1.423,0,0
1155,1.5,-1.4225,0,0
1156,1.5,-1.422,0,0
1157,1.5,-1.4215,0,0
1158,1.5,-1.421,0,0
1159,1.5,-1.4205,0,0
1160,1.5,-1.42,0,0
1161,1.5,-1.4195,0,0
1162,1.5,-1.419,0,0
1163,1.5,-1.4185,0,0
1164,1.5,-1.418,0,0
1165,1.5,-1.4175,0,0
1166,1.5,-1.417,0,0
1167,1.5,-1.4165,0,0
1168,1.5,-1.416,0,0
1169,1.5,-1.4155,0,0
1170,1.5,-1.415,0,0
1171,1.5,-1.4145,0,0
1172,1.5,-1.414,0,0
1173,1.5,-1.4135,0,0
1174,1.5,-1.413,0,0
1175,1.5,-1.4125,0,0
1176,1.5,-1.412,0,0
1177,1.5,-1.4115,0,0
1178,1.5,-1.411,0,0
1179,1.5,-1.4105,0,0
1180,1.5,-1.41,0,0
1181,1.5,-1.4095,0,0
1182,1.5,-1.409,0,0
1183,1.5,-1.4085,0,0
1184,1.5,-1.408,0,0
1185,1.5,-1.4075,0,0
1186,1.5,-1.407,0,0
1187,1.5,-1.4065,0,0
1188,1.5,-1.406,0,0
1189,1.5,-1.4055,0,0
1190,1.5,-1.405,0,0
1191,1.5,-1.4045,0,0
1192,1.5,-1.404,0,0
1193,1.5,-1.4035,0,0
1194,1.5,-1.403,0,0
1195,1.5,-1.4025,0,0
1196,1.5,-1.402,0,0
1197,1.5,-1.4015,0,0
1198,1.5,-1.401,0,0
1199,1.5,-1.4005,0,0
1200,1.5,-1.4,0,0
1201,1.5,-1.3995,0,0
1202,1.5,-1.399,0,0
1203,1.5,-1.3985,0,0
1204,1.5,-1.398,0,0
1205,1.5,-1.3975,0,0
1206,1.5,-1.397,0,0
1207,1.5,-1.3965,0,0
1208,1.5,-1.396,0,0
1209,1.5,-1.3955,0,0
1210,1.5,-1.395,0,0
1211,1.5,-1.3945,0,0
1212,1.5,-1.394,0,0
1213,1.5,-1.3935,0,0
1214,1.5,-1.393,0,0
1215,1.5,-1.3925,0,0
1216,1.5,-1.392,0,0
1217,1.5,-1.3915,0,0
1218,1.5,-1.391,0,0
1219,1.5,-1.3905,0,0
1220,1.5,-1.39,0,0
1221,1.5,-1.3895,0,0
1222,1.5,-1.389,0,0
1223,1.5,-1.3885,0,0
1224,1.5,-1.388,0,0
1225,1.5,-1.3875,0,0
1226,1.5,-1.387,0,0
1227,1.5,-1.3865,0,0
1228,1.5,-1.386,0,0
1229,1.5,-1.3855,0,0
1230,1.5,-1.385,0,0
1231,1.5,-1.3845,0,0
1232,1.5,-1.384,0,0
1233,1.5,-1.3835,0,0
1234,1.5,-1.383,0,0
1235,1.5,-1.3825,0,0
1236,1.5,-1.382,0,0
1237,1.5,-1.3815,0,0
1238,1.5,-1.381,0,0
1239,1.5,-1.3805,0,0
1240,1.5,-1.38,0,0
1241,1.5,-1.3795,0,0
1242,1.5,-1.379,0,0
1243,1.5,-1.3785,0,0
1244,1.5,-1.378,0,0
1245,1.5,-1.3775,0,0
1246,1.5,-1.377,0,0
1247,1.5,-1.3765,0,0
1248,1.5,-1.376,0,0
1249,1.5,-1.3755,0,0
1250,1.5,-1.375,0,0
1251,1.5,-1.3745,0,0
1252,1.5,-1.374,0,0
1253,1.5,-1.3735,0,0
1254,1.5,-1.373,0,0
1255,1.5,-1.3725,0,0
1256,1.5,-1.372,0,0
1257,1.5,-1.3715,0,0
1258,1.5,-1.371,0,0
1259,1.5,-1.3705,0,0
1260,1.5,-1.37,0,0
1261,1.5,-1.3695,0,0
1262,1.5,-1.369,0,0
1263,1.5,-1.3685,0,0
1264,1.5,-1.368,0,0
1265,1.5,-1.3675,0,0
1266,1.5,-1.367,0,0
1267,1.5,-1.3665,0,0
1268,1.5,-1.366,0,0
1269,1.5,-1.3655,0,0
1270,1.5,-1.365,0,0
1271,1.5,-1.3645,0,0
1272,1.5,-1.364,0,0
1273,1.5,-1.3635,0,0
1274,1.5,-1.363,0,0
1275,1.5,-1.3625,0,0
1276,1.5,-1.362,0,0
1277,1.5,-1.3615,0,0
1278,1.5,-1.361,0,0
1279,1.5,-1.3605,0,0
1280,1.5,-1.36,0,0
1281,1.5,-1.3595,0,0
1282,1.5,-1.359,0,0
1283,1.5,-1.3585,0,0
1284,1.5,-1.358,0,0
1285,1.5,-1.3575,0,0
1286,1.5,-1.357,0,0
1287,1.5,-1.3565,0,0
1288,1.5,-1.356,0,0
1289,1.5,-1.3555,0,0
1290,1.5,-1.355,0,0
1291,1.5,-1.3545,0,0
1292,1.5,-1.354,0,0
1293,1.5,-1.3535,0,0
1294,1.5,-1.353,0,0
1295,1.5,-1.3525,0,0
1296,1.5,-1.352,0,0
1297,1.5,-1.3515,0,0
1298,1.5,-1.351,0,0
1299,1.5,-1.3505,0,0
1300,1.5,-1.35,0,0
1301,1.5,-1.3495,0,0
1302,1.5,-1.349,0,0
1303,1.5,-1.3485,0,0
1304,1.5,-1.348,0,0
1305,1.5,-1.3475,0,0
1306,1.5,-1.347,0,0
1307,1.5,-1.3465,0,0
1308,1.5,-1.346,0,0
1309,1.5,-1.3455,0,0
1310,1.5,-1.345,0,0
1311,1.5,-1.3445,0,0
1312,1.5,-1.344,0,0
1313,1.5,-1.3435,0,0
1314,1.5,-1.343,0,0
1315,1.5,-1.3425,0,0
1316,1.5,-1.342,0,0
1317,1.5,-1.3415,0,0
1318,1.5,-1.341,0,0
1319,1.5,-1.3405,0,0
1320,1.5,-1.34,0,0
1321,1.5,-1.3395,0,0
1322,1.5,-1.339,0,0
1323,1.5,-1.3385,0,0
1324,1.5,-1.338,0,0
1325,1.5,-1.3375,0,0
1326,1.5,-1.337,0,0
1327,1.5,-1.3365,0,0
1328,1.5,-1.336,0,0
1329,1.5,-1.3355,0,0
1330,1.5,-1.335,0,0
1331,1.5,-1.3345,0,0
1332,1.5,-1.334,0,0
1333,1.5,-1.3335,0,0
1334,1.5,-1.333,0,0
1335,1.5,-1.3325,0,0
1336,1.5,-1.332,0,0
1337,1.5,-1.3315,0,0
1338,1.5,-1.331,0,0
1339,1.5,-1.3305,0,0
1340,1.5,-1.33,0,0
1341,1.5,-1.3295,0,0
1342,1.5,-1.329,0,0
1343,1.5,-1.3285,0,0
1344,1.5,-1.328,0,0
1345,1.5,-1.3275,0,0
1346,1.5,-1.327,0,0
1347,1.5,-1.3265,0,0
1348,1.5,-1.326,0,0
1349,1.5,-1.3255,0,0
1350,1.5,-1.325,0,0
1351,1.5,-1.3245,0,0
1352,1.5,-1.324,0,0
1353,1.5,-1.3235,0,0
1354,1.5,-1.323,0,0
1355,1.5,-1.3225,0,0
1356,1.5,-1.322,0,0
1357,1.5,-1.3215,0,0
1358,1.5,-1.321,0,0
1359,1.5,-1.3205,0,0
1360,1.5,-1.32,0,0
1361,1.5,-1.3195,0,0
1362,1.5,-1.319,0,0
1363,1.5,-1.3185,0,0
1364,1.5,-1.318,0,0
1365,1.5,-1.3175,0,0
1366,1.5,-1.317,0,0
1367,1.5,-1.3165,0,0
1368,1.5,-1.316,0,0
1369,1.5,-1.3155,0,0
1370,1.5,-1.315,0,0
1371,1.5,-1.3145,0,0
1372,1.5,-1.314,0,0
1373,1.5,-1.3135,0,0
1374,1.5,-1.313,0,0
1375,1.5,-1.3125,0,0
1376,1.5,-1.312,0,0
1377,1.5,-1.3115,0,0
1378,1.5,-1.311,0,0
1379,1.5,-1.3105,0,0
1380,1.5,-1.31,0,0
1381,1.5,-1.3095,0,0
1382,1.5,-1.309,0,0
1383,1.5,-1.3085,0,0
1384,1.5,-1.308,0,0
1385,1.5,-1.3075,0,0
1386,1.5,-1.307,0,0
1387,1.5,-1.3065,0,0
1388,1.5,-1.306,0,0
1389,1.5,-1.3055,0,0
1390,1.5,-1.305,0,0
1391,1.5,-1.3045,0,0
1392,1.5,-1.304,0,0
1393,1.5,-1.3035,0,0
1394,1.5,-1.303,0,0
1395,1.5,-1.3025,0,0
1396,1.5,-1.302,0,0
1397,1.5,-1.3015,0,0
1398,1.5,-1.301,0,0
1399,1.5,-1.3005,0,0
1400,1.5,-1.3,0,0
1401,1.5,-1.2995,0,0
1402,1.5,-1.299,0,0
1403,1.5,-1.2985,0,0
1404,1.5,-1.298,0,0
1405,1.5,-1.2975,0,0
1406,1.5,-1.297,0,0
1407,1.5,-1.2965,0,0
1408,1.5,-1.296,0,0
1409,1.5,-1.2955,0,0
1410,1.5,-1.295,0,0
1411,1.5,-1.2945,0,0
1412,1.5,-1.294,0,0
1413,1.5,-1.2935,0,0
1414,1.5,-1.293,0,0
1415,1.5,-1.2925,0,0
1416,1.5,-1.292,0,0
1417,1.5,-1.2915,0,0
1418,1.5,-1.291,0,0
1419,1.5,-1.2905,0,0
1420,1.5,-1.29,0,0
1421,1.5,-1.2895,0,0
1422,1.5,-1.289,0,0
1423,1.5,-1.2885,0,0
1424,1.5,-1.288,0,0
1425,1.5,-1.2875,0,0
1426,1.5,-1.287,0,0
1427,1.5,-1.2865,0,0
1428,1.5,-1.286,0,0
1429,1.5,-1.2855,0,0
1430,1.5,-1.285,0,0
1431,1.5,-1.2845,0,0
1432,1.5,-1.284,0,0
1433,1.5,-1.2835,0,0
1434,1.5,-1.283,0,0
1435,1.5,-1.2825,0,0
1436,1.5,-1.282,0,0
1437,1.5,-1.2815,0,0
1438,1.5,-1.281,0,0
1439,1.5,-1.2805,0,0
1440,1.5,-1.28,0,0
1441,1.5,-1.2795,0,0
1442,1.5,-1.279,0,0
1443,1.5,-1.2785,0,0
1444,1.5,-1.278,0,0
1445,1.5,-1.2775,0,0
1446,1.5,-1.277,0,0
1447,1.5,-1.2765,0,0
1448,1.5,-1.276,0,0
1449,1.5,-1.2755,0,0
1450,1.5,-1.275,0,0
1451,1.5,-1.2745,0,0
1452,1.5,-1.274,0,0
1453,1.5,-1.2735,0,0
1454,1.5,-1.273,0,0
1455,1.5,-1.2725,0,0
1456,1.5,-1.272,0,0
1457,1.5,-1.2715,0,0
1458,1.5,-1.271,0,0
1459,1.5,-1.2705,0,0
1460,1.5,-1.27,0,0
1461,1.5,-1.2695,0,0
1462,1.5,-1.269,0,0
1463,1.5,-1.2685,0,0
1464,1.5,-1.268,0,0
1465,1.5,-1.2675,0,0
1466,1.5,-1.267,0,0
1467,1.5,-1.2665,0,0
1468,1.5,-1.266,0,0
1469,1.5,-1.2655,0,0
1470,1.5,-1.265,0,0
1471,1.5,-1.2645,0,0
1472,1.5,-1.264,0,0
1473,1.5,-1.2635,0,0
1474,1.5,-1.263,0,0
1475,1.5,-1.2625,0,0
1476,1.5,-1.262,0,0
1477,1.5,-1.2615,0,0
1478,1.5,-1.261,0,0
1479,1.5,-1.2605,0,0
1480,1.5,-1.26,0,0
1481,1.5,-1.2595,0,0
1482,1.5,-1.259,0,0
1483,1.5,-1.2585,0,0
1484,1.5,-1.258,0,0
1485,1.5,-1.2575,0,0
1486,1.5,-1.257,0,0
1487,1.5,-1.2565,0,0
1488,1.5,-1.256,0,0
1489,1.5,-1.2555,0,0
1490,1.5,-1.255,0,0
1491,1.5,-1.2545,0,0
1492,1.5,-1.254,0,0
1493,1.5,-1.2535,0,0
1494,1.5,-1.253,0,0
1495,1.5,-1.2525,0,0
1496,1.5,-1.252,0,0
1497,1.5,-1.2515,0,0
1498,1.5,-1.251,0,0
1499,1.5,-1.2505,0,0
1500,1.5,-1.25,0,0
1501,1.5,-1.2495,0,0
1502,1.5,-1.249,0,0
1503,1.5,-1.2485,0,0
1504,1.5,-1.248,0,0
1505,1.5,-1.2475,0,0
1506,1.5,-1.247,0,0
1507,1.5,-1.2465,0,0
1508,1.5,-1.246,0,0
1509,1.5,-1.2455,0,0
1510,1.5,-1.245,0,0
1511,1.5,-1.2445,0,0
1512,1.5,-1.244,0,0
1513,1.5,-1.2435,0,0
1514,1.5,-1.243,0,0
1515,1.5,-1.2425,0,0
1516,1.5,-1.242,0,0
1517,1.5,-1.2415,0,0
1518,1.5,-1.241,0,0
1519,1.5,-1.2405,0,0
1520,1.5,-1.24,0,0
1521,1.5,-1.2395,0,0
1522,1.5,-1.239,0,0
1523,1.5,-1.2385,0,0
1524,1.5,-1.238,0,0
1525,1.5,-1.2375,0,0
1526,1.5,-1.237,0,0
1527,1.5,-1.2365,0,0
1528,1.5,-1.236,0,0
1529,1.5,-1.2355,0,0
1530,1.5,-1.235,0,0
1531,1.5,-1.2345,0,0
1532,1.5,-1.234,0,0
1533,1.5,-1.2335,0,0
1534,1.5,-1.233,0,0
1535,1.5,-1.2325,0,0
1536,1.5,-1.232,0,0
1537,1.5,-1.2315,0,0
1538,1.5,-1.231,0,0
1539,1.5,-1.2305,0,0
1540,1.5,-1.23,0,0
1541,1.5,-1.2295,0,0
1542,1.5,-1.229,0,0
1543,1.5,-1.2285,0,0
1544,1.5,-1.228,0,0
1545,1.5,-1.2275,0,0
1546,1.5,-1.227,0,0
1547,1.5,-1.2265,0,0
1548,1.5,-1.226,0,0
1549,1.5,-1.2255,0,0
1550,1.5,-1.225,0,0
1551,1.5,-1.2245,0,0
1552,1.5,-1.224,0,0
1553,1.5,-1.2235,0,0
1554,1.5,-1.223,0,0
1555,1.5,-1.2225,0,0
1556,1.5,-1.222,0,0
1557,1.5,-1.2215,0,0
1558,1.5,-1.221,0,0
1559,1.5,-1.2205,0,0
1560,1.5,-1.22,0,0
1561,1.5,-1.2195,0,0
1562,1.5,-1.219,0,0
1563,1.5,-1.2185,0,0
1564,1.5,-1.218,0,0
1565,1.5,-1.2175,0,0
1566,1.5,-1.217,0,0
1567,1.5,-1.2165,0,0
1568,1.5,-1.216,0,0
1569,1.5,-1.2155,0,0
1570,1.5,-1.215,0,0
1571,1.5,-1.2145,0,0
1572,1.5,-1.214,0,0
1573,1.5,-1.2135,0,0
1574,1.5,-1.213,0,0
1575,1.5,-1.2125,0,0
1576,1.5,-1.212,0,0
1577,1.5,-1.2115,0,0
1578,1.5,-1.211,0,0
1579,1.5,-1.2105,0,0
1580,1.5,-1.21,0,0
1581,1.5,-1.2095,0,0
1582,1.5,-1.209,0,0
1583,1.5,-1.2085,0,0
1584,1.5,-1.208,0,0
1585,1.5,-1.2075,0,0
1586,1.5,-1.207,0,0
1587,1.5,-1.2065,0,0
1588,1.5,-1.206,0,0
1589,1.5,-1.2055,0,0
1590,1.5,-1.205,0,0
1591,1.5,-1.2045,0,0
1592,1.5,-1.204,0,0
1593,1.5,-1.2035,0,0
1594,1.5,-1.203,0,0
1595,1.5,-1.2025,0,0
1596,1.5,-1.202,0,0
1597,1.5,-1.2015,0,0
1598,1.5,-1.201,0,0
1599,1.5,-1.2005,0,0
1600,1.5,-1.2,0,0
1601,1.5,-1.1995,0,0
1602,1.5,-1.199,0,0
1603,1.5,-1.1985,0,0
1604,1.5,-1.198,0,0
1605,1.5,-1.1975,0,0
1606,1.5,-1.197,0,0
1607,1.5,-1.1965,0,0
1608,1.5,-1.196,0,0
1609,1.5,-1.1955,0,0
1610,1.5,-1.195,0,0
1611,1.5,-1.1945,0,0
1612,1.5,-1.194,0,0
1613,1.5,-1.1935,0,0
1614,1.5,-1.193,0,0
1615,1.5,-1.1925,0,0
1616,1.5,-1.192,0,0
1617,1.5,-1.1915,0,0
1618,1.5,-1.191,0,0
1619,1.5,-1.1905,0,0
1620,1.5,-1.19,0,0
1621,1.5,-1.1895,0,0
1622,1.5,-1.189,0,0
1623,1.5,-1.1885,0,0
1624,1.5,-1.188,0,0
1625,1.5,-1.1875,0,0
1626,1.5,-1.187,0,0
1627,1.5,-1.1865,0,0
1628,1.5,-1.186,0,0
1629,1.5,-1.1855,0,0
1630,1.5,-1.185,0,0
1631,1.5,-1.1845,0,0
1632,1.5,-1.184,0,0
1633,1.5,-1.1835,0,0
1634,1.5,-1.183,0,0
1635,1.5,-1.1825,0,0
1636,1.5,-1.182,0,0
1637,1.5,-1.1815,0,0
1638,1.5,-1.181,0,0
1639,1.5,-1.1805,0,0
1640,1.5,-1.18,0,0
1641,1.5,-1.1795,0,0
1642,1.5,-1.179,0,0
1643,1.5,-1.1785,0,0
1644,1.5,-1.178,0,0
1645,1.5,-1.1775,0,0
1646,1.5,-1.177,0,0
1647,1.5,-1.1765,0,0
1648,1.5,-1.176,0,0
1649,1.5,-1.1755,0,0
1650,1.5,-1.175,0,0
1651,1.5,-1.1745,0,0
1652,1.5,-1.174,0,0
1653,1.5,-1.1735,0,0
1654,1.5,-1.173,0,0
1655,1.5,-1.1725,0,0
1656,1.5,-1.172,0,0
1657,1.5,-1.1715,0,0
1658,1.5,-1.171,0,0
1659,1.5,-1.1705,0,0
1660,1.5,-1.17,0,0
1661,1.5,-1.1695,0,0
1662,1.5,-1.169,0,0
1663,1.5,-1.1685,0,0
1664,1.5,-1.168,0,0
1665,1.5,-1.1675,0,0
1666,1.5,-1.167,0,0
1667,1.5,-1.1665,0,0
1668,1.5,-1.166,0,0
1669,1.5,-1.1655,0,0
1670,1.5,-1.165,0,0
1671,1.5,-1.1645,0,0
1672,1.5,-1.164,0,0
1673,1.5,-1.1635,0,0
1674,1.5,-1.163,0,0
1675,1.5,-1.1625,0,0
1676,1.5,-1.162,0,0
1677,1.5,-1.1615,0,0
1678,1.5,-1.161,0,0
1679,1.5,-1.1605,0,0
1680,1.5,-1.16,0,0
1681,1.5,-1.1595,0,0
1682,1.5,-1.159,0,0
1683,1.5,-1.1585,0,0
1684,1.5,-1.158,0,0
1685,1.5,-1.1575,0,0
1686,1.5,-1.157,0,0
1687,1.5,-1.1565,0,0
1688,1.5,-1.156,0,0
1689,1.5,-1.1555,0,0
1690,1.5,-1.155,0,0
1691,1.5,-1.1545,0,0
1692,1.5,-1.154,0,0
1693,1.5,-1.1535,0,0
1694,1.5,-1.153,0,0
1695,1.5,-1.1525,0,0
1696,1.5,-1.152,0,0
1697,1.5,-1.1515,0,0
1698,1.5,-1.151,0,0
1699,1.5,-1.1505,0,0
1700,1.5,-1.15,0,0
1701,1.5,-1.1495,0,0
1702,1.5,-1.149,0,0
1703,1.5,-1.1485,0,0
1704,1.5,-1.148,0,0
1705,1.5,-1.1475,0,0
1706,1.5,-1.147,0,0
1707,1.5,-1.1465,0,0
1708,1.5,-1.146,0,0
1709,1.5,-1.1455,0,0
1710,1.5,-1.145,0,0
1711,1.5,-1.1445,0,0
1712,1.5,-1.144,0,0
1713,1.5,-1.1435,0,0
1714,1.5,-1.143,0,0
1715,1.5,-1.1425,0,0
1716,1.5,-1.142,0,0
1717,1.5,-1.1415,0,0
1718,1.5,-1.141,0,0
1719,1.5,-1.1405,0,0
1720,1.5,-1.14,0,0
1721,1.5,-1.1395,0,0
1722,1.5,-1.139,0,0
1723,1.5,-1.1385,0,0
1724,1.5,-1.138,0,0
1725,1.5,-1.1375,0,0
1726,1.5,-1.137,0,0
1727,1.5,-1.1365,0,0
1728,1.5,-1.136,0,0
1729,1.5,-1.1355,0,0
1730,1.5,-1.135,0,0
1731,1.5,-1.1345,0,0
1732,1.5,-1.134,0,0
1733,1.5,-1.1335,0,0
1734,1.5,-1.133,0,0
1735,1.5,-1.1325,0,0
1736,1.5,-1.132,0,0
1737,1.5,-1.1315,0,0
1738,1.5,-1.131,0,0
1739,1.5,-1.1305,0,0
1740,1.5,-1.13,0,0
1741,1.5,-1.1295,0,0
1742,1.5,-1.129,0,0
1743,1.5,-1.1285,0,0
1744,1.5,-1.128,0,0
1745,1.5,-1.1275,0,0
1746,1.5,-1.127,0,0
1747,1.5,-1.1265,0,0
1748,1.5,-1.126,0,0
1749,1.5,-1.1255,0,0
1750,1.5,-1.125,0,0
1751,1.5,-1.1245,0,0
1752,1.5,-1.124,0,0
1753,1.5,-1.1235,0,0
1754,1.5,-1.123,0,0
1755,1.5,-1.1225,0,0
1756,1.5,-1.122,0,0
1757,1.5,-1.1215,0,0
1758,1.5,-1.121,0,0
1759,1.5,-1.1205,0,0
1760,1.5,-1.12,0,0
1761,1.5,-1.1195,0,0
1762,1.5,-1.119,0,0
1763,1.5,-1.1185,0,0
1764,1.5,-1.118,0,0
1765,1.5,-1.1175,0,0
1766,1.5,-1.117,0,0
1767,1.5,-1.1165,0,0
1768,1.5,-1.116,0,0
1769,1.5,-1.1155,0,0
1770,1.5,-1.115,0,0
1771,1.5,-1.1145,0,0
1772,1.5,-1.114,0,0
1773,1.5,-1.1135,0,0
1774,1.5,-1.113,0,0
1775,1.5,-1.1125,0,0
1776,1.5,-1.112,0,0
1777,1.5,-1.1115,0,0
1778,1.5,-1.111,0,0
1779,1.5,-1.1105,0,0
1780,1.5,-1.11,0,0
1781,1.5,-1.1095,0,0
1782,1.5,-1.109,0,0
1783,1.5,-1.1085,0,0
1784,1.5,-1.108,0,0
1785,1.5,-1.1075,0,0
1786,1.5,-1.107,0,0
1787,1.5,-1.1065,0,0
1788,1.5,-1.106,0,0
1789,1.5,-1.1055,0,0
1790,1.5,-1.105,0,0
1791,1.5,-1.1045,0,0
1792,1.5,-1.104,0,0
1793,1.5,-1.1035,0,0
1794,1.5,-1.103,0,0
1795,1.5,-1.1025,0,0
1796,1.5,-1.102,0,0
1797,1.5,-1.1015,0,0
1798,1.5,-1.101,0,0
1799,1.5,-1.1005,0,0
1800,1.5,-1.1,0,0
1801,1.5,-1.0995,0,0
1802,1.5,-1.099,0,0
1803,1.5,-1.0985,0,0
1804,1.5,-1.098,0,0
1805,1.5,-1.0975,0,0
1806,1.5,-1.097,0,0
1807,1.5,-1.0965,0,0
1808,1.5,-1.096,0,0
1809,1.5,-1.0955,0,0
1810,1.5,-1.095,0,0
1811,1.5,-1.0945,0,0
1812,1.5,-1.094,0,0
1813,1.5,-1.0935,0,0
1814,1.5,-1.093,0,0
1815,1.5,-1.0925,0,0
1816,1.5,-1.092,0,0
1817,1.5,-1.0915,0,0
1818,1.5,-1.091,0,0
1819,1.5,-1.0905,0,0
1820,1.5,-1.09,0,0
1821,1.5,-1.0895,0,0
1822,1.5,-1.089,0,0
1823,1.5,-1.0885,0,0
1824,1.5,-1.088,0,0
1825,1.5,-1.0875,0,0
1826,1.5,-1.087,0,0
1827,1.5,-1.0865,0,0
1828,1.5,-1.086,0,0
1829,1.5,-1.0855,0,0
1830,1.5,-1.085,0,0
1831,1.5,-1.0845,0,0
1832,1.5,-1.084,0,0
1833,1.5,-1.0835,0,0
1834,1.5,-1.083,0,0
1835,1.5,-1.0825,0,0
1836,1.5,-1.082,0,0
1837,1.5,-1.0815,0,0
1838,1.5,-1.081,0,0
1839,1.5,-1.0805,0,0
1840,1.5,-1.08,0,0
1841,1.5,-1.0795,0,0
1842,1.5,-1.079,0,0
1843,1.5,-1.0785,0,0
1844,1.5,-1.078,0,0
1845,1.5,-1.0775,0,0
1846,1.5,-1.077,0,0
1847,1.5,-1.0765,0,0
1848,1.5,-1.076,0,0
1849,1.5,-1.0755,0,0
1850,1.5,-1.075,0,0
1851,1.5,-1.0745,0,0
1852,1.5,-1.074,0,0
1853,1.5,-1.0735,0,0
1854,1.5,-1.073,0,0
1855,1.5,-1.0725,0,0
1856,1.5,-1.072,0,0
1857,1.5,-1.0715,0,0
1858,1.5,-1.071,0,0
1859,1.5,-1.0705,0,0
1860,1.5,-1.07,0,0
1861,1.5,-1.0695,0,0
1862,1.5,-1.069,0,0
1863,1.5,-1.0685,0,0
1864,1.5,-1.068,0,0
1865,1.5,-1.0675,0,0
1866,1.5,-1.067,0,0
1867,1.5,-1.0665,0,0
1868,1.5,-1.066,0,0
1869,1.5,-1.0655,0,0
1870,1.5,-1.065,0,0
1871,1.5,-1.0645,0,0
1872,1.5,-1.064,0,0
1873,1.5,-1.0635,0,0
1874,1.5,-1.063,0,0
1875,1.5,-1.0625,0,0
1876,1.5,-1.062,0,0
1877,1.5,-1.0615,0,0
1878,1.5,-1.061,0,0
1879,1.5,-1.0605,0,0
1880,1.5,-1.06,0,0
1881,1.5,-1.0595,0,0
1882,1.5,-1.059,0,0
1883,1.5,-1.0585,0,0
1884,1.5,-1.058,0,0
1885,1.5,-1.0575,0,0
1886,1.5,-1.057,0,0
1887,1.5,-1.0565,0,0
1888,1.5,-1.056,0,0
1889,1.5,-1.0555,0,0
1890,1.5,-1.055,0,0
1891,1.5,-1.0545,0,0
1892,1.5,-1.054,0,0
1893,1.5,-1.0535,0,0
1894,1.5,-1.053,0,0
1895,1.5,-1.0525,0,0
1896,1.5,-1.052,0,0
1897,1.5,-1.0515,0,0
1898,1.5,-1.051,0,0
1899,1.5,-1.0505,0,0
1900,1.5,-1.05,0,0
1901,1.5,-1.0495,0,0
1902,1.5,-1.049,0,0
1903,1.5,-1.0485,0,0
1904,1.5,-1.048,0,0
1905,1.5,-1.0475,0,0
1906,1.5,-1.047,0,0
1907,1.5,-1.0465,0,0
1908,1.5,-1.046,0,0
1909,1.5,-1.0455,0,0
1910,1.5,-1.045,0,0
1911,1.5,-1.0445,0,0
1912,1.5,-1.044,0,0
1913,1.5,-1.0435,0,0
1914,1.5,-1.043,0,0
1915,1.5,-1.0425,0,0
1916,1.5,-1.042,0,0
1917,1.5,-1.0415,0,0
1918,1.5,-1.041,0,0
1919,1.5,-1.0405,0,0
1920,1.5,-1.04,0,0
1921,1.5,-1.0395,0,0
1922,1.5,-1.039,0,0
1923,1.5,-1.0385,0,0
1924,1.5,-1.038,0,0
1925,1.5,-1.0375,0,0
1926,1.5,-1.037,0,0
1927,1.5,-1.0365,0,0
1928,1.5,-1.036,0,0
1929,1.5,-1.0355,0,0
1930,1.5,-1.035,0,0
1931,1.5,-1.0345,0,0
1932,1.5,-1.034,0,0
1933,1.5,-1.0335,0,0
1934,1.5,-1.033,0,0
1935,1.5,-1.0325,0,0
1936,1.5,-1.032,0,0
1937,1.5,-1.0315,0,0
1938,1.5,-1.031,0,0
1939,1.5,-1.0305,0,0
1940,1.5,-1.03,0,0
1941,1.5,-1.0295,0,0
1942,1.5,-1.029,0,0
1943,1.5,-1.0285,0,0
1944,1.5,-1.028,0,0
1945,1.5,-1.0275,0,0
1946,1.5,-1.027,0,0
1947,1.5,-1.0265,0,0
1948,1.5,-1.026,0,0
1949,1.5,-1.0255,0,0
1950,1.5,-1.025,0,0
1951,1.5,-1.0245,0,0
1952,1.5,-1.024,0,0
1953,1.5,-1.0235,0,0
1954,1.5,-1.023,0,0
1955,1.5,-1.0225,0,0
1956,1.5,-1.022,0,0
1957,1.5,-1.0215,0,0
1958,1.5,-1.021,0,0
1959,1.5,-1.0205,0,0
1960,1.5,-1.02,0,0
1961,1.5,-1.0195,0,0
1962,1.5,-1.019,0,0
1963,1.5,-1.0185,0,0
1964,1.5,-1.018,0,0
1965,1.5,-1.0175,0,0
1966,1.5,-1.017,0,0
1967,1.5,-1.0165,0,0
1968,1.5,-1.016,0,0
1969,1.5,-1.0155,0,0
1970,1.5,-1.015,0,0
1971,1.5,-1.0145,0,0
1972,1.5,-1.014,0,0
1973,1.5,-1.0135,0,0
1974,1.5,-1.013,0,0
1975,1.5,-1.0125,0,0
1976,1.5,-1.012,0,0
1977,1.5,-1.0115,0,0
1978,1.5,-1.011,0,0
1979,1.5,-1.0105,0,0
1980,1.5,-1.01,0,0
1981,1.5,-1.0095,0,0
1982,1.5,-1.009,0,0
1983,1.5,-1.0085,0,0
1984,1.5,-1.008,0,0
1985,1.5,-1.0075,0,0
1986,1.5,-1.007,0,0
1987,1.5,-1.0065,0,0
1988,1.5,-1.006,0,0
1989,1.5,-1.0055,0,0
1990,1.5,-1.005,0,0
1991,1.5,-1.0045,0,0
1992,1.5,-1.004,0,0
1993,1.5,-1.0035,0,0
1994,1.5,-1.003,0,0
1995,1.5,-1.0025,0,0
1996,1.5,-1.002,0,0
1997,1.5,-1.0015,0,0
1998,1.5,-1.001,0,0
1999,1.5,-1.0005,0,0
2000,1.5,-1,0,0
2001,1.5,-0.9995,0,0
2002,1.5,-0.999,0,0
2003,1.5,-0.9985,0,0
2004,1.5,-0.998,0,0
2005,1.5,-0.9975,0,0
2006,1.5,-0.997,0,0
2007,1.5,-0.9965,0,0
2008,1.5,-0.996,0,0
2009,1.5,-0.9955,0,0
2010,1.5,-0.995,0,0
2011,1.5,-0.9945,0,0
2012,1.5,-0.994,0,0
2013,1.5,-0.9935,0,0
2014,1.5,-0.993,0,0
2015,1.5,-0.9925,0,0
2016,1.5,-0.992,0,0
2017,1.5,-0.9915,0,0
2018,1.5,-0.991,0,0
2019,1.5,-0.9905,0,0
2020,1.5,-0.99,0,0
2021,1.5,-0.9895,0,0
2022,1.5,-0.989,0,0
2023,1.5,-0.9885,0,0
2024,1.5,-0.988,0,0
2025,1.5,-0.9875,0,0
2026,1.5,-0.987,0,0
2027,1.5,-0.9865,0,0
2028,1.5,-0.986,0,0
2029,1.5,-0.9855,0,0
2030,1.5,-0.985,0,0
2031,1.5,-0.9845,0,0
2032,1.5,-0.984,0,0
2033,1.5,-0.9835,0,0
2034,1.5,-0.983,0,0
2035,1.5,-0.9825,0,0
2036,1.5,-0.982,0,0
2037,1.5,-0.9815,0,0
2038,1.5,-0.981,0,0
2039,1.5,-0.9805,0,0
2040,1.5,-0.98,0,0
2041,1.5,-0.9795,0,0
2042,1.5,-0.979,0,0
2043,1.5,-0.9785,0,0
2044,1.5,-0.978,0,0
2045,1.5,-0.9775,0,0
2046,1.5,-0.977,0,0
2047,1.5,-0.9765,0,0
2048,1.5,-0.976,0,0
2049,1.5,-0.9755,0,0
2050,1.5,-0.975,0,0
2051,1.5,-0.9745,0,0
2052,1.5,-0.974,0,0
2053,1.5,-0.9735,0,0
2054,1.5,-0.973,0,0
2055,1.5,-0.9725,0,0
2056,1.5,-0.972,0,0
2057,1.5,-0.9715,0,0
2058,1.5,-0.971,0,0
2059,1.5,-0.9705,0,0
2060,1.5,-0.97,0,0
2061,1.5,-0.9695,0,0
2062,1.5,-0.969,0,0
2063,1.5,-0.9685,0,0
2064,1.5,-0.968,0,0
2065,1.5,-0.9675,0,0
2066,1.5,-0.967,0,0
2067,1.5,-0.9665,0,0
2068,1.5,-0.966,0,0
2069,1.5,-0.9655,0,0
2070,1.5,-0.965,0,0
2071,1.5,-0.9645,0,0
2072,1.5,-0.964,0,0
2073,1.5,-0.9635,0,0
2074,1.5,-0.963,0,0
2075,1.5,-0.9625,0,0
2076,1.5,-0.962,0,0
2077,1.5,-0.9615,0,0
2078,1.5,-0.961,0,0
2079,1.5,-0.9605,0,0
2080,1.5,-0.96,0,0
2081,1.5,-0.9595,0,0
2082,1.5,-0.959,0,0
2083,1.5,-0.9585,0,0
2084,1.5,-0.958,0,0
2085,1.5,-0.9575,0,0
2086,1.5,-0.957,0,0
2087,1.5,-0.9565,0,0
2088,1.5,-0.956,0,0
2089,1.5,-0.9555,0,0
2090,1.5,-0.955,0,0
2091,1.5,-0.9545,0,0
2092,1.5,-0.954,0,0
2093,1.5,-0.9535,0,0
2094,1.5,-0.953,0,0
2095,1.5,-0.9525,0,0
2096,1.5,-0.952,0,0
2097,1.5,-0.9515,0,0
2098,1.5,-0.951,0,0
2099,1.5,-0.9505,0,0
2100,1.5,-0.95,0,0
2101,1.5,-0.9495,0,0
2102,1.5,-0.949,0,0
2103,1.5,-0.9485,0,0
2104,1.5,-0.948,0,0
2105,1.5,-0.9475,0,0
2106,1.5,-0.947,0,0
2107,1.5,-0.9465,0,0
2108,1.5,-0.946,0,0
2109,1.5,-0.9455,0,0
2110,1.5,-0.945,0,0
2111,1.5,-0.9445,0,0
2112,1.5,-0.944,0,0
2113,1.5,-0.9435,0,0
2114,1.5,-0.943,0,0
2115,1.5,-0.9425,0,0
2116,1.5,-0.942,0,0
2117,1.5,-0.9415,0,0
2118,1.5,-0.941,0,0
2119,1.5,-0.9405,0,0
2120,1.5,-0.94,0,0
2121,1.5,-0.9395,0,0
2122,1.5,-0.939,0,0
2123,1.5,-0.9385,0,0
2124,1.5,-0.938,0,0
2125,1.5,-0.9375,0,0
2126,1.5,-0.937,0,0
2127,1.5,-0.9365,0,0
2128,1.5,-0.936,0,0
2129,1.5,-0.9355,0,0
2130,1.5,-0.935,0,0
2131,1.5,-0.9345,0,0
2132,1.5,-0.934,0,0
2133,1.5,-0.9335,0,0
2134,1.5,-0.933,0,0
2135,1.5,-0.9325,0,0
2136,1.5,-0.932,0,0
2137,1.5,-0.9315,0,0
2138,1.5,-0.931,0,0
2139,1.5,-0.9305,0,0
2140,1.5,-0.93,0,0
2141,1.5,-0.9295,0,0
2142,1.5,-0.929,0,0
2143,1.5,-0.9285,0,0
2144,1.5,-0.928,0,0
2145,1.5,-0.9275,0,0
2146,1.5,-0.927,0,0
2147,1.5,-0.9265,0,0
2148,1.5,-0.926,0,0
2149,1.5,-0.9255,0,0
2150,1.5,-0.925,0,0
2151,1.5,-0.9245,0,0
2152,1.5,-0.924,0,0
2153,1.5,-0.9235,0,0
2154,1.5,-0.923,0,0
2155,1.5,-0.9225,0,0
2156,1.5,-0.922,0,0
2157,1.5,-0.9215,0,0
2158,1.5,-0.921,0,0
2159,1.5,-0.9205,0,0
2160,1.5,-0.92,0,0
2161,1.5,-0.9195,0,0
2162,1.5,-0.919,0,0
2163,1.5,-0.9185,0,0
2164,1.5,-0.918,0,0
2165,1.5,-0.9175,0,0
2166,1.5,-0.917,0,0
2167,1.5,-0.9165,0,0
2168,1.5,-0.916,0,0
2169,1.5,-0.9155,0,0
2170,1.5,-0.915,0,0
2171,1.5,-0.9145,0,0
2172,1.5,-0.914,0,0
2173,1.5,-0.9135,0,0
2174,1.5,-0.913,0,0
2175,1.5,-0.9125,0,0
2176,1.5,-0.912,0,0
2177,1.5,-0.9115,0,0
2178,1.5,-0.911,0,0
2179,1.5,-0.9105,0,0
2180,1.5,-0.91,0,0
2181,1.5,-0.9095,0,0
2182,1.5,-0.909,0,0
2183,1.5,-0.9085,0,0
2184,1.5,-0.908,0,0
2185,1.5,-0.9075,0,0
2186,1.5,-0.907,0,0
2187,1.5,-0.9065,0,0
2188,1.5,-0.906,0,0
2189,1.5,-0.9055,0,0
2190,1.5,-0.905,0,0
2191,1.5,-0.9045,0,0
2192,1.5,-0.904,0,0
2193,1.5,-0.9035,0,0
2194,1.5,-0.903,0,0
2195,1.5,-0.9025,0,0
2196,1.5,-0.902,0,0
2197,1.5,-0.9015,0,0
2198,1.5,-0.901,0,0
2199,1.5,-0.9005,0,0
2200,1.5,-0.9,0,0
2201,1.5,-0.8995,0,0
2202,1.5,-0.899,0,0
2203,1.5,-0.8985,0,0
2204,1.5,-0.898,0,0
2205,1.5,-0.8975,0,0
2206,1.5,-0.897,0,0
2207,1.5,-0.8965,0,0
2208,1.5,-0.896,0,0
2209,1.5,-0.8955,0,0
2210,1.5,-0.895,0,0
2211,1.5,-0.8945,0,0
2212,1.5,-0.894,0,0
2213,1.5,-0.8935,0,0
2214,1.5,-0.893,0,0
2215,1.5,-0.8925,0,0
2216,1.5,-0.892,0,0
2217,1.5,-0.8915,0,0
2218,1.5,-0.891,0,0
2219,1.5,-0.8905,0,0
2220,1.5,-0.89,0,0
2221,1.5,-0.8895,0,0
2222,1.5,-0.889,0,0
2223,1.5,-0.8885,0,0
2224,1.5,-0.888,0,0
2225,1.5,-0.8875,0,0
2226,1.5,-0.887,0,0
2227,1.5,-0.8865,0,0
2228,1.5,-0.886,0,0
2229,1.5,-0.8855,0,0
2230,1.5,-0.885,0,0
2231,1.5,-0.8845,0,0
2232,1.5,-0.884,0,0
2233,1.5,-0.8835,0,0
2234,1.5,-0.883,0,0
2235,1.5,-0.8825,0,0
2236,1.5,-0.882,0,0
2237,1.5,-0.8815,0,0
2238,1.5,-0.881,0,0
2239,1.5,-0.8805,0,0
2240,1.5,-0.88,0,0
2241,1.5,-0.8795,0,0
2242,1.5,-0.879,0,0
2243,1.5,-0.8785,0,0
2244,1.5,-0.878,0,0
2245,1.5,-0.8775,0,0
2246,1.5,-0.877,0,0
2247,1.5,-0.8765,0,0
2248,1.5,-0.876,0,0
2249,1.5,-0.8755,0,0
2250,1.5,-0.875,0,0
2251,1.5,-0.8745,0,0
2252,1.5,-0.874,0,0
2253,1.5,-0.8735,0,0
2254,1.5,-0.873,0,0
2255,1.5,-0.8725,0,0
2256,1.5,-0.872,0,0
2257,1.5,-0.8715,0,0
2258,1.5,-0.871,0,0
2259,1.5,-0.8705,0,0
2260,1.5,-0.87,0,0
2261,1.5,-0.8695,0,0
2262,1.5,-0.869,0,0
2263,1.5,-0.8685,0,0
2264,1.5,-0.868,0,0
2265,1.5,-0.8675,0,0
2266,1.5,-0.867,0,0
2267,1.5,-0.8665,0,0
2268,1.5,-0.866,0,0
2269,1.5,-0.8655,0,0
2270,1.5,-0.865,0,0
2271,1.5,-0.8645,0,0
2272,1.5,-0.864,0,0
2273,1.5,-0.8635,0,0
2274,1.5,-0.863,0,0
2275,1.5,-0.8625,0,0
2276,1.5,-0.862,0,0
2277,1.5,-0.8615,0,0
2278,1.5,-0.861,0,0
2279,1.5,-0.8605,0,0
2280,1.5,-0.86,0,0
2281,1.5,-0.8595,0,0
2282,1.5,-0.859,0,0
2283,1.5,-0.8585,0,0
2284,1.5,-0.858,0,0
2285,1.5,-0.8575,0,0
2286,1.5,-0.857,0,0
2287,1.5,-0.8565,0,0
2288,1.5,-0.856,0,0
2289,1.5,-0.8555,0,0
2290,1.5,-0.855,0,0
2291,1.5,-0.8545,0,0
2292,1.5,-0.854,0,0
2293,1.5,-0.8535,0,0
2294,1.5,-0.853,0,0
2295,1.5,-0.8525,0,0
2296,1.5,-0.852,0,0
2297,1.5,-0.8515,0,0
2298,1.5,-0.851,0,0
2299,1.5,-0.8505,0,0
2300,1.5,-0.85,0,0
2301,1.5,-0.8495,0,0
2302,1.5,-0.849,0,0
2303,1.5,-0.8485,0,0
2304,1.5,-0.848,0,0
2305,1.5,-0.8475,0,0
2306,1.5,-0.847,0,0
2307,1.5,-0.8465,0,0
2308,1.5,-0.846,0,0
2309,1.5,-0.8455,0,0
2310,1.5,-0.845,0,0
2311,1.5,-0.8445,0,0
2312,1.5,-0.844,0,0
2313,1.5,-0.8435,0,0
2314,1.5,-0.843,0,0
2315,1.5,-0.8425,0,0
2316,1.5,-0.842,0,0
2317,1.5,-0.8415,0,0
2318,1.5,-0.841,0,0
2319,1.5,-0.8405,0,0
2320,1.5,-0.84,0,0
2321,1.5,-0.8395,0,0
2322,1.5,-0.839,0,0
2323,1.5,-0.8385,0,0
2324,1.5,-0.838,0,0
2325,1.5,-0.8375,0,0
2326,1.5,-0.837,0,0
2327,1.5,-0.8365,0,0
2328,1.5,-0.836,0,0
2329,1.5,-0.8355,0,0
2330,1.5,-0.835,0,0
2331,1.5,-0.8345,0,0
2332,1.5,-0.834,0,0
2333,1.5,-0.8335,0,0
2334,1.5,-0.833,0,0
2335,1.5,-0.8325,0,0
2336,1.5,-0.832,0,0
2337,1.5,-0.8315,0,0
2338,1.5,-0.831,0,0
2339,1.5,-0.8305,0,0
2340,1.5,-0.83,0,0
2341,1.5,-0.8295,0,0
2342,1.5,-0.829,0,0
2343,1.5,-0.8285,0,0
2344,1.5,-0.828,0,0
2345,1.5,-0.8275,0,0
2346,1.5,-0.827,0,0
2347,1.5,-0.8265,0,0
2348,1.5,-0.826,0,0
2349,1.5,-0.8255,0,0
2350,1.5,-0.825,0,0
2351,1.5,-0.8245,0,0
2352,1.5,-0.824,0,0
2353,1.5,-0.8235,0,0
2354,1.5,-0.823,0,0
2355,1.5,-0.8225,0,0
2356,1.5,-0.822,0,0
2357,1.5,-0.8215,0,0
2358,1.5,-0.821,0,0
2359,1.5,-0.8205,0,0
2360,1.5,-0.82,0,0
2361,1.5,-0.8195,0,0
2362,1.5,-0.819,0,0
2363,1.5,-0.8185,0,0
2364,1.5,-0.818,0,0
2365,1.5,-0.8175,0,0
2366,1.5,-0.817,0,0
2367,1.5,-0.8165,0,0
2368,1.5,-0.816,0,0
2369,1.5,-0.8155,0,0
2370,1.5,-0.815,0,0
2371,1.5,-0.8145,0,0
2372,1.5,-0.814,0,0
2373,1.5,-0.8135,0,0
2374,1.5,-0.813,0,0
2375,1.5,-0.8125,0,0
2376,1.5,-0.812,0,0
2377,1.5,-0.8115,0,0
2378,1.5,-0.811,0,0
2379,1.5,-0.8105,0,0
2380,1.5,-0.81,0,0
2381,1.5,-0.8095,0,0
2382,1.5,-0.809,0,0
2383,1.5,-0.8085,0,0
2384,1.5,-0.808,0,0
2385,1.5,-0.8075,0,0
2386,1.5,-0.807,0,0
2387,1.5,-0.8065,0,0
2388,1.5,-0.806,0,0
2389,1.5,-0.8055,0,0
2390,1.5,-0.805,0,0
2391,1.5,-0.8045,0,0
2392,1.5,-0.804,0,0
2393,1.5,-0.8035,0,0
2394,1.5,-0.803,0,0
2395,1.5,-0.8025,0,0
2396,1.5,-0.802,0,0
2397,1.5,-0.8015,0,0
2398,1.5,-0.801,0,0
2399,1.5,-0.8005,0,0
2400,1.5,-0.8,0,0
2401,1.5,-0.7995,0,0
2402,1.5,-0.799,0,0
2403,1.5,-0.7985,0,0
2404,1.5,-0.798,0,0
2405,1.5,-0.7975,0,0
2406,1.5,-0.797,0,0
2407,1.5,-0.7965,0,0
2408,1.5,-0.796,0,0
2409,1.5,-0.7955,0,0
2410,1.5,-0.795,0,0
2411,1.5,-0.7945,0,0
2412,1.5,-0.794,0,0
2413,1.5,-0.7935,0,0
2414,1.5,-0.793,0,0
2415,1.5,-0.7925,0,0
2416,1.5,-0.792,0,0
2417,1.5,-0.7915,0,0
2418,1.5,-0.791,0,0
2419,1.5,-0.7905,0,0
2420,1.5,-0.79,0,0
2421,1.5,-0.7895,0,0
2422,1.5,-0.789,0,0
2423,1.5,-0.7885,0,0
2424,1.5,-0.788,0,0
2425,1.5,-0.7875,0,0
2426,1.5,-0.787,0,0
2427,1.5,-0.7865,0,0
2428,1.5,-0.786,0,0
2429,1.5,-0.7855,0,0
2430,1.5,-0.785,0,0
2431,1.5,-0.7845,0,0
2432,1.5,-0.784,0,0
2433,1.5,-0.7835,0,0
2434,1.5,-0.783,0,0
2435,1.5,-0.7825,0,0
2436,1.5,-0.782,0,0
2437,1.5,-0.7815,0,0
2438,1.5,-0.781,0,0
2439,1.5,-0.7805,0,0
2440,1.5,-0.78,0,0
2441,1.5,-0.7795,0,0
2442,1.5,-0.779,0,0
2443,1.5,-0.7785,0,0
2444,1.5,-0.778,0,0
2445,1.5,-0.7775,0,0
2446,1.5,-0.777,0,0
2447,1.5,-0.7765,0,0
2448,1.5,-0.776,0,0
2449,1.5,-0.7755,0,0
2450,1.5,-0.775,0,0
2451,1.5,-0.7745,0,0
2452,1.5,-0.774,0,0
2453,1.5,-0.7735,0,0
2454,1.5,-0.773,0,0
2455,1.5,-0.7725,0,0
2456,1.5,-0.772,0,0
2457,1.5,-0.7715,0,0
2458,1.5,-0.771,0,0
2459,1.5,-0.7705,0,0
2460,1.5,-0.77,0,0
2461,1.5,-0.7695,0,0
2462,1.5,-0.769,0,0
2463,1.5,-0.7685,0,0
2464,1.5,-0.768,0,0
2465,1.5,-0.7675,0,0
2466,1.5,-0.767,0,0
2467,1.5,-0.7665,0,0
2468,1.5,-0.766,0,0
2469,1.5,-0.7655,0,0
2470,1.5,-0.765,0,0
2471,1.5,-0.7645,0,0
2472,1.5,-0.764,0,0
2473,1.5,-0.7635,0,0
2474,1.5,-0.763,0,0
2475,1.5,-0.7625,0,0
2476,1.5,-0.762,0,0
2477,1.5,-0.7615,0,0
2478,1.5,-0.761,0,0
2479,1.5,-0.7605,0,0
2480,1.5,-0.76,0,0
2481,1.5,-0.7595,0,0
2482,1.5,-0.759,0,0
2483,1.5,-0.7585,0,0
2484,1.5,-0.758,0,0
2485,1.5,-0.7575,0,0
2486,1.5,-0.757,0,0
2487,1.5,-0.7565,0,0
2488,1.5,-0.756,0,0
2489,1.5,-0.7555,0,0
2490,1.5,-0.755,0,0
2491,1.5,-0.7545,0,0
2492,1.5,-0.754,0,0
2493,1.5,-0.7535,0,0
2494,1.5,-0.753,0,0
2495,1.5,-0.7525,0,0
2496,1.5,-0.752,0,0
2497,1.5,-0.7515,0,0
2498,1.5,-0.751,0,0
2499,1.5,-0.7505,0,0
2500,1.5,-0.75,0,0
2501,1.5,-0.7495,0,0
2502,1.5,-0.749,0,0
2503,1.5,-0.7485,0,0
2504,1.5,-0.748,0,0
2505,1.5,-0.7475,0,0
2506,1.5,-0.747,0,0
2507,1.5,-0.7465,0,0
2508,1.5,-0.746,0,0
2509,1.5,-0.7455,0,0
2510,1.5,-0.745,0,0
2511,1.5,-0.7445,0,0
2512,1.5,-0.744,0,0
2513,1.5,-0.7435,0,0
2514,1.5,-0.743,0,0
2515,1.5,-0.7425,0,0
2516,1.5,-0.742,0,0
2517,1.5,-0.7415,0,0
2518,1.5,-0.741,0,0
2519,1.5,-0.7405,0,0
2520,1.5,-0.74,0,0
2521,1.5,-0.7395,0,0
2522,1.5,-0.739,0,0
2523,1.5,-0.7385,0,0
2524,1.5,-0.738,0,0
2525,1.5,-0.7375,0,0
2526,1.5,-0.737,0,0
2527,1.5,-0.7365,0,0
2528,1.5,-0.736,0,0
2529,1.5,-0.7355,0,0
2530,1.5,-0.735,0,0
2531,1.5,-0.7345,0,0
2532,1.5,-0.734,0,0
2533,1.5,-0.7335,0,0
2534,1.5,-0.733,0,0
2535,1.5,-0.7325,0,0
2536,1.5,-0.732,0,0
2537,1.5,-0.7315,0,0
2538,1.5,-0.731,0,0
2539,1.5,-0.7305,0,0
2540,1.5,-0.73,0,0
2541,1.5,-0.7295,0,0
2542,1.5,-0.729,0,0
2543,1.5,-0.7285,0,0
2544,1.5,-0.728,0,0
2545,1.5,-0.7275,0,0
2546,1.5,-0.727,0,0
2547,1.5,-0.7265,0,0
2548,1.5,-0.726,0,0
2549,1.5,-0.7255,0,0
2550,1.5,-0.725,0,0
2551,1.5,-0.7245,0,0
2552,1.5,-0.724,0,0
2553,1.5,-0.7235,0,0
2554,1.5,-0.723,0,0
2555,1.5,-0.7225,0,0
2556,1.5,-0.722,0,0
2557,1.5,-0.7215,0,0
2558,1.5,-0.721,0,0
2559,1.5,-0.7205,0,0
2560,1.5,-0.72,0,0
2561,1.5,-0.7195,0,0
2562,1.5,-0.719,0,0
2563,1.5,-0.7185,0,0
2564,1.5,-0.718,0,0
2565,1.5,-0.7175,0,0
2566,1.5,-0.717,0,0
2567,1.5,-0.7165,0,0
2568,1.5,-0.716,0,0
2569,1.5,-0.7155,0,0
2570,1.5,-0.715,0,0
2571,1.5,-0.7145,0,0
2572,1.5,-0.714,0,0
2573,1.5,-0.7135,0,0
2574,1.5,-0.713,0,0
2575,1.5,-0.7125,0,0
2576,1.5,-0.712,0,0
2577,1.5,-0.7115,0,0
2578,1.5,-0.711,0,0
2579,1.5,-0.7105,0,0
2580,1.5,-0.71,0,0
2581,1.5,-0.7095,0,0
2582,1.5,-0.709,0,0
2583,1.5,-0.7085,0,0
2584,1.5,-0.708,0,0
2585,1.5,-0.7075,0,0
2586,1.5,-0.707,0,0
2587,1.5,-0.7065,0,0
2588,1.5,-0.706,0,0
2589,1.5,-0.7055,0,0
2590,1.5,-0.705,0,0
2591,1.5,-0.7045,0,0
2592,1.5,-0.704,0,0
2593,1.5,-0.7035,0,0
2594,1.5,-0.703,0,0
2595,1.5,-0.7025,0,0
2596,1.5,-0.702,0,0
2597,1.5,-0.7015,0,0
2598,1.5,-0.701,0,0
2599,1.5,-0.7005,0,0
2600,1.5,-0.7,0,0
2601,1.5,-0.6995,0,0
2602,1.5,-0.699,0,0
2603,1.5,-0.6985,0,0
2604,1.5,-0.698,0,0
2605,1.5,-0.6975,0,0
2606,1.5,-0.697,0,0
2607,1.5,-0.6965,0,0
2608,1.5,-0.696,0,0
2609,1.5,-0.6955,0,0
2610,1.5,-0.695,0,0
2611,1.5,-0.6945,0,0
2612,1.5,-0.694,0,0
2613,1.5,-0.6935,0,0
2614,1.5,-0.693,0,0
2615,1.5,-0.6925,0,0
2616,1.5,-0.692,0,0
2617,1.5,-0.6915,0,0
2618,1.5,-0.691,0,0
2619,1.5,-0.6905,0,0
2620,1.5,-0.69,0,0
2621,1.5,-0.6895,0,0
2622,1.5,-0.689,0,0
2623,1.5,-0.6885,0,0
2624,1.5,-0.688,0,0
2625,1.5,-0.6875,0,0
2626,1.5,-0.687,0,0
2627,1.5,-0.6865,0,0
2628,1.5,-0.686,0,0
2629,1.5,-0.6855,0,0
2630,1.5,-0.685,0,0
2631,1.5,-0.6845,0,0
2632,1.5,-0.684,0,0
2633,1.5,-0.6835,0,0
2634,1.5,-0.683,0,0
2635,1.5,-0.6825,0,0
2636,1.5,-0.682,0,0
2637,1.5,-0.6815,0,0
2638,1.5,-0.681,0,0
2639,1.5,-0.6805,0,0
2640,1.5,-0.68,0,0
2641,1.5,-0.6795,0,0
2642,1.5,-0.679,0,0
2643,1.5,-0.6785,0,0
2644,1.5,-0.678,0,0
2645,1.5,-0.6775,0,0
2646,1.5,-0.677,0,0
2647,1.5,-0.6765,0,0
2648,1.5,-0.676,0,0
2649,1.5,-0.6755,0,0
2650,1.5,-0.675,0,0
2651,1.5,-0.6745,0,0
2652,1.5,-0.674,0,0
2653,1.5,-0.6735,0,0
2654,1.5,-0.673,0,0
2655,1.5,-0.6725,0,0
2656,1.5,-0.672,0,0
2657,1.5,-0.6715,0,0
2658,1.5,-0.671,0,0
2659,1.5,-0.6705,0,0
2660,1.5,-0.67,0,0
2661,1.5,-0.6695,0,0
2662,1.5,-0.669,0,0
2663,1.5,-0.6685,0,0
2664,1.5,-0.668,0,0
2665,1.5,-0.6675,0,0
2666,1.5,-0.667,0,0
2667,1.5,-0.6665,0,0
2668,1.5,-0.666,0,0
2669,1.5,-0.6655,0,0
2670,1.5,-0.665,0,0
2671,1.5,-0.6645,0,0
2672,1.5,-0.664,0,0
2673,1.5,-0.6635,0,0
2674,1.5,-0.663,0,0
2675,1.5,-0.6625,0,0
2676,1.5,-0.662,0,0
2677,1.5,-0.6615,0,0
2678,1.5,-0.661,0,0
2679,1.5,-0.6605,0,0
2680,1.5,-0.66,0,0
2681,1.5,-0.6595,0,0
2682,1.5,-0.659,0,0
2683,1.5,-0.6585,0,0
2684,1.5,-0.658,0,0
2685,1.5,-0.6575,0,0
2686,1.5,-0.657,0,0
2687,1.5,-0.6565,0,0
2688,1.5,-0.656,0,0
2689,1.5,-0.6555,0,0
2690,1.5,-0.655,0,0
2691,1.5,-0.6545,0,0
2692,1.5,-0.654,0,0
2693,1.5,-0.6535,0,0
2694,1.5,-0.653,0,0
2695,1.5,-0.6525,0,0
2696,1.5,-0.652,0,0
2697,1.5,-0.6515,0,0
2698,1.5,-0.651,0,0
2699,1.5,-0.6505,0,0
2700,1.5,-0.65,0,0
2701,1.5,-0.6495,0,0
2702,1.5,-0.649,0,0
2703,1.5,-0.6485,0,0
2704,1.5,-0.648,0,0
2705,1.5,-0.6475,0,0
2706,1.5,-0.647,0,0
2707,1.5,-0.6465,0,0
2708,1.5,-0.646,0,0
2709,1.5,-0.6455,0,0
2710,1.5,-0.645,0,0
2711,1.5,-0.6445,0,0
2712,1.5,-0.644,0,0
2713,1.5,-0.6435,0,0
2714,1.5,-0.643,0,0
2715,1.5,-0.6425,0,0
2716,1.5,-0.642,0,0
2717,1.5,-0.6415,0,0
2718,1.5,-0.641,0,0
2719,1.5,-0.6405,0,0
2720,1.5,-0.64,0,0
2721,1.5,-0.6395,0,0
2722,1.5,-0.639,0,0
2723,1.5,-0.6385,0,0
2724,1.5,-0.638,0,0
2725,1.5,-0.6375,0,0
2726,1.5,-0.637,0,0
2727,1.5,-0.6365,0,0
2728,1.5,-0.636,0,0
2729,1.5,-0.6355,0,0
2730,1.5,-0.635,0,0
2731,1.5,-0.6345,0,0
2732,1.5,-0.634,0,0
2733,1.5,-0.6335,0,0
2734,1.5,-0.633,0,0
2735,1.5,-0.6325,0,0
2736,1.5,-0.632,0,0
2737,1.5,-0.6315,0,0
2738,1.5,-0.631,0,0
2739,1.5,-0.6305,0,0
2740,1.5,-0.63,0,0
2741,1.5,-0.6295,0,0
2742,1.5,-0.629,0,0
2743,1.5,-0.6285,0,0
2744,1.5,-0.628,0,0
2745,1.5,-0.6275,0,0
2746,1.5,-0.627,0,0
2747,1.5,-0.6265,0,0
2748,1.5,-0.626,0,0
2749,1.5,-0.6255,0,0
2750,1.5,-0.625,0,0
2751,1.5,-0.6245,0,0
2752,1.5,-0.624,0,0
2753,1.5,-0.6235,0,0
2754,1.5,-0.623,0,0
2755,1.5,-0.6225,0,0
2756,1.5,-0.622,0,0
2757,1.5,-0.6215,0,0
2758,1.5,-0.621,0,0
2759,1.5,-0.6205,0,0
2760,1.5,-0.62,0,0
2761,1.5,-0.6195,0,0
2762,1.5,-0.619,0,0
2763,1.5,-0.6185,0,0
2764,1.5,-0.618,0,0
2765,1.5,-0.6175,0,0
2766,1.5,-0.617,0,0
2767,1.5,-0.6165,0,0
2768,1.5,-0.616,0,0
2769,1.5,-0.6155,0,0
2770,1.5,-0.615,0,0
2771,1.5,-0.6145,0,0
2772,1.5,-0.614,0,0
2773,1.5,-0.6135,0,0
2774,1.5,-0.613,0,0
2775,1.5,-0.6125,0,0
2776,1.5,-0.612,0,0
2777,1.5,-0.6115,0,0
2778,1.5,-0.611,0,0
2779,1.5,-0.6105,0,0
2780,1.5,-0.61,0,0
2781,1.5,-0.6095,0,0
2782,1.5,-0.609,0,0
2783,1.5,-0.6085,0,0
2784,1.5,-0.608,0,0
2785,1.5,-0.6075,0,0
2786,1.5,-0.607,0,0
2787,1.5,-0.6065,0,0
2788,1.5,-0.606,0,0
2789,1.5,-0.6055,0,0
2790,1.5,-0.605,0,0
2791,1.5,-0.6045,0,0
2792,1.5,-0.604,0,0
2793,1.5,-0.6035,0,0
2794,1.5,-0.603,0,0
2795,1.5,-0.6025,0,0
2796,1.5,-0.602,0,0
2797,1.5,-0.6015,0,0
2798,1.5,-0.601,0,0
2799,1.5,-0.6005,0,0
2800,1.5,-0.6,0,0
2801,1.5,-0.5995,0,0
2802,1.5,-0.599,0,0
2803,1.5,-0.5985,0,0
2804,1.5,-0.598,0,0
2805,1.5,-0.5975,0,0
2806,1.5,-0.597,0,0
2807,1.5,-0.5965,0,0
2808,1.5,-0.596,0,0
2809,1.5,-0.5955,0,0
2810,1.5,-0.595,0,0
2811,1.5,-0.5945,0,0
2812,1.5,-0.594,0,0
2813,1.5,-0.5935,0,0
2814,1.5,-0.593,0,0
2815,1.5,-0.5925,0,0
2816,1.5,-0.592,0,0
2817,1.5,-0.5915,0,0
2818,1.5,-0.591,0,0
2819,1.5,-0.5905,0,0
2820,1.5,-0.59,0,0
2821,1.5,-0.5895,0,0
2822,1.5,-0.589,0,0
2823,1.5,-0.5885,0,0
2824,1.5,-0.588,0,0
2825,1.5,-0.5875,0,0
2826,1.5,-0.587,0,0
2827,1.5,-0.5865,0,0
2828,1.5,-0.586,0,0
2829,1.5,-0.5855,0,0
2830,1.5,-0.585,0,0
2831,1.5,-0.5845,0,0
2832,1.5,-0.584,0,0
2833,1.5,-0.5835,0,0
2834,1.5,-0.583,0,0
2835,1.5,-0.5825,0,0
2836,1.5,-0.582,0,0
2837,1.5,-0.5815,0,0
2838,1.5,-0.581,0,0
2839,1.5,-0.5805,0,0
2840,1.5,-0.58,0,0
2841,1.5,-0.5795,0,0
2842,1.5,-0.579,0,0
2843,1.5,-0.5785,0,0
2844,1.5,-0.578,0,0
2845,1.5,-0.5775,0,0
2846,1.5,-0.577,0,0
2847,1.5,-0.5765,0,0
2848,1.5,-0.576,0,0
2849,1.5,-0.5755,0,0
2850,1.5,-0.575,0,0
2851,1.5,-0.5745,0,0
2852,1.5,-0.574,0,0
2853,1.5,-0.5735,0,0
2854,1.5,-0.573,0,0
2855,1.5,-0.5725,0,0
2856,1.5,-0.572,0,0
2857,1.5,-0.5715,0,0
2858,1.5,-0.571,0,0
2859,1.5,-0.5705,0,0
2860,1.5,-0.57,0,0
2861,1.5,-0.5695,0,0
2862,1.5,-0.569,0,0
2863,1.5,-0.5685,0,0
2864,1.5,-0.568,0,0
2865,1.5,-0.5675,0,0
2866,1.5,-0.567,0,0
2867,1.5,-0.5665,0,0
2868,1.5,-0.566,0,0
2869,1.5,-0.5655,0,0
2870,1.5,-0.565,0,0
2871,1.5,-0.5645,0,0
2872,1.5,-0.564,0,0
2873,1.5,-0.5635,0,0
2874,1.5,-0.563,0,0
2875,1.5,-0.5625,0,0
2876,1.5,-0.562,0,0
2877,1.5,-0.5615,0,0
2878,1.5,-0.561,0,0
2879,1.5,-0.5605,0,0
2880,1.5,-0.56,0,0
2881,1.5,-0.5595,0,0
2882,1.5,-0.559,0,0
2883,1.5,-0.5585,0,0
2884,1.5,-0.558,0,0
2885,1.5,-0.5575,0,0
2886,1.5,-0.557,0,0
2887,1.5,-0.5565,0,0
2888,1.5,-0.556,0,0
2889,1.5,-0.5555,0,0
2890,1.5,-0.555,0,0
2891,1.5,-0.5545,0,0
2892,1.5,-0.554,0,0
2893,1.5,-0.5535,0,0
2894,1.5,-0.553,0,0
2895,1.5,-0.5525,0,0
2896,1.5,-0.552,0,0
2897,1.5,-0.5515,0,0
2898,1.5,-0.551,0,0
2899,1.5,-0.5505,0,0
2900,1.5,-0.55,0,0
2901,1.5,-0.5495,0,0
2902,1.5,-0.549,0,0
2903,1.5,-0.5485,0,0
2904,1.5,-0.548,0,0
2905,1.5,-0.5475,0,0
2906,1.5,-0.547,0,0
2907,1.5,-0.5465,0,0
2908,1.5,-0.546,0,0
2909,1.5,-0.5455,0,0
2910,1.5,-0.545,0,0
2911,1.5,-0.5445,0,0
2912,1.5,-0.544,0,0
2913,1.5,-0.5435,0,0
2914,1.5,-0.543,0,0
2915,1.5,-0.5425,0,0
2916,1.5,-0.542,0,0
2917,1.5,-0.5415,0,0
2918,1.5,-0.541,0,0
2919,1.5,-0.5405,0,0
2920,1.5,-0.54,0,0
2921,1.5,-0.5395,0,0
2922,1.5,-0.539,0,0
2923,1.5,-0.5385,0,0
2924,1.5,-0.538,0,0
2925,1.5,-0.5375,0,0
2926,1.5,-0.537,0,0
2927,1.5,-0.5365,0,0
2928,1.5,-0.536,0,0
2929,1.5,-0.5355,0,0
2930,1.5,-0.535,0,0
2931,1.5,-0.5345,0,0
2932,1.5,-0.534,0,0
2933,1.5,-0.5335,0,0
2934,1.5,-0.533,0,0
2935,1.5,-0.5325,0,0
2936,1.5,-0.532,0,0
2937,1.5,-0.5315,0,0
2938,1.5,-0.531,0,0
2939,1.5,-0.5305,0,0
2940,1.5,-0.53,0,0
2941,1.5,-0.5295,0,0
2942,1.5,-0.529,0,0
2943,1.5,-0.5285,0,0
2944,1.5,-0.528,0,0
2945,1.5,-0.5275,0,0
2946,1.5,-0.527,0,0
2947,1.5,-0.5265,0,0
2948,1.5,-0.526,0,0
2949,1.5,-0.5255,0,0
2950,1.5,-0.525,0,0
2951,1.5,-0.5245,0,0
2952,1.5,-0.524,0,0
2953,1.5,-0.5235,0,0
2954,1.5,-0.523,0,0
2955,1.5,-0.5225,0,0
2956,1.5,-0.522,0,0
2957,1.5,-0.5215,0,0
2958,1.5,-0.521,0,0
2959,1.5,-0.5205,0,0
2960,1.5,-0.52,0,0
2961,1.5,-0.5195,0,0
2962,1.5,-0.519,0,0
2963,1.5,-0.5185,0,0
2964,1.5,-0.518,0,0
2965,1.5,-0.5175,0,0
2966,1.5,-0.517,0,0
2967,1.5,-0.5165,0,0
2968,1.5,-0.516,0,0
2969,1.5,-0.5155,0,0
2970,1.5,-0.515,0,0
2971,1.5,-0.5145,0,0
2972,1.5,-0.514,0,0
2973,1.5,-0.5135,0,0
2974,1.5,-0.513,0,0
2975,1.5,-0.5125,0,0
2976,1.5,-0.512,0,0
2977,1.5,-0.5115,0,0
2978,1.5,-0.511,0,0
2979,1.5,-0.5105,0,0
2980,1.5,-0.51,0,0
2981,1.5,-0.5095,0,0
2982,1.5,-0.509,0,0
2983,1.5,-0.5085,0,0
2984,1.5,-0.508,0,0
2985,1.5,-0.5075,0,0
2986,1.5,-0.507,0,0
2987,1.5,-0.5065,0,0
2988,1.5,-0.506,0,0
2989,1.5,-0.5055,0,0
2990,1.5,-0.505,0,0
2991,1.5,-0.5045,0,0
2992,1.5,-0.504,0,0
2993,1.5,-0.5035,0,0
2994,1.5,-0.503,0,0
2995,1.5,-0.5025,0,0
2996,1.5,-0.502,0,0
2997,1.5,-0.5015,0,0
2998,1.5,-0.501,0,0
2999,1.5,-0.5005,0,0
3000,1.5,-0.5,0,0
3001,1.5,-0.4995,0,0
3002,1.5,-0.499,0,0
3003,1.5,-0.4985,0,0
3004,1.5,-0.498,0,0
3005,1.5,-0.4975,0,0
3006,1.5,-0.497,0,0
3007,1.5,-0.4965,0,0
3008,1.5,-0.496,0,0
3009,1.5,-0.4955,0,0
3010,1.5,-0.495,0,0
3011,1.5,-0.4945,0,0
3012,1.5,-0.494,0,0
3013,1.5,-0.4935,0,0
3014,1.5,-0.493,0,0
3015,1.5,-0.4925,0,0
3016,1.5,-0.492,0,0
3017,1.5,-0.4915,0,0
3018,1.5,-0.491,0,0
3019,1.5,-0.4905,0,0
3020,1.5,-0.49,0,0
3021,1.5,-0.4895,0,0
3022,1.5,-0.489,0,0
3023,1.5,-0.4885,0,0
3024,1.5,-0.488,0,0
3025,1.5,-0.4875,0,0
3026,1.5,-0.487,0,0
3027,1.5,-0.4865,0,0
3028,1.5,-0.486,0,0
3029,1.5,-0.4855,0,0
3030,1.5,-0.485,0,0
3031,1.5,-0.4845,0,0
3032,1.5,-0.484,0,0
3033,1.5,-0.4835,0,0
3034,1.5,-0.483,0,0
3035,1.5,-0.4825,0,0
3036,1.5,-0.482,0,0
3037,1.5,-0.4815,0,0
3038,1.5,-0.481,0,0
3039,1.5,-0.4805,0,0
3040,1.5,-0.48,0,0
3041,1.5,-0.4795,0,0
3042,1.5,-0.479,0,0
3043,1.5,-0.4785,0,0
3044,1.5,-0.478,0,0
3045,1.5,-0.4775,0,0
3046,1.5,-0.477,0,0
3047,1.5,-0.4765,0,0
3048,1.5,-0.476,0,0
3049,1.5,-0.4755,0,0
3050,1.5,-0.475,0,0
3051,1.5,-0.4745,0,0
3052,1.5,-0.474,0,0
3053,1.5,-0.4735,0,0
3054,1.5,-0.473,0,0
3055,1.5,-0.4725,0,0
3056,1.5,-0.472,0,0
3057,1.5,-0.4715,0,0
3058,1.5,-0.471,0,0
3059,1.5,-0.4705,0,0
3060,1.5,-0.47,0,0
3061,1.5,-0.4695,0,0
3062,1.5,-0.469,0,0
3063,1.5,-0.4685,0,0
3064,1.5,-0.468,0,0
3065,1.5,-0.4675,0,0
3066,1.5,-0.467,0,0
3067,1.5,-0.4665,0,0
3068,1.5,-0.466,0,0
3069,1.5,-0.4655,0,0
3070,1.5,-0.465,0,0
3071,1.5,-0.4645,0,0
3072,1.5,-0.464,0,0
3073,1.5,-0.4635,0,0
3074,1.5,-0.463,0,0
3075,1.5,-0.4625,0,0
3076,1.5,-0.462,0,0
3077,1.5,-0.4615,0,0
3078,1.5,-0.461,0,0
3079,1.5,-0.4605,0,0
3080,1.5,-0.46,0,0
3081,1.5,-0.4595,0,0
3082,1.5,-0.459,0,0
3083,1.5,-0.4585,0,0
3084,1.5,-0.458,0,0
3085,1.5,-0.4575,0,0
3086,1.5,-0.457,0,0
3087,1.5,-0.4565,0,0
3088,1.5,-0.456,0,0
3089,1.5,-0.4555,0,0
3090,1.5,-0.455,0,0
3091,1.5,-0.4545,0,0
3092,1.5,-0.454,0,0
3093,1.5,-0.4535,0,0
3094,1.5,-0.453,0,0
3095,1.5,-0.4525,0,0
3096,1.5,-0.452,0,0
3097,1.5,-0.4515,0,0
3098,1.5,-0.451,0,0
3099,1.5,-0.4505,0,0
3100,1.5,-0.45,0,0
3101,1.5,-0.4495,0,0
3102,1.5,-0.449,0,0
3103,1.5,-0.4485,0,0
3104,1.5,-0.448,0,0
3105,1.5,-0.4475,0,0
3106,1.5,-0.447,0,0
3107,1.5,-0.4465,0,0
3108,1.5,-0.446,0,0
3109,1.5,-0.4455,0,0
3110,1.5,-0.445,0,0
3111,1.5,-0.4445,0,0
3112,1.5,-0.444,0,0
3113,1.5,-0.4435,0,0
3114,1.5,-0.443,0,0
3115,1.5,-0.4425,0,0
3116,1.5,-0.442,0,0
3117,1.5,-0.4415,0,0
3118,1.5,-0.441,0,0
3119,1.5,-0.4405,0,0
3120,1.5,-0.44,0,0
3121,1.5,-0.4395,0,0
3122,1.5,-0.439,0,0
3123,1.5,-0.4385,0,0
3124,1.5,-0.438,0,0
3125,1.5,-0.4375,0,0
3126,1.5,-0.437,0,0
3127,1.5,-0.4365,0,0
3128,1.5,-0.436,0,0
3129,1.5,-0.4355,0,0
3130,1.5,-0.435,0,0
3131,1.5,-0.4345,0,0
3132,1.5,-0.434,0,0
3133,1.5,-0.4335,0,0
3134,1.5,-0.433,0,0
3135,1.5,-0.4325,0,0
3136,1.5,-0.432,0,0
3137,1.5,-0.4315,0,0
3138,1.5,-0.431,0,0
3139,1.5,-0.4305,0,0
3140,1.5,-0.43,0,0
3141,1.5,-0.4295,0,0
3142,1.5,-0.429,0,0
3143,1.5,-0.4285,0,0
3144,1.5,-0.428,0,0
3145,1.5,-0.4275,0,0
3146,1.5,-0.427,0,0
3147,1.5,-0.4265,0,0
3148,1.5,-0.426,0,0
3149,1.5,-0.4255,0,0
3150,1.5,-0.425,0,0
3151,1.5,-0.4245,0,0
3152,1.5,-0.424,0,0
3153,1.5,-0.4235,0,0
3154,1.5,-0.423,0,0
3155,1.5,-0.4225,0,0
3156,1.5,-0.422,0,0
3157,1.5,-0.4215,0,0
3158,1.5,-0.421,0,0
3159,1.5,-0.4205,0,0
3160,1.5,-0.42,0,0
3161,1.5,-0.4195,0,0
3162,1.5,-0.419,0,0
3163,1.5,-0.4185,0,0
3164,1.5,-0.418,0,0
3165,1.5,-0.4175,0,0
3166,1.5,-0.417,0,0
3167,1.5,-0.4165,0,0
3168,1.5,-0.416,0,0
3169,1.5,-0.4155,0,0
3170,1.5,-0.415,0,0
3171,1.5,-0.4145,0,0
3172,1.5,-0.414,0,0
3173,1.5,-0.4135,0,0
3174,1.5,-0.413,0,0
3175,1.5,-0.4125,0,0
3176,1.5,-0.412,0,0
3177,1.5,-0.4115,0,0
3178,1.5,-0.411,0,0
3179,1.5,-0.4105,0,0
3180,1.5,-0.41,0,0
3181,1.5,-0.4095,0,0
3182,1.5,-0.409,0,0
3183,1.5,-0.4085,0,0
3184,1.5,-0.408,0,0
3185,1.5,-0.4075,0,0
3186,1.5,-0.407,0,0
3187,1.5,-0.4065,0,0
3188,1.5,-0.406,0,0
3189,1.5,-0.4055,0,0
3190,1.5,-0.405,0,0
3191,1.5,-0.4045,0,0
3192,1.5,-0.404,0,0
3193,1.5,-0.4035,0,0
3194,1.5,-0.403,0,0
3195,1.5,-0.4025,0,0
3196,1.5,-0.402,0,0
3197,1.5,-0.4015,0,0
3198,1.5,-0.401,0,0
3199,1.5,-0.4005,0,0
3200,1.5,-0.4,0,0
3201,1.5,-0.3995,0,0
3202,1.5,-0.399,0,0
3203,1.5,-0.3985,0,0
3204,1.5,-0.398,0,0
3205,1.5,-0.3975,0,0
3206,1.5,-0.397,0,0
3207,1.5,-0.3965,0,0
3208,1.5,-0.396,0,0
3209,1.5,-0.3955,0,0
3210,1.5,-0.395,0,0
3211,1.5,-0.3945,0,0
3212,1.5,-0.394,0,0
3213,1.5,-0.3935,0,0
3214,1.5,-0.393,0,0
3215,1.5,-0.3925,0,0
3216,1.5,-0.392,0,0
3217,1.5,-0.3915,0,0
3218,1.5,-0.391,0,0
3219,1.5,-0.3905,0,0
3220,1.5,-0.39,0,0
3221,1.5,-0.3895,0,0
3222,1.5,-0.389,0,0
3223,1.5,-0.3885,0,0
3224,1.5,-0.388,0,0
3225,1.5,-0.3875,0,0
3226,1.5,-0.387,0,0
3227,1.5,-0.3865,0,0
3228,1.5,-0.386,0,0
3229,1.5,-0.3855,0,0
3230,1.5,-0.385,0,0
3231,1.5,-0.3845,0,0
3232,1.5,-0.384,0,0
3233,1.5,-0.3835,0,0
3234,1.5,-0.383,0,0
3235,1.5,-0.3825,0,0
3236,1.5,-0.382,0,0
3237,1.5,-0.3815,0,0
3238,1.5,-0.381,0,0
3239,1.5,-0.3805,0,0
3240,1.5,-0.38,0,0
3241,1.5,-0.3795,0,0
3242,1.5,-0.379,0,0
3243,1.5,-0.3785,0,0
3244,1.5,-0.378,0,0
3245,1.5,-0.3775,0,0
3246,1.5,-0.377,0,0
3247,1.5,-0.3765,0,0
3248,1.5,-0.376,0,0
3249,1.5,-0.3755,0,0
3250,1.5,-0.375,0,0
3251,1.5,-0.3745,0,0
3252,1.5,-0.374,0,0
3253,1.5,-0.3735,0,0
3254,1.5,-0.373,0,0
3255,1.5,-0.3725,0,0
3256,1.5,-0.372,0,0
3257,1.5,-0.3715,0,0
3258,1.5,-0.371,0,0
3259,1.5,-0.3705,0,0
3260,1.5,-0.37,0,0
3261,1.5,-0.3695,0,0
3262,1.5,-0.369,0,0
3263,1.5,-0.3685,0,0
3264,1.5,-0.368,0,0
3265,1.5,-0.3675,0,0
3266,1.5,-0.367,0,0
3267,1.5,-0.3665,0,0
3268,1.5,-0.366,0,0
3269,1.5,-0.3655,0,0
3270,1.5,-0.365,0,0
3271,1.5,-0.3645,0,0
3272,1.5,-0.364,0,0
3273,1.5,-0.3635,0,0
3274,1.5,-0.363,0,0
3275,1.5,-0.3625,0,0
3276,1.5,-0.362,0,0
3277,1.5,-0.3615,0,0
3278,1.5,-0.361,0,0
3279,1.5,-0.3605,0,0
3280,1.5,-0.36,0,0
3281,1.5,-0.3595,0,0
3282,1.5,-0.359,0,0
3283,1.5,-0.3585,0,0
3284,1.5,-0.358,0,0
3285,1.5,-0.3575,0,0
3286,1.5,-0.357,0,0
3287,1.5,-0.3565,0,0
3288,1.5,-0.356,0,0
3289,1.5,-0.3555,0,0
3290,1.5,-0.355,0,0
3291,1.5,-0.3545,0,0
3292,1.5,-0.354,0,0
3293,1.5,-0.3535,0,0
3294,1.5,-0.353,0,0
3295,1.5,-0.3525,0,0
3296,1.5,-0.352,0,0
3297,1.5,-0.3515,0,0
3298,1.5,-0.351,0,0
3299,1.5,-0.3505,0,0
3300,1.5,-0.35,0,0
3301,1.5,-0.3495,0,0
3302,1.5,-0.349,0,0
3303,1.5,-0.3485,0,0
3304,1.5,-0.348,0,0
3305,1.5,-0.3475,0,0
3306,1.5,-0.347,0,0
3307,1.5,-0.3465,0,0
3308,1.5,-0.346,0,0
3309,1.5,-0.3455,0,0
3310,1.5,-0.345,0,0
3311,1.5,-0.3445,0,0
3312,1.5,-0.344,0,0
3313,1.5,-0.3435,0,0
3314,1.5,-0.343,0,0
3315,1.5,-0.3425,0,0
3316,1.5,-0.342,0,0
3317,1.5,-0.3415,0,0
3318,1.5,-0.341,0,0
3319,1.5,-0.3405,0,0
3320,1.5,-0.34,0,0
3321,1.5,-0.3395,0,0
3322,1.5,-0.339,0,0
3323,1.5,-0.3385,0,0
3324,1.5,-0.338,0,0
3325,1.5,-0.3375,0,0
3326,1.5,-0.337,0,0
3327,1.5,-0.3365,0,0
3328,1.5,-0.336,0,0
3329,1.5,-0.3355,0,0
3330,1.5,-0.335,0,0
3331,1.5,-0.3345,0,0
3332,1.5,-0.334,0,0
3333,1.5,-0.3335,0,0
3334,1.5,-0.333,0,0
3335,1.5,-0.3325,0,0
3336,1.5,-0.332,0,0
3337,1.5,-0.3315,0,0
3338,1.5,-0.331,0,0
3339,1.5,-0.3305,0,0
3340,1.5,-0.33,0,0
3341,1.5,-0.3295,0,0
3342,1.5,-0.329,0,0
3343,1.5,-0.3285,0,0
3344,1.5,-0.328,0,0
3345,1.5,-0.3275,0,0
3346,1.5,-0.327,0,0
3347,1.5,-0.3265,0,0
3348,1.5,-0.326,0,0
3349,1.5,-0.3255,0,0
3350,1.5,-0.325,0,0
3351,1.5,-0.3245,0,0
3352,1.5,-0.324,0,0
3353,1.5,-0.3235,0,0
3354,1.5,-0.323,0,0
3355,1.5,-0.3225,0,0
3356,1.5,-0.322,0,0
3357,1.5,-0.3215,0,0
3358,1.5,-0.321,0,0
3359,1.5,-0.3205,0,0
3360,1.5,-0.32,0,0
3361,1.5,-0.3195,0,0
3362,1.5,-0.319,0,0
3363,1.5,-0.3185,0,0
3364,1.5,-0.318,0,0
3365,1.5,-0.3175,0,0
3366,1.5,-0.317,0,0
3367,1.5,-0.3165,0,0
3368,1.5,-0.316,0,0
3369,1.5,-0.3155,0,0
3370,1.5,-0.315,0,0
3371,1.5,-0.3145,0,0
3372,1.5,-0.314,0,0
3373,1.5,-0.3135,0,0
3374,1.5,-0.313,0,0
3375,1.5,-0.3125,0,0
3376,1.5,-0.312,0,0
3377,1.5,-0.3115,0,0
3378,1.5,-0.311,0,0
3379,1.5,-0.3105,0,0
3380,1.5,-0.31,0,0
3381,1.5,-0.3095,0,0
3382,1.5,-0.309,0,0
3383,1.5,-0.3085,0,0
3384,1.5,-0.308,0,0
3385,1.5,-0.3075,0,0
3386,1.5,-0.307,0,0
3387,1.5,-0.3065,0,0
3388,1.5,-0.306,0,0
3389,1.5,-0.3055,0,0
3390,1.5,-0.305,0,0
3391,1.5,-0.3045,0,0
3392,1.5,-0.304,0,0
3393,1.5,-0.3035,0,0
3394,1.5,-0.303,0,0
3395,1.5,-0.3025,0,0
3396,1.5,-0.302,0,0
3397,1.5,-0.3015,0,0
3398,1.5,-0.301,0,0
3399,1.5,-0.3005,0,0
3400,1.5,-0.3,0,0
3401,1.5,-0.2995,0,0
3402,1.5,-0.299,0,0
3403,1.5,-0.2985,0,0
3404,1.5,-0.298,0,0
3405,1.5,-0.2975,0,0
3406,1.5,-0.297,0,0
3407,1.5,-0.2965,0,0
3408,1.5,-0.296,0,0
3409,1.5,-0.2955,0,0
3410,1.5,-0.295,0,0
3411,1.5,-0.2945,0,0
3412,1.5,-0.294,0,0
3413,1.5,-0.2935,0,0
3414,1.5,-0.293,0,0
3415,1.5,-0.2925,0,0
3416,1.5,-0.292,0,0
3417,1.5,-0.2915,0,0
3418,1.5,-0.291,0,0
3419,1.5,-0.2905,0,0
3420,1.5,-0.29,0,0
3421,1.5,-0.2895,0,0
3422,1.5,-0.289,0,0
3423,1.5,-0.2885,0,0
3424,1.5,-0.288,0,0
3425,1.5,-0.2875,0,0
3426,1.5,-0.287,0,0
3427,1.5,-0.2865,0,0
3428,1.5,-0.286,0,0
3429,1.5,-0.2855,0,0
3430,1.5,-0.285,0,0
3431,1.5,-0.2845,0,0
3432,1.5,-0.284,0,0
3433,1.5,-0.2835,0,0
3434,1.5,-0.283,0,0
3435,1.5,-0.2825,0,0
3436,1.5,-0.282,0,0
3437,1.5,-0.2815,0,0
3438,1.5,-0.281,0,0
3439,1.5,-0.2805,0,0
3440,1.5,-0.28,0,0
3441,1.5,-0.2795,0,0
3442,1.5,-0.279,0,0
3443,1.5,-0.2785,0,0
3444,1.5,-0.278,0,0
3445,1.5,-0.2775,0,0
3446,1.5,-0.277,0,0
3447,1.5,-0.2765,0,0
3448,1.5,-0.276,0,0
3449,1.5,-0.2755,0,0
3450,1.5,-0.275,0,0
3451,1.5,-0.2745,0,0
3452,1.5,-0.274,0,0
3453,1.5,-0.2735,0,0
3454,1.5,-0.273,0,0
3455,1.5,-0.2725,0,0
3456,1.5,-0.272,0,0
3457,1.5,-0.2715,0,0
3458,1.5,-0.271,0,0
3459,1.5,-0.2705,0,0
3460,1.5,-0.27,0,0
3461,1.5,-0.2695,0,0
3462,1.5,-0.269,0,0
3463,1.5,-0.2685,0,0
3464,1.5,-0.268,0,0
3465,1.5,-0.2675,0,0
3466,1.5,-0.267,0,0
3467,1.5,-0.2665,0,0
3468,1.5,-0.266,0,0
3469,1.5,-0.2655,0,0
3470,1.5,-0.265,0,0
3471,1.5,-0.2645,0,0
3472,1.5,-0.264,0,0
3473,1.5,-0.2635,0,0
3474,1.5,-0.263,0,0
3475,1.5,-0.2625,0,0
3476,1.5,-0.262,0,0
3477,1.5,-0.2615,0,0
3478,1.5,-0.261,0,0
3479,1.5,-0.2605,0,0
3480,1.5,-0.26,0,0
3481,1.5,-0.2595,0,0
3482,1.5,-0.259,0,0
3483,1.5,-0.2585,0,0
3484,1.5,-0.258,0,0
3485,1.5,-0.2575,0,0
3486,1.5,-0.257,0,0
3487,1.5,-0.2565,0,0
3488,1.5,-0.256,0,0
3489,1.5,-0.2555,0,0
3490,1.5,-0.255,0,0
3491,1.5,-0.2545,0,0
3492,1.5,-0.254,0,0
3493,1.5,-0.2535,0,0
3494,1.5,-0.253,0,0
3495,1.5,-0.2525,0,0
3496,1.5,-0.252,0,0
3497,1.5,-0.2515,0,0
3498,1.5,-0.251,0,0
3499,1.5,-0.2505,0,0
3500,1.5,-0.25,0,0
3501,1.5,-0.2495,0,0
3502,1.5,-0.249,0,0
3503,1.5,-0.2485,0,0
3504,1.5,-0.248,0,0
3505,1.5,-0.2475,0,0
3506,1.5,-0.247,0,0
3507,1.5,-0.2465,0,0
3508,1.5,-0.246,0,0
3509,1.5,-0.2455,0,0
3510,1.5,-0.245,0,0
3511,1.5,-0.2445,0,0
3512,1.5,-0.244,0,0
3513,1.5,-0.2435,0,0
3514,1.5,-0.243,0,0
3515,1.5,-0.2425,0,0
3516,1.5,-0.242,0,0
3517,1.5,-0.2415,0,0
3518,1.5,-0.241,0,0
3519,1.5,-0.2405,0,0
3520,1.5,-0.24,0,0
3521,1.5,-0.2395,0,0
3522,1.5,-0.239,0,0
3523,1.5,-0.2385,0,0
3524,1.5,-0.238,0,0
3525,1.5,-0.2375,0,0
3526,1.5,-0.237,0,0
3527,1.5,-0.2365,0,0
3528,1.5,-0.236,0,0
3529,1.5,-0.2355,0,0
3530,1.5,-0.235,0,0
3531,1.5,-0.2345,0,0
3532,1.5,-0.234,0,0
3533,1.5,-0.2335,0,0
3534,1.5,-0.233,0,0
3535,1.5,-0.2325,0,0
3536,1.5,-0.232,0,0
3537,1.5,-0.2315,0,0
3538,1.5,-0.231,0,0
3539,1.5,-0.2305,0,0
3540,1.5,-0.23,0,0
3541,1.5,-0.2295,0,0
3542,1.5,-0.229,0,0
3543,1.5,-0.2285,0,0
3544,1.5,-0.228,0,0
3545,1.5,-0.2275,0,0
3546,1.5,-0.227,0,0
3547,1.5,-0.2265,0,0
3548,1.5,-0.226,0,0
3549,1.5,-0.2255,0,0
3550,1.5,-0.225,0,0
3551,1.5,-0.2245,0,0
3552,1.5,-0.224,0,0
3553,1.5,-0.2235,0,0
3554,1.5,-0.223,0,0
3555,1.5,-0.2225,0,0
3556,1.5,-0.222,0,0
3557,1.5,-0.2215,0,0
3558,1.5,-0.221,0,0
3559,1.5,-0.2205,0,0
3560,1.5,-0.22,0,0
3561,1.5,-0.2195,0,0
3562,1.5,-0.219,0,0
3563,1.5,-0.2185,0,0
3564,1.5,-0.218,0,0
3565,1.5,-0.2175,0,0
3566,1.5,-0.217,0,0
3567,1.5,-0.2165,0,0
3568,1.5,-0.216,0,0
3569,1.5,-0.2155,0,0
3570,1.5,-0.215,0,0
3571,1.5,-0.2145,0,0
3572,1.5,-0.214,0,0
3573,1.5,-0.2135,0,0
3574,1.5,-0.213,0,0
3575,1.5,-0.2125,0,0
3576,1.5,-0.212,0,0
3577,1.5,-0.2115,0,0
3578,1.5,-0.211,0,0
3579,1.5,-0.2105,0,0
3580,1.5,-0.21,0,0
3581,1.5,-0.2095,0,0
3582,1.5,-0.209,0,0
3583,1.5,-0.2085,0,0
3584,1.5,-0.208,0,0
3585,1.5,-0.2075,0,0
3586,1.5,-0.207,0,0
3587,1.5,-0.2065,0,0
3588,1.5,-0.206,0,0
3589,1.5,-0.2055,0,0
3590,1.5,-0.205,0,0
3591,1.5,-0.2045,0,0
3592,1.5,-0.204,0,0
3593,1.5,-0.2035,0,0
3594,1.5,-0.203,0,0
3595,1.5,-0.2025,0,0
3596,1.5,-0.202,0,0
3597,1.5,-0.2015,0,0
3598,1.5,-0.201,0,0
3599,1.5,-0.2005,0,0
3600,1.5,-0.2,0,0
3601,1.5,-0.1995,0,0
3602,1.5,-0.199,0,0
3603,1.5,-0.1985,0,0
3604,1.5,-0.198,0,0
3605,1.5,-0.1975,0,0
3606,1.5,-0.197,0,0
3607,1.5,-0.1965,0,0
3608,1.5,-0.196,0,0
3609,1.5,-0.1955,0,0
3610,1.5,-0.195,0,0
3611,1.5,-0.1945,0,0
3612,1.5,-0.194,0,0
3613,1.5,-0.1935,0,0
3614,1.5,-0.193,0,0
3615,1.5,-0.1925,0,0
3616,1.5,-0.192,0,0
3617,1.5,-0.1915,0,0
3618,1.5,-0.191,0,0
3619,1.5,-0.1905,0,0
3620,1.5,-0.19,0,0
3621,1.5,-0.1895,0,0
3622,1.5,-0.189,0,0
3623,1.5,-0.1885,0,0
3624,1.5,-0.188,0,0
3625,1.5,-0.1875,0,0
3626,1.5,-0.187,0,0
3627,1.5,-0.1865,0,0
3628,1.5,-0.186,0,0
3629,1.5,-0.1855,0,0
3630,1.5,-0.185,0,0
3631,1.5,-0.1845,0,0
3632,1.5,-0.184,0,0
3633,1.5,-0.1835,0,0
3634,1.5,-0.183,0,0
3635,1.5,-0.1825,0,0
3636,1.5,-0.182,0,0
3637,1.5,-0.1815,0,0
3638,1.5,-0.181,0,0
3639,1.5,-0.1805,0,0
3640,1.5,-0.18,0,0
3641,1.5,-0.1795,0,0
3642,1.5,-0.179,0,0
3643,1.5,-0.1785,0,0
3644,1.5,-0.178,0,0
3645,1.5,-0.1775,0,0
3646,1.5,-0.177,0,0
3647,1.5,-0.1765,0,0
3648,1.5,-0.176,0,0
3649,1.5,-0.1755,0,0
3650,1.5,-0.175,0,0
3651,1.5,-0.1745,0,0
3652,1.5,-0.174,0,0
3653,1.5,-0.1735,0,0
3654,1.5,-0.173,0,0
3655,1.5,-0.1725,0,0
3656,1.5,-0.172,0,0
3657,1.5,-0.1715,0,0
3658,1.5,-0.171,0,0
3659,1.5,-0.1705,0,0
3660,1.5,-0.17,0,0
3661,1.5,-0.1695,0,0
3662,1.5,-0.169,0,0
3663,1.5,-0.1685,0,0
3664,1.5,-0.168,0,0
3665,1.5,-0.1675,0,0
3666,1.5,-0.167,0,0
3667,1.5,-0.1665,0,0
3668,1.5,-0.166,0,0
3669,1.5,-0.1655,0,0
3670,1.5,-0.165,0,0
3671,1.5,-0.1645,0,0
3672,1.5,-0.164,0,0
3673,1.5,-0.1635,0,0
3674,1.5,-0.163,0,0
3675,1.5,-0.1625,0,0
3676,1.5,-0.162,0,0
3677,1.5,-0.1615,0,0
3678,1.5,-0.161,0,0
3679,1.5,-0.1605,0,0
3680,1.5,-0.16,0,0
3681,1.5,-0.1595,0,0
3682,1.5,-0.159,0,0
3683,1.5,-0.1585,0,0
3684,1.5,-0.158,0,0
3685,1.5,-0.1575,0,0
3686,1.5,-0.157,0,0
3687,1.5,-0.1565,0,0
3688,1.5,-0.156,0,0
3689,1.5,-0.1555,0,0
3690,1.5,-0.155,0,0
3691,1.5,-0.1545,0,0
3692,1.5,-0.154,0,0
3693,1.5,-0.1535,0,0
3694,1.5,-0.153,0,0
3695,1.5,-0.1525,0,0
3696,1.5,-0.152,0,0
3697,1.5,-0.1515,0,0
3698,1.5,-0.151,0,0
3699,1.5,-0.1505,0,0
3700,1.5,-0.15,0,0
3701,1.5,-0.1495,0,0
3702,1.5,-0.149,0,0
3703,1.5,-0.1485,0,0
3704,1.5,-0.148,0,0
3705,1.5,-0.1475,0,0
3706,1.5,-0.147,0,0
3707,1.5,-0.1465,0,0
3708,1.5,-0.146,0,0
3709,1.5,-0.1455,0,0
3710,1.5,-0.145,0,0
3711,1.5,-0.1445,0,0
3712,1.5,-0.144,0,0
3713,1.5,-0.1435,0,0
3714,1.5,-0.143,0,0
3715,1.5,-0.1425,0,0
3716,1.5,-0.142,0,0
3717,1.5,-0.1415,0,0
3718,1.5,-0.141,0,0
3719,1.5,-0.1405,0,0
3720,1.5,-0.14,0,0
3721,1.5,-0.1395,0,0
3722,1.5,-0.139,0,0
3723,1.5,-0.1385,0,0
3724,1.5,-0.138,0,0
3725,1.5,-0.1375,0,0
3726,1.5,-0.137,0,0
3727,1.5,-0.1365,0,0
3728,1.5,-0.136,0,0
3729,1.5,-0.1355,0,0
3730,1.5,-0.135,0,0
3731,1.5,-0.1345,0,0
3732,1.5,-0.134,0,0
3733,1.5,-0.1335,0,0
3734,1.5,-0.133,0,0
3735,1.5,-0.1325,0,0
3736,1.5,-0.132,0,0
3737,1.5,-0.1315,0,0
3738,1.5,-0.131,0,0
3739,1.5,-0.1305,0,0
3740,1.5,-0.13,0,0
3741,1.5,-0.1295,0,0
3742,1.5,-0.129,0,0
3743,1.5,-0.1285,0,0
3744,1.5,-0.128,0,0
3745,1.5,-0.1275,0,0
3746,1.5,-0.127,0,0
3747,1.5,-0.1265,0,0
3748,1.5,-0.126,0,0
3749,1.5,-0.1255,0,0
3750,1.5,-0.125,0,0
3751,1.5,-0.1245,0,0
3752,1.5,-0.124,0,0
3753,1.5,-0.1235,0,0
3754,1.5,-0.123,0,0
3755,1.5,-0.1225,0,0
3756,1.5,-0.122,0,0
3757,1.5,-0.1215,0,0
3758,1.5,-0.121,0,0
3759,1.5,-0.1205,0,0
3760,1.5,-0.12,0,0
3761,1.5,-0.1195,0,0
3762,1.5,-0.119,0,0
3763,1.5,-0.1185,0,0
3764,1.5,-0.118,0,0
3765,1.5,-0.1175,0,0
3766,1.5,-0.117,0,0
3767,1.5,-0.1165,0,0
3768,1.5,-0.116,0,0
3769,1.5,-0.1155,0,0
3770,1.5,-0.115,0,0
3771,1.5,-0.1145,0,0
3772,1.5,-0.114,0,0
3773,1.5,-0.1135,0,0
3774,1.5,-0.113,0,0
3775,1.5,-0.1125,0,0
3776,1.5,-0.112,0,0
3777,1.5,-0.1115,0,0
3778,1.5,-0.111,0,0
3779,1.5,-0.1105,0,0
3780,1.5,-0.11,0,0
3781,1.5,-0.1095,0,0
3782,1.5,-0.109,0,0
3783,1.5,-0.1085,0,0
3784,1.5,-0.108,0,0
3785,1.5,-0.1075,0,0
3786,1.5,-0.107,0,0
3787,1.5,-0.1065,0,0
3788,1.5,-0.106,0,0
3789,1.5,-0.1055,0,0
3790,1.5,-0.105,0,0
3791,1.5,-0.1045,0,0
3792,1.5,-0.104,0,0
3793,1.5,-0.1035,0,0
3794,1.5,-0.103,0,0
3795,1.5,-0.1025,0,0
3796,1.5,-0.102,0,0
3797,1.5,-0.1015,0,0
3798,1.5,-0.101,0,0
3799,1.5,-0.1005,0,0
3800,1.5,-0.1,0,0
3801,1.5,-0.0995,0,0
3802,1.5,-0.099,0,0
3803,1.5,-0.0985,0,0
3804,1.5,-0.098,0,0
3805,1.5,-0.0975,0,0
3806,1.5,-0.097,0,0
3807,1.5,-0.0965,0,0
3808,1.5,-0.096,0,0
3809,1.5,-0.0955,0,0
3810,1.5,-0.095,0,0
3811,1.5,-0.0945,0,0
3812,1.5,-0.094,0,0
3813,1.5,-0.0935,0,0
3814,1.5,-0.093,0,0
3815,1.5,-0.0925,0,0
3816,1.5,-0.092,0,0
3817,1.5,-0.0915,0,0
3818,1.5,-0.091,0,0
3819,1.5,-0.0905,0,0
3820,1.5,-0.09,0,0
3821,1.5,-0.0895,0,0
3822,1.5,-0.089,0,0
3823,1.5,-0.0885,0,0
3824,1.5,-0.088,0,0
3825,1.5,-0.0875,0,0
3826,1.5,-0.087,0,0
3827,1.5,-0.0865,0,0
3828,1.5,-0.086,0,0
3829,1.5,-0.0855,0,0
3830,1.5,-0.085,0,0
3831,1.5,-0.0845,0,0
3832,1.5,-0.084,0,0
3833,1.5,-0.0835,0,0
3834,1.5,-0.083,0,0
3835,1.5,-0.0825,0,0
3836,1.5,-0.082,0,0
3837,1.5,-0.0815,0,0
3838,1.5,-0.081,0,0
3839,1.5,-0.0805,0,0
3840,1.5,-0.08,0,0
3841,1.5,-0.0795,0,0
3842,1.5,-0.079,0,0
3843,1.5,-0.0785,0,0
3844,1.5,-0.078,0,0
3845,1.5,-0.0775,0,0
3846,1.5,-0.077,0,0
3847,1.5,-0.0765,0,0
3848,1.5,-0.076,0,0
3849,1.5,-0.0755,0,0
3850,1.5,-0.075,0,0
3851,1.5,-0.0745,0,0
3852,1.5,-0.074,0,0
3853,1.5,-0.0735,0,0
3854,1.5,-0.073,0,0
3855,1.5,-0.0725,0,0
3856,1.5,-0.072,0,0
3857,1.5,-0.0715,0,0
3858,1.5,-0.071,0,0
3859,1.5,-0.0705,0,0
3860,1.5,-0.07,0,0
3861,1.5,-0.0695,0,0
3862,1.5,-0.069,0,0
3863,1.5,-0.0685,0,0
3864,1.5,-0.068,0,0
3865,1.5,-0.0675,0,0
3866,1.5,-0.067,0,0
3867,1.5,-0.0665,0,0
3868,1.5,-0.066,0,0
3869,1.5,-0.0655,0,0
3870,1.5,-0.065,0,0
3871,1.5,-0.0645,0,0
3872,1.5,-0.064,0,0
3873,1.5,-0.0635,0,0
3874,1.5,-0.063,0,0
3875,1.5,-0.0625,0,0
3876,1.5,-0.062,0,0
3877,1.5,-0.0615,0,0
3878,1.5,-0.061,0,0
3879,1.5,-0.0605,0,0
3880,1.5,-0.06,0,0
3881,1.5,-0.0595,0,0
3882,1.5,-0.059,0,0
3883,1.5,-0.0585,0,0
3884,1.5,-0.058,0,0
3885,1.5,-0.0575,0,0
3886,1.5,-0.057,0,0
3887,1.5,-0.0565,0,0
3888,1.5,-0.056,0,0
3889,1.5,-0.0555,0,0
3890,1.5,-0.055,0,0
3891,1.5,-0.0545,0,0
3892,1.5,-0.054,0,0
3893,1.5,-0.0535,0,0
3894,1.5,-0.053,0,0
3895,1.5,-0.0525,0,0
3896,1.5,-0.052,0,0
3897,1.5,-0.0515,0,0
3898,1.5,-0.051,0,0
3899,1.5,-0.0505,0,0
3900,1.5,-0.05,0,0
3901,1.5,-0.0495,0,0
3902,1.5,-0.049,0,0
3903,1.5,-0.0485,0,0
3904,1.5,-0.048,0,0
3905,1.5,-0.0475,0,0
3906,1.5,-0.047,0,0
3907,1.5,-0.0465,0,0
3908,1.5,-0.046,0,0
3909,1.5,-0.0455,0,0
3910,1.5,-0.045,0,0
3911,1.5,-0.0445,0,0
3912,1.5,-0.044,0,0
3913,1.5,-0.0435,0,0
3914,1.5,-0.043,0,0
3915,1.5,-0.0425,0,0
3916,1.5,-0.042,0,0
3917,1.5,-0.0415,0,0
3918,1.5,-0.041,0,0
3919,1.5,-0.0405,0,0
3920,1.5,-0.04,0,0
3921,1.5,-0.0395,0,0
3922,1.5,-0.039,0,0
3923,1.5,-0.0385,0,0
3924,1.5,-0.038,0,0
3925,1.5,-0.0375,0,0
3926,1.5,-0.037,0,0
3927,1.5,-0.0365,0,0
3928,1.5,-0.036,0,0
3929,1.5,-0.0355,0,0
3930,1.5,-0.035,0,0
3931,1.5,-0.0345,0,0
3932,1.5,-0.034,0,0
3933,1.5,-0.0335,0,0
3934,1.5,-0.033,0,0
3935,1.5,-0.0325,0,0
3936,1.5,-0.032,0,0
3937,1.5,-0.0315,0,0
3938,1.5,-0.031,0,0
3939,1.5,-0.0305,0,0
3940,1.5,-0.03,0,0
3941,1.5,-0.0295,0,0
3942,1.5,-0.029,0,0
3943,1.5,-0.0285,0,0
3944,1.5,-0.028,0,0
3945,1.5,-0.0275,0,0
3946,1.5,-0.027,0,0
3947,1.5,-0.0265,0,0
3948,1.5,-0.026,0,0
3949,1.5,-0.0255,0,0
3950,1.5,-0.025,0,0
3951,1.5,-0.0245,0,0
3952,1.5,-0.024,0,0
3953,1.5,-0.0235,0,0
3954,1.5,-0.023,0,0
3955,1.5,-0.0225,0,0
3956,1.5,-0.022,0,0
3957,1.5,-0.0215,0,0
3958,1.5,-0.021,0,0
3959,1.5,-0.0205,0,0
3960,1.5,-0.02,0,0
3961,1.5,-0.0195,0,0
3962,1.5,-0.019,0,0
3963,1.5,-0.0185,0,0
3964,1.5,-0.018,0,0
3965,1.5,-0.0175,0,0
3966,1.5,-0.017,0,0
3967,1.5,-0.0165,0,0
3968,1.5,-0.016,0,0
3969,1.5,-0.0155,0,0
3970,1.5,-0.015,0,0
3971,1.5,-0.0145,0,0
3972,1.5,-0.014,0,0
3973,1.5,-0.0135,0,0
3974,1.5,-0.013,0,0
3975,1.5,-0.0125,0,0
3976,1.5,-0.012,0,0
3977,1.5,-0.0115,0,0
3978,1.5,-0.011,0,0
3979,1.5,-0.0105,0,0
3980,1.5,-0.01,0,0
3981,1.4999999999998,-0.0095000000000001,0,0
3982,1.5000000000006,-0.0089999999999999,0,0
3983,1.4999999999978,-0.0085,0,0
3984,1.5000000000084,-0.008,0,0
3985,1.4999999999685,-0.0075000000000001,0,0
3986,1.5000000001186,-0.0069999999999999,0,0
3987,1.4999999995541,-0.0065,0,0
3988,1.5000000016766,-0.006,0,0
3989,1.499999993696,-0.0055000000000001,0,0
3990,1.5000000237028,-0.0049999999999999,0,0
3991,1.4999999108777,-0.0044999999999999,0,0
3992,1.5000003350987,-0.004,0,0
3993,1.4999987400325,-0.0035000000000001,0,0
3994,1.5000047374641,-0.0029999999999999,0,0
3995,1.4999821871866,-0.0024999999999999,0,0
3996,1.5000669759773,-0.002,0,0
3997,1.4997481709829,-0.0015000000000001,0,0
3998,1.5009468732448,-0.00099999999999989,0,0
3999,1.4964397514906,-0.00049999999999994,0,0
4000,1.5133862771802,0,0,0
8000,1.5073601922292,1,0,0
8001,1.4980424787844,1.0005,0,0
8002,1.5005206176185,1.001,0,0
8003,1.4998615373751,1.0015,0,0
8004,1.5000368252675,1.002,0,0
8005,1.4999902060169,1.0025,0,0
8006,1.5000026047903,1.003,0,0
8007,1.4999993072346,1.0035,0,0
8008,1.5000001842467,1.004,0,0
8009,1.4999999509981,1.0045,0,0
8010,1.5000000130325,1.005,0,0
8011,1.4999999965339,1.0055,0,0
8012,1.5000000009218,1.006,0,0
8013,1.4999999997548,1.0065,0,0
8014,1.5000000000652,1.007,0,0
8015,1.4999999999827,1.0075,0,0
8016,1.5000000000046,1.008,0,0
8017,1.4999999999988,1.0085,0,0
8018,1.5000000000003,1.009,0,0
8019,1.4999999999999,1.0095,0,0
8020,1.5,1.01,0,0
8021,1.5,1.0105,0,0
8022,1.5,1.011,0,0
8023,1.5,1.0115,0,0
8024,1.5,1.012,0,0
8025,1.5,1.0125,0,0
8026,1.5,1.013,0,0
8027,1.5,1.0135,0,0
8028,1.5,1.014,0,0
8029,1.5,1.0145,0,0
8030,1.5,1.015,0,0
8031,1.5,1.0155,0,0
8032,1.5,1.016,0,0
8033,1.5,1.0165,0,0
8034,1.5,1.017,0,0
8035,1.5,1.0175,0,0
8036,1.5,1.018,0,0
8037,1.5,1.0185,0,0
8038,1.5,1.019,0,0
8039,1.5,1.0195,0,0
8040,1.5,1.02,0,0
8041,1.5,1.0205,0,0
8042,1.5,1.021,0,0
8043,1.5,1.0215,0,0
8044,1.5,1.022,0,0
8045,1.5,1.0225,0,0
8046,1.5,1.023,0,0
8047,1.5,1.0235,0,0
8048,1.5,1.024,0,0
8049,1.5,1.0245,0,0
8050,1.5,1.025,0,0
8051,1.5,1.0255,0,0
8052,1.5,1.026,0,0
8053,1.5,1.0265,0,0
8054,1.5,1.027,0,0
8055,1.5,1.0275,0,0
8056,1.5,1.028,0,0
8057,1.5,1.0285,0,0
8058,1.5,1.029,0,0
8059,1.5,1.0295,0,0
8060,1.5,1.03,0,0
8061,1.5,1.0305,0,0
8062,1.5,1.031,0,0
8063,1.5,1.0315,0,0
8064,1.5,1.032,0,0
8065,1.5,1.0325,0,0
8066,1.5,1.033,0,0
8067,1.5,1.0335,0,0
8068,1.5,1.034,0,0
8069,1.5,1.0345,0,0
8070,1.5,1.035,0,0
8071,1.5,1.0355,0,0
8072,1.5,1.036,0,0
8073,1.5,1.0365,0,0
8074,1.5,1.037,0,0
8075,1.5,1.0375,0,0
8076,1.5,1.038,0,0
8077,1.5,1.0385,0,0
8078,1.5,1.039,0,0
8079,1.5,1.0395,0,0
8080,1.5,1.04,0,0
8081,1.5,1.0405,0,0
8082,1.5,1.041,0,0
8083,1.5,1.0415,0,0
8084,1.5,1.042,0,0
8085,1.5,1.0425,0,0
8086,1.5,1.043,0,0
8087,1.5,1.0435,0,0
8088,1.5,1.044,0,0
8089,1.5,1.0445,0,0
8090,1.5,1.045,0,0
8091,1.5,1.0455,0,0
8092,1.5,1.046,0,0
8093,1.5,1.0465,0,0
8094,1.5,1.047,0,0
8095,1.5,1.0475,0,0
8096,1.5,1.048,0,0
8097,1.5,1.0485,0,0
8098,1.5,1.049,0,0
8099,1.5,1.0495,0,0
8100,1.5,1.05,0,0
8101,1.5,1.0505,0,0
8102,1.5,1.051,0,0
8103,1.5,1.0515,0,0
8104,1.5,1.052,0,0
8105,1.5,1.0525,0,0
8106,1.5,1.053,0,0
8107,1.5,1.0535,0,0
8108,1.5,1.054,0,0
8109,1.5,1.0545,0,0
8110,1.5,1.055,0,0
8111,1.5,1.0555,0,0
8112,1.5,1.056,0,0
8113,1.5,1.0565,0,0
8114,1.5,1.057,0,0
8115,1.5,1.0575,0,0
8116,1.5,1.058,0,0
8117,1.5,1.0585,0,0
8118,1.5,1.059,0,0
8119,1.5,1.0595,0,0
8120,1.5,1.06,0,0
8121,1.5,1.0605,0,0
8122,1.5,1.061,0,0
8123,1.5,1.0615,0,0
8124,1.5,1.062,0,0
8125,1.5,1.0625,0,0
8126,1.5,1.063,0,0
8127,1.5,1.0635,0,0
8128,1.5,1.064,0,0
8129,1.5,1.0645,0,0
8130,1.5,1.065,0,0
8131,1.5,1.0655,0,0
8132,1.5,1.066,0,0
8133,1.5,1.0665,0,0
8134,1.5,1.067,0,0
8135,1.5,1.0675,0,0
8136,1.5,1.068,0,0
8137,1.5,1.0685,0,0
8138,1.5,1.069,0,0
8139,1.5,1.0695,0,0
8140,1.5,1.07,0,0
8141,1.5,1.0705,0,0
8142,1.5,1.071,0,0
8143,1.5,1.0715,0,0
8144,1.5,1.072,0,0
8145,1.5,1.0725,0,0
8146,1.5,1.073,0,0
8147,1.5,1.0735,0,0
8148,1.5,1.074,0,0
8149,1.5,1.0745,0,0
8150,1.5,1.075,0,0
8151,1.5,1.0755,0,0
8152,1.5,1.076,0,0
8153,1.5,1.0765,0,0
8154,1.5,1.077,0,0
8155,1.5,1.0775,0,0
8156,1.5,1.078,0,0
8157,1.5,1.0785,0,0
8158,1.5,1.079,0,0
8159,1.5,1.0795,0,0
8160,1.5,1.08,0,0
8161,1.5,1.0805,0,0
8162,1.5,1.081,0,0
8163,1.5,1.0815,0,0
8164,1.5,1.082,0,0
8165,1.5,1.0825,0,0
8166,1.5,1.083,0,0
8167,1.5,1.0835,0,0
8168,1.5,1.084,0,0
8169,1.5,1.0845,0,0
8170,1.5,1.085,0,0
8171,1.5,1.0855,0,0
8172,1.5,1.086,0,0
8173,1.5,1.0865,0,0
8174,1.5,1.087,0,0
8175,1.5,1.0875,0,0
8176,1.5,1.088,0,0
8177,1.5,1.0885,0,0
8178,1.5,1.089,0,0
8179,1.5,1.0895,0,0
8180,1.5,1.09,0,0
8181,1.5,1.0905,0,0
8182,1.5,1.091,0,0
8183,1.5,1.0915,0,0
8184,1.5,1.092,0,0
8185,1.5,1.0925,0,0
8186,1.5,1.093,0,0
8187,1.5,1.0935,0,0
8188,1.5,1.094,0,0
8189,1.5,1.0945,0,0
8190,1.5,1.095,0,0
8191,1.5,1.0955,0,0
8192,1.5,1.096,0,0
8193,1.5,1.0965,0,0
8194,1.5,1.097,0,0
8195,1.5,1.0975,0,0
8196,1.5,1.098,0,0
8197,1.5,1.0985,0,0
8198,1.5,1.099,0,0
8199,1.5,1.0995,0,0
8200,1.5,1.1,0,0
8201,1.5,1.1005,0,0
8202,1.5,1.101,0,0
8203,1.5,1.1015,0,0
8204,1.5,1.102,0,0
8205,1.5,1.1025,0,0
8206,1.5,1.103,0,0
8207,1.5,1.1035,0,0
8208,1.5,1.104,0,0
8209,1.5,1.1045,0,0
8210,1.5,1.105,0,0
8211,1.5,1.1055,0,0
8212,1.5,1.106,0,0
8213,1.5,1.1065,0,0
8214,1.5,1.107,0,0
8215,1.5,1.1075,0,0
8216,1.5,1.108,0,0
8217,1.5,1.1085,0,0
8218,1.5,1.109,0,0
8219,1.5,1.1095,0,0
8220,1.5,1.11,0,0
8221,1.5,1.1105,0,0
8222,1.5,1.111,0,0
8223,1.5,1.1115,0,0
8224,1.5,1.112,0,0
8225,1.5,1.1125,0,0
8226,1.5,1.113,0,0
8227,1.5,1.1135,0,0
8228,1.5,1.114,0,0
8229,1.5,1.1145,0,0
8230,1.5,1.115,0,0
8231,1.5,1.1155,0,0
8232,1.5,1.116,0,0
8233,1.5,1.1165,0,0
8234,1.5,1.117,0,0
8235,1.5,1.1175,0,0
8236,1.5,1.118,0,0
8237,1.5,1.1185,0,0
8238,1.5,1.119,0,0
8239,1.5,1.1195,0,0
8240,1.5,1.12,0,0
8241,1.5,1.1205,0,0
8242,1.5,1.121,0,0
8243,1.5,1.1215,0,0
8244,1.5,1.122,0,0
8245,1.5,1.1225,0,0
8246,1.5,1.123,0,0
8247,1.5,1.1235,0,0
8248,1.5,1.124,0,0
8249,1.5,1.1245,0,0
8250,1.5,1.125,0,0
8251,1.5,1.1255,0,0
8252,1.5,1.126,0,0
8253,1.5,1.1265,0,0
8254,1.5,1.127,0,0
8255,1.5,1.1275,0,0
8256,1.5,1.128,0,0
8257,1.5,1.1285,0,0
8258,1.5,1.129,0,0
8259,1.5,1.1295,0,0
8260,1.5,1.13,0,0
8261,1.5,1.1305,0,0
8262,1.5,1.131,0,0
8263,1.5,1.1315,0,0
8264,1.5,1.132,0,0
8265,1.5,1.1325,0,0
8266,1.5,1.133,0,0
8267,1.5,1.1335,0,0
8268,1.5,1.134,0,0
8269,1.5,1.1345,0,0
8270,1.5,1.135,0,0
8271,1.5,1.1355,0,0
8272,1.5,1.136,0,0
8273,1.5,1.1365,0,0
8274,1.5,1.137,0,0
8275,1.5,1.1375,0,0
8276,1.5,1.138,0,0
8277,1.5,1.1385,0,0
8278,1.5,1.139,0,0
8279,1.5,1.1395,0,0
8280,1.5,1.14,0,0
8281,1.5,1.1405,0,0
8282,1.5,1.141,0,0
8283,1.5,1.1415,0,0
8284,1.5,1.142,0,0
8285,1.5,1.1425,0,0
8286,1.5,1.143,0,0
8287,1.5,1.1435,0,0
8288,1.5,1.144,0,0
8289,1.5,1.1445,0,0
8290,1.5,1.145,0,0
8291,1.5,1.1455,0,0
8292,1.5,1.146,0,0
8293,1.5,1.1465,0,0
8294,1.5,1.147,0,0
8295,1.5,1.1475,0,0
8296,1.5,1.148,0,0
8297,1.5,1.1485,0,0
8298,1.5,1.149,0,0
8299,1.5,1.1495,0,0
8300,1.5,1.15,0,0
8301,1.5,1.1505,0,0
8302,1.5,1.151,0,0
8303,1.5,1.1515,0,0
8304,1.5,1.152,0,0
8305,1.5,1.1525,0,0
8306,1.5,1.153,0,0
8307,1.5,1.1535,0,0
8308,1.5,1.154,0,0
8309,1.5,1.1545,0,0
8310,1.5,1.155,0,0
8311,1.5,1.1555,0,0
8312,1.5,1.156,0,0
8313,1.5,1.1565,0,0
8314,1.5,1.157,0,0
8315,1.5,1.1575,0,0
8316,1.5,1.158,0,0
8317,1.5,1.1585,0,0
8318,1.5,1.159,0,0
8319,1.5,1.1595,0,0
8320,1.5,1.16,0,0
8321,1.5,1.1605,0,0
8322,1.5,1.161,0,0
8323,1.5,1.1615,0,0
8324,1.5,1.162,0,0
8325,1.5,1.1625,0,0
8326,1.5,1.163,0,0
8327,1.5,1.1635,0,0
8328,1.5,1.164,0,0
8329,1.5,1.1645,0,0
8330,1.5,1.165,0,0
8331,1.5,1.1655,0,0
8332,1.5,1.166,0,0
8333,1.5,1.1665,0,0
8334,1.5,1.167,0,0
8335,1.5,1.1675,0,0
8336,1.5,1.168,0,0
8337,1.5,1.1685,0,0
8338,1.5,1.169,0,0
8339,1.5,1.1695,0,0
8340,1.5,1.17,0,0
8341,1.5,1.1705,0,0
8342,1.5,1.171,0,0
8343,1.5,1.1715,0,0
8344,1.5,1.172,0,0
8345,1.5,1.1725,0,0
8346,1.5,1.173,0,0
8347,1.5,1.1735,0,0
8348,1.5,1.174,0,0
8349,1.5,1.1745,0,0
8350,1.5,1.175,0,0
8351,1.5,1.1755,0,0
8352,1.5,1.176,0,0
8353,1.5,1.1765,0,0
8354,1.5,1.177,0,0
8355,1.5,1.1775,0,0
8356,1.5,1.178,0,0
8357,1.5,1.1785,0,0
8358,1.5,1.179,0,0
8359,1.5,1.1795,0,0
8360,1.5,1.18,0,0
8361,1.5,1.1805,0,0
8362,1.5,1.181,0,0
8363,1.5,1.1815,0,0
8364,1.5,1.182,0,0
8365,1.5,1.1825,0,0
8366,1.5,1.183,0,0
8367,1.5,1.1835,0,0
8368,1.5,1.184,0,0
8369,1.5,1.1845,0,0
8370,1.5,1.185,0,0
8371,1.5,1.1855,0,0
8372,1.5,1.186,0,0
8373,1.5,1.1865,0,0
8374,1.5,1.187,0,0
8375,1.5,1.1875,0,0
8376,1.5,1.188,0,0
8377,1.5,1.1885,0,0
8378,1.5,1.189,0,0
8379,1.5,1.1895,0,0
8380,1.5,1.19,0,0
8381,1.5,1.1905,0,0
8382,1.5,1.191,0,0
8383,1.5,1.1915,0,0
8384,1.5,1.192,0,0
8385,1.5,1.1925,0,0
8386,1.5,1.193,0,0
8387,1.5,1.1935,0,0
8388,1.5,1.194,0,0
8389,1.5,1.1945,0,0
8390,1.5,1.195,0,0
8391,1.5,1.1955,0,0
8392,1.5,1.196,0,0
8393,1.5,1.1965,0,0
8394,1.5,1.197,0,0
8395,1.5,1.1975,0,0
8396,1.5,1.198,0,0
8397,1.5,1.1985,0,0
8398,1.5,1.199,0,0
8399,1.5,1.1995,0,0
8400,1.5,1.2,0,0
8401,1.5,1.2005,0,0
8402,1.5,1.201,0,0
8403,1.5,1.2015,0,0
8404,1.5,1.202,0,0
8405,1.5,1.2025,0,0
8406,1.5,1.203,0,0
8407,1.5,1.2035,0,0
8408,1.5,1.204,0,0
8409,1.5,1.2045,0,0
8410,1.5,1.205,0,0
8411,1.5,1.2055,0,0
8412,1.5,1.206,0,0
8413,1.5,1.2065,0,0
8414,1.5,1.207,0,0
8415,1.5,1.2075,0,0
8416,1.5,1.208,0,0
8417,1.5,1.2085,0,0
8418,1.5,1.209,0,0
8419,1.5,1.2095,0,0
8420,1.5,1.21,0,0
8421,1.5,1.2105,0,0
8422,1.5,1.211,0,0
8423,1.5,1.2115,0,0
8424,1.5,1.212,0,0
8425,1.5,1.2125,0,0
8426,1.5,1.213,0,0
8427,1.5,1.2135,0,0
8428,1.5,1.214,0,0
8429,1.5,1.2145,0,0
8430,1.5,1.215,0,0
8431,1.5,1.2155,0,0
8432,1.5,1.216,0,0
8433,1.5,1.2165,0,0
8434,1.5,1.217,0,0
8435,1.5,1.2175,0,0
8436,1.5,1.218,0,0
8437,1.5,1.2185,0,0
8438,1.5,1.219,0,0
8439,1.5,1.2195,0,0
8440,1.5,1.22,0,0
8441,1.5,1.2205,0,0
8442,1.5,1.221,0,0
8443,1.5,1.2215,0,0
8444,1.5,1.222,0,0
8445,1.5,1.2225,0,0
8446,1.5,1.223,0,0
8447,1.5,1.2235,0,0
8448,1.5,1.224,0,0
8449,1.5,1.2245,0,0
8450,1.5,1.225,0,0
8451,1.5,1.2255,0,0
8452,1.5,1.226,0,0
8453,1.5,1.2265,0,0
8454,1.5,1.227,0,0
8455,1.5,1.2275,0,0
8456,1.5,1.228,0,0
8457,1.5,1.2285,0,0
8458,1.5,1.229,0,0
8459,1.5,1.2295,0,0
8460,1.5,1.23,0,0
8461,1.5,1.2305,0,0
8462,1.5,1.231,0,0
8463,1.5,1.2315,0,0
8464,1.5,1.232,0,0
8465,1.5,1.2325,0,0
8466,1.5,1.233,0,0
8467,1.5,1.2335,0,0
8468,1.5,1.234,0,0
8469,1.5,1.2345,0,0
8470,1.5,1.235,0,0
8471,1.5,1.2355,0,0
8472,1.5,1.236,0,0
8473,1.5,1.2365,0,0
8474,1.5,1.237,0,0
8475,1.5,1.2375,0,0
8476,1.5,1.238,0,0
8477,1.5,1.2385,0,0
8478,1.5,1.239,0,0
8479,1.5,1.2395,0,0
8480,1.5,1.24,0,0
8481,1.5,1.2405,0,0
8482,1.5,1.241,0,0
8483,1.5,1.2415,0,0
8484,1.5,1.242,0,0
8485,1.5,1.2425,0,0
8486,1.5,1.243,0,0
8487,1.5,1.2435,0,0
8488,1.5,1.244,0,0
8489,1.5,1.2445,0,0
8490,1.5,1.245,0,0
8491,1.5,1.2455,0,0
8492,1.5,1.246,0,0
8493,1.5,1.2465,0,0
8494,1.5,1.247,0,0
8495,1.5,1.2475,0,0
8496,1.5,1.248,0,0
8497,1.5,1.2485,0,0
8498,1.5,1.249,0,0
8499,1.5,1.2495,0,0
8500,1.5,1.25,0,0
8501,1.5,1.2505,0,0
8502,1.5,1.251,0,0
8503,1.5,1.2515,0,0
8504,1.5,1.252,0,0
8505,1.5,1.2525,0,0
8506,1.5,1.253,0,0
8507,1.5,1.2535,0,0
8508,1.5,1.254,0,0
8509,1.5,1.2545,0,0
8510,1.5,1.255,0,0
8511,1.5,1.2555,0,0
8512,1.5,1.256,0,0
8513,1.5,1.2565,0,0
8514,1.5,1.257,0,0
8515,1.5,1.2575,0,0
8516,1.5,1.258,0,0
8517,1.5,1.2585,0,0
8518,1.5,1.259,0,0
8519,1.5,1.2595,0,0
8520,1.5,1.26,0,0
8521,1.5,1.2605,0,0
8522,1.5,1.261,0,0
8523,1.5,1.2615,0,0
8524,1.5,1.262,0,0
8525,1.5,1.2625,0,0
8526,1.5,1.263,0,0
8527,1.5,1.2635,0,0
8528,1.5,1.264,0,0
8529,1.5,1.2645,0,0
8530,1.5,1.265,0,0
8531,1.5,1.2655,0,0
8532,1.5,1.266,0,0
8533,1.5,1.2665,0,0
8534,1.5,1.267,0,0
8535,1.5,1.2675,0,0
8536,1.5,1.268,0,0
8537,1.5,1.2685,0,0
8538,1.5,1.269,0,0
8539,1.5,1.2695,0,0
8540,1.5,1.27,0,0
8541,1.5,1.2705,0,0
8542,1.5,1.271,0,0
8543,1.5,1.2715,0,0
8544,1.5,1.272,0,0
8545,1.5,1.2725,0,0
8546,1.5,1.273,0,0
8547,1.5,1.2735,0,0
8548,1.5,1.274,0,0
8549,1.5,1.2745,0,0
8550,1.5,1.275,0,0
8551,1.5,1.2755,0,0
8552,1.5,1.276,0,0
8553,1.5,1.2765,0,0
8554,1.5,1.277,0,0
8555,1.5,1.2775,0,0
8556,1.5,1.278,0,0
8557,1.5,1.2785,0,0
8558,1.5,1.279,0,0
8559,1.5,1.2795,0,0
8560,1.5,1.28,0,0
8561,1.5,1.2805,0,0
8562,1.5,1.281,0,0
8563,1.5,1.2815,0,0
8564,1.5,1.282,0,0
8565,1.5,1.2825,0,0
8566,1.5,1.283,0,0
8567,1.5,1.2835,0,0
8568,1.5,1.284,0,0
8569,1.5,1.2845,0,0
8570,1.5,1.285,0,0
8571,1.5,1.2855,0,0
8572,1.5,1.286,0,0
8573,1.5,1.2865,0,0
8574,1.5,1.287,0,0
8575,1.5,1.2875,0,0
8576,1.5,1.288,0,0
8577,1.5,1.2885,0,0
8578,1.5,1.289,0,0
8579,1.5,1.2895,0,0
8580,1.5,1.29,0,0
8581,1.5,1.2905,0,0
8582,1.5,1.291,0,0
8583,1.5,1.2915,0,0
8584,1.5,1.292,0,0
8585,1.5,1.2925,0,0
8586,1.5,1.293,0,0
8587,1.5,1.2935,0,0
8588,1.5,1.294,0,0
8589,1.5,1.2945,0,0
8590,1.5,1.295,0,0
8591,1.5,1.2955,0,0
8592,1.5,1.296,0,0
8593,1.5,1.2965,0,0
8594,1.5,1.297,0,0
8595,1.5,1.2975,0,0
8596,1.5,1.298,0,0
8597,1.5,1.2985,0,0
8598,1.5,1.299,0,0
8599,1.5,1.2995,0,0
8600,1.5,1.3,0,0
8601,1.5,1.3005,0,0
8602,1.5,1.301,0,0
8603,1.5,1.3015,0,0
8604,1.5,1.302,0,0
8605,1.5,1.3025,0,0
8606,1.5,1.303,0,0
8607,1.5,1.3035,0,0
8608,1.5,1.304,0,0
8609,1.5,1.3045,0,0
8610,1.5,1.305,0,0
8611,1.5,1.3055,0,0
8612,1.5,1.306,0,0
8613,1.5,1.3065,0,0
8614,1.5,1.307,0,0
8615,1.5,1.3075,0,0
8616,1.5,1.308,0,0
8617,1.5,1.3085,0,0
8618,1.5,1.309,0,0
8619,1.5,1.3095,0,0
8620,1.5,1.31,0,0
8621,1.5,1.3105,0,0
8622,1.5,1.311,0,0
8623,1.5,1.3115,0,0
8624,1.5,1.312,0,0
8625,1.5,1.3125,0,0
8626,1.5,1.313,0,0
8627,1.5,1.3135,0,0
8628,1.5,1.314,0,0
8629,1.5,1.3145,0,0
8630,1.5,1.315,0,0
8631,1.5,1.3155,0,0
8632,1.5,1.316,0,0
8633,1.5,1.3165,0,0
8634,1.5,1.317,0,0
8635,1.5,1.3175,0,0
8636,1.5,1.318,0,0
8637,1.5,1.3185,0,0
8638,1.5,1.319,0,0
8639,1.5,1.3195,0,0
8640,1.5,1.32,0,0
8641,1.5,1.3205,0,0
8642,1.5,1.321,0,0
8643,1.5,1.3215,0,0
8644,1.5,1.322,0,0
8645,1.5,1.3225,0,0
8646,1.5,1.323,0,0
8647,1.5,1.3235,0,0
8648,1.5,1.324,0,0
8649,1.5,1.3245,0,0
8650,1.5,1.325,0,0
8651,1.5,1.3255,0,0
8652,1.5,1.326,0,0
8653,1.5,1.3265,0,0
8654,1.5,1.327,0,0
8655,1.5,1.3275,0,0
8656,1.5,1.328,0,0
8657,1.5,1.3285,0,0
8658,1.5,1.329,0,0
8659,1.5,1.3295,0,0
8660,1.5,1.33,0,0
8661,1.5,1.3305,0,0
8662,1.5,1.331,0,0
8663,1.5,1.3315,0,0
8664,1.5,1.332,0,0
8665,1.5,1.3325,0,0
8666,1.5,1.333,0,0
8667,1.5,1.3335,0,0
8668,1.5,1.334,0,0
8669,1.5,1.3345,0,0
8670,1.5,1.335,0,0
8671,1.5,1.3355,0,0
8672,1.5,1.336,0,0
8673,1.5,1.3365,0,0
8674,1.5,1.337,0,0
8675,1.5,1.3375,0,0
8676,1.5,1.338,0,0
8677,1.5,1.3385,0,0
8678,1.5,1.339,0,0
8679,1.5,1.3395,0,0
8680,1.5,1.34,0,0
8681,1.5,1.3405,0,0
8682,1.5,1.341,0,0
8683,1.5,1.3415,0,0
8684,1.5,1.342,0,0
8685,1.5,1.3425,0,0
8686,1.5,1.343,0,0
8687,1.5,1.3435,0,0
8688,1.5,1.344,0,0
8689,1.5,1.3445,0,0
8690,1.5,1.345,0,0
8691,1.5,1.3455,0,0
8692,1.5,1.346,0,0
8693,1.5,1.3465,0,0
8694,1.5,1.347,0,0
8695,1.5,1.3475,0,0
8696,1.5,1.348,0,0
8697,1.5,1.3485,0,0
8698,1.5,1.349,0,0
8699,1.5,1.3495,0,0
8700,1.5,1.35,0,0
8701,1.5,1.3505,0,0
8702,1.5,1.351,0,0
8703,1.5,1.3515,0,0
8704,1.5,1.352,0,0
8705,1.5,1.3525,0,0
8706,1.5,1.353,0,0
8707,1.5,1.3535,0,0
8708,1.5,1.354,0,0
8709,1.5,1.3545,0,0
8710,1.5,1.355,0,0
8711,1.5,1.3555,0,0
8712,1.5,1.356,0,0
8713,1.5,1.3565,0,0
8714,1.5,1.357,0,0
8715,1.5,1.3575,0,0
8716,1.5,1.358,0,0
8717,1.5,1.3585,0,0
8718,1.5,1.359,0,0
8719,1.5,1.3595,0,0
8720,1.5,1.36,0,0
8721,1.5,1.3605,0,0
8722,1.5,1.361,0,0
8723,1.5,1.3615,0,0
8724,1.5,1.362,0,0
8725,1.5,1.3625,0,0
8726,1.5,1.363,0,0
8727,1.5,1.3635,0,0
8728,1.5,1.364,0,0
8729,1.5,1.3645,0,0
8730,1.5,1.365,0,0
8731,1.5,1.3655,0,0
8732,1.5,1.366,0,0
8733,1.5,1.3665,0,0
8734,1.5,1.367,0,0
8735,1.5,1.3675,0,0
8736,1.5,1.368,0,0
8737,1.5,1.3685,0,0
8738,1.5,1.369,0,0
8739,1.5,1.3695,0,0
8740,1.5,1.37,0,0
8741,1.5,1.3705,0,0
8742,1.5,1.371,0,0
8743,1.5,1.3715,0,0
8744,1.5,1.372,0,0
8745,1.5,1.3725,0,0
8746,1.5,1.373,0,0
8747,1.5,1.3735,0,0
8748,1.5,1.374,0,0
8749,1.5,1.3745,0,0
8750,1.5,1.375,0,0
8751,1.5,1.3755,0,0
8752,1.5,1.376,0,0
8753,1.5,1.3765,0,0
8754,1.5,1.377,0,0
8755,1.5,1.3775,0,0
8756,1.5,1.378,0,0
8757,1.5,1.3785,0,0
8758,1.5,1.379,0,0
8759,1.5,1.3795,0,0
8760,1.5,1.38,0,0
8761,1.5,1.3805,0,0
8762,1.5,1.381,0,0
8763,1.5,1.3815,0,0
8764,1.5,1.382,0,0
8765,1.5,1.3825,0,0
8766,1.5,1.383,0,0
8767,1.5,1.3835,0,0
8768,1.5,1.384,0,0
8769,1.5,1.3845,0,0
8770,1.5,1.385,0,0
8771,1.5,1.3855,0,0
8772,1.5,1.386,0,0
8773,1.5,1.3865,0,0
8774,1.5,1.387,0,0
8775,1.5,1.3875,0,0
8776,1.5,1.388,0,0
8777,1.5,1.3885,0,0
8778,1.5,1.389,0,0
8779,1.5,1.3895,0,0
8780,1.5,1.39,0,0
8781,1.5,1.3905,0,0
8782,1.5,1.391,0,0
8783,1.5,1.3915,0,0
8784,1.5,1.392,0,0
8785,1.5,1.3925,0,0
8786,1.5,1.393,0,0
8787,1.5,1.3935,0,0
8788,1.5,1.394,0,0
8789,1.5,1.3945,0,0
8790,1.5,1.395,0,0
8791,1.5,1.3955,0,0
8792,1.5,1.396,0,0
8793,1.5,1.3965,0,0
8794,1.5,1.397,0,0
8795,1.5,1.3975,0,0
8796,1.5,1.398,0,0
8797,1.5,1.3985,0,0
8798,1.5,1.399,0,0
8799,1.5,1.3995,0,0
8800,1.5,1.4,0,0
8801,1.5,1.4005,0,0
8802,1.5,1.401,0,0
8803,1.5,1.4015,0,0
8804,1.5,1.402,0,0
8805,1.5,1.4025,0,0
8806,1.5,1.403,0,0
8807,1.5,1.4035,0,0
8808,1.5,1.404,0,0
8809,1.5,1.4045,0,0
8810,1.5,1.405,0,0
8811,1.5,1.4055,0,0
8812,1.5,1.406,0,0
8813,1.5,1.4065,0,0
8814,1.5,1.407,0,0
8815,1.5,1.4075,0,0
8816,1.5,1.408,0,0
8817,1.5,1.4085,0,0
8818,1.5,1.409,0,0
8819,1.5,1.4095,0,0
8820,1.5,1.41,0,0
8821,1.5,1.4105,0,0
8822,1.5,1.411,0,0
8823,1.5,1.4115,0,0
8824,1.5,1.412,0,0
8825,1.5,1.4125,0,0
8826,1.5,1.413,0,0
8827,1.5,1.4135,0,0
8828,1.5,1.414,0,0
8829,1.5,1.4145,0,0
8830,1.5,1.415,0,0
8831,1.5,1.4155,0,0
8832,1.5,1.416,0,0
8833,1.5,1.4165,0,0
8834,1.5,1.417,0,0
8835,1.5,1.4175,0,0
8836,1.5,1.418,0,0
8837,1.5,1.4185,0,0
8838,1.5,1.419,0,0
8839,1.5,1.4195,0,0
8840,1.5,1.42,0,0
8841,1.5,1.4205,0,0
8842,1.5,1.421,0,0
8843,1.5,1.4215,0,0
8844,1.5,1.422,0,0
8845,1.5,1.4225,0,0
8846,1.5,1.423,0,0
8847,1.5,1.4235,0,0
8848,1.5,1.424,0,0
8849,1.5,1.4245,0,0
8850,1.5,1.425,0,0
8851,1.5,1.4255,0,0
8852,1.5,1.426,0,0
8853,1.5,1.4265,0,0
8854,1.5,1.427,0,0
8855,1.5,1.4275,0,0
8856,1.5,1.428,0,0
8857,1.5,1.4285,0,0
8858,1.5,1.429,0,0
8859,1.5,1.4295,0,0
8860,1.5,1.43,0,0
8861,1.5,1.4305,0,0
8862,1.5,1.431,0,0
8863,1.5,1.4315,0,0
8864,1.5,1.432,0,0
8865,1.5,1.4325,0,0
8866,1.5,1.433,0,0
8867,1.5,1.4335,0,0
8868,1.5,1.434,0,0
8869,1.5,1.4345,0,0
8870,1.5,1.435,0,0
8871,1.5,1.4355,0,0
8872,1.5,1.436,0,0
8873,1.5,1.4365,0,0
8874,1.5,1.437,0,0
8875,1.5,1.4375,0,0
8876,1.5,1.438,0,0
8877,1.5,1.4385,0,0
8878,1.5,1.439,0,0
8879,1.5,1.4395,0,0
8880,1.5,1.44,0,0
8881,1.5,1.4405,0,0
8882,1.5,1.441,0,0
8883,1.5,1.4415,0,0
8884,1.5,1.442,0,0
8885,1.5,1.4425,0,0
8886,1.5,1.443,0,0
8887,1.5,1.4435,0,0
8888,1.5,1.444,0,0
8889,1.5,1.4445,0,0
8890,1.5,1.445,0,0
8891,1.5,1.4455,0,0
8892,1.5,1.446,0,0
8893,1.5,1.4465,0,0
8894,1.5,1.447,0,0
8895,1.5,1.4475,0,0
8896,1.5,1.448,0,0
8897,1.5,1.4485,0,0
8898,1.5,1.449,0,0
8899,1.5,1.4495,0,0
8900,1.5,1.45,0,0
8901,1.5,1.4505,0,0
8902,1.5,1.451,0,0
8903,1.5,1.4515,0,0
8904,1.5,1.452,0,0
8905,1.5,1.4525,0,0
8906,1.5,1.453,0,0
8907,1.5,1.4535,0,0
8908,1.5,1.454,0,0
8909,1.5,1.4545,0,0
8910,1.5,1.455,0,0
8911,1.5,1.4555,0,0
8912,1.5,1.456,0,0
8913,1.5,1.4565,0,0
8914,1.5,1.457,0,0
8915,1.5,1.4575,0,0
8916,1.5,1.458,0,0
8917,1.5,1.4585,0,0
8918,1.5,1.459,0,0
8919,1.5,1.4595,0,0
8920,1.5,1.46,0,0
8921,1.5,1.4605,0,0
8922,1.5,1.461,0,0
8923,1.5,1.4615,0,0
8924,1.5,1.462,0,0
8925,1.5,1.4625,0,0
8926,1.5,1.463,0,0
8927,1.5,1.4635,0,0
8928,1.5,1.464,0,0
8929,1.5,1.4645,0,0
8930,1.5,1.465,0,0
8931,1.5,1.4655,0,0
8932,1.5,1.466,0,0
8933,1.5,1.4665,0,0
8934,1.5,1.467,0,0
8935,1.5,1.4675,0,0
8936,1.5,1.468,0,0
8937,1.5,1.4685,0,0
8938,1.5,1.469,0,0
8939,1.5,1.4695,0,0
8940,1.5,1.47,0,0
8941,1.5,1.4705,0,0
8942,1.5,1.471,0,0
8943,1.5,1.4715,0,0
8944,1.5,1.472,0,0
8945,1.5,1.4725,0,0
8946,1.5,1.473,0,0
8947,1.5,1.4735,0,0
8948,1.5,1.474,0,0
8949,1.5,1.4745,0,0
8950,1.5,1.475,0,0
8951,1.5,1.4755,0,0
8952,1.5,1.476,0,0
8953,1.5,1.4765,0,0
8954,1.5,1.477,0,0
8955,1.5,1.4775,0,0
8956,1.5,1.478,0,0
8957,1.5,1.4785,0,0
8958,1.5,1.479,0,0
8959,1.5,1.4795,0,0
8960,1.5,1.48,0,0
8961,1.5,1.4805,0,0
8962,1.5,1.481,0,0
8963,1.5,1.4815,0,0
8964,1.5,1.482,0,0
8965,1.5,1.4825,0,0
8966,1.5,1.483,0,0
8967,1.5,1.4835,0,0
8968,1.5,1.484,0,0
8969,1.5,1.4845,0,0
8970,1.5,1.485,0,0
8971,1.5,1.4855,0,0
8972,1.5,1.486,0,0
8973,1.5,1.4865,0,0
8974,1.5,1.487,0,0
8975,1.5,1.4875,0,0
8976,1.5,1.488,0,0
8977,1.5,1.4885,0,0
8978,1.5,1.489,0,0
8979,1.5,1.4895,0,0
8980,1.5,1.49,0,0
8981,1.5,1.4905,0,0
8982,1.5,1.491,0,0
8983,1.5,1.4915,0,0
8984,1.5,1.492,0,0
8985,1.5,1.4925,0,0
8986,1.5,1.493,0,0
8987,1.5,1.4935,0,0
8988,1.5,1.494,0,0
8989,1.5,1.4945,0,0
8990,1.5,1.495,0,0
8991,1.5,1.4955,0,0
8992,1.5,1.496,0,0
8993,1.5,1.4965,0,0
8994,1.5,1.497,0,0
8995,1.5,1.4975,0,0
8996,1.5,1.498,0,0
8997,1.5,1.4985,0,0
8998,1.5,1.499,0,0
8999,1.5,1.4995,0,0
9000,1.5,1.5,0,0
9001,1.5,1.5005,0,0
9002,1.5,1.501,0,0
9003,1.5,1.5015,0,0
9004,1.5,1.502,0,0
9005,1.5,1.5025,0,0
9006,1.5,1.503,0,0
9007,1.5,1.5035,0,0
9008,1.5,1.504,0,0
9009,1.5,1.5045,0,0
9010,1.5,1.505,0,0
9011,1.5,1.5055,0,0
9012,1.5,1.506,0,0
9013,1.5,1.5065,0,0
9014,1.5,1.507,0,0
9015,1.5,1.5075,0,0
9016,1.5,1.508,0,0
9017,1.5,1.5085,0,0
9018,1.5,1.509,0,0
9019,1.5,1.5095,0,0
9020,1.5,1.51,0,0
9021,1.5,1.5105,0,0
9022,1.5,1.511,0,0
9023,1.5,1.5115,0,0
9024,1.5,1.512,0,0
9025,1.5,1.5125,0,0
9026,1.5,1.513,0,0
9027,1.5,1.5135,0,0
9028,1.5,1.514,0,0
9029,1.5,1.5145,0,0
9030,1.5,1.515,0,0
9031,1.5,1.5155,0,0
9032,1.5,1.516,0,0
9033,1.5,1.5165,0,0
9034,1.5,1.517,0,0
9035,1.5,1.5175,0,0
9036,1.5,1.518,0,0
9037,1.5,1.5185,0,0
9038,1.5,1.519,0,0
9039,1.5,1.5195,0,0
9040,1.5,1.52,0,0
9041,1.5,1.5205,0,0
9042,1.5,1.521,0,0
9043,1.5,1.5215,0,0
9044,1.5,1.522,0,0
9045,1.5,1.5225,0,0
9046,1.5,1.523,0,0
9047,1.5,1.5235,0,0
9048,1.5,1.524,0,0
9049,1.5,1.5245,0,0
9050,1.5,1.525,0,0
9051,1.5,1.5255,0,0
9052,1.5,1.526,0,0
9053,1.5,1.5265,0,0
9054,1.5,1.527,0,0
9055,1.5,1.5275,0,0
9056,1.5,1.528,0,0
9057,1.5,1.5285,0,0
9058,1.5,1.529,0,0
9059,1.5,1.5295,0,0
9060,1.5,1.53,0,0
9061,1.5,1.5305,0,0
9062,1.5,1.531,0,0
9063,1.5,1.5315,0,0
9064,1.5,1.532,0,0
9065,1.5,1.5325,0,0
9066,1.5,1.533,0,0
9067,1.5,1.5335,0,0
9068,1.5,1.534,0,0
9069,1.5,1.5345,0,0
9070,1.5,1.535,0,0
9071,1.5,1.5355,0,0
9072,1.5,1.536,0,0
9073,1.5,1.5365,0,0
9074,1.5,1.537,0,0
9075,1.5,1.5375,0,0
9076,1.5,1.538,0,0
9077,1.5,1.5385,0,0
9078,1.5,1.539,0,0
9079,1.5,1.5395,0,0
9080,1.5,1.54,0,0
9081,1.5,1.5405,0,0
9082,1.5,1.541,0,0
9083,1.5,1.5415,0,0
9084,1.5,1.542,0,0
9085,1.5,1.5425,0,0
9086,1.5,1.543,0,0
9087,1.5,1.5435,0,0
9088,1.5,1.544,0,0
9089,1.5,1.5445,0,0
9090,1.5,1.545,0,0
9091,1.5,1.5455,0,0
9092,1.5,1.546,0,0
9093,1.5,1.5465,0,0
9094,1.5,1.547,0,0
9095,1.5,1.5475,0,0
9096,1.5,1.548,0,0
9097,1.5,1.5485,0,0
9098,1.5,1.549,0,0
9099,1.5,1.5495,0,0
9100,1.5,1.55,0,0
9101,1.5,1.5505,0,0
9102,1.5,1.551,0,0
9103,1.5,1.5515,0,0
9104,1.5,1.552,0,0
9105,1.5,1.5525,0,0
9106,1.5,1.553,0,0
9107,1.5,1.5535,0,0
9108,1.5,1.554,0,0
9109,1.5,1.5545,0,0
9110,1.5,1.555,0,0
9111,1.5,1.5555,0,0
9112,1.5,1.556,0,0
9113,1.5,1.5565,0,0
9114,1.5,1.557,0,0
9115,1.5,1.5575,0,0
9116,1.5,1.558,0,0
9117,1.5,1.5585,0,0
9118,1.5,1.559,0,0
9119,1.5,1.5595,0,0
9120,1.5,1.56,0,0
9121,1.5,1.5605,0,0
9122,1.5,1.561,0,0
9123,1.5,1.5615,0,0
9124,1.5,1.562,0,0
9125,1.5,1.5625,0,0
9126,1.5,1.563,0,0
9127,1.5,1.5635,0,0
9128,1.5,1.564,0,0
9129,1.5,1.5645,0,0
9130,1.5,1.565,0,0
9131,1.5,1.5655,0,0
9132,1.5,1.566,0,0
9133,1.5,1.5665,0,0
9134,1.5,1.567,0,0
9135,1.5,1.5675,0,0
9136,1.5,1.568,0,0
9137,1.5,1.5685,0,0
9138,1.5,1.569,0,0
9139,1.5,1.5695,0,0
9140,1.5,1.57,0,0
9141,1.5,1.5705,0,0
9142,1.5,1.571,0,0
9143,1.5,1.5715,0,0
9144,1.5,1.572,0,0
9145,1.5,1.5725,0,0
9146,1.5,1.573,0,0
9147,1.5,1.5735,0,0
9148,1.5,1.574,0,0
9149,1.5,1.5745,0,0
9150,1.5,1.575,0,0
9151,1.5,1.5755,0,0
9152,1.5,1.576,0,0
9153,1.5,1.5765,0,0
9154,1.5,1.577,0,0
9155,1.5,1.5775,0,0
9156,1.5,1.578,0,0
9157,1.5,1.5785,0,0
9158,1.5,1.579,0,0
9159,1.5,1.5795,0,0
9160,1.5,1.58,0,0
9161,1.5,1.5805,0,0
9162,1.5,1.581,0,0
9163,1.5,1.5815,0,0
9164,1.5,1.582,0,0
9165,1.5,1.5825,0,0
9166,1.5,1.583,0,0
9167,1.5,1.5835,0,0
9168,1.5,1.584,0,0
9169,1.5,1.5845,0,0
9170,1.5,1.585,0,0
9171,1.5,1.5855,0,0
9172,1.5,1.586,0,0
9173,1.5,1.5865,0,0
9174,1.5,1.587,0,0
9175,1.5,1.5875,0,0
9176,1.5,1.588,0,0
9177,1.5,1.5885,0,0
9178,1.5,1.589,0,0
9179,1.5,1.5895,0,0
9180,1.5,1.59,0,0
9181,1.5,1.5905,0,0
9182,1.5,1.591,0,0
9183,1.5,1.5915,0,0
9184,1.5,1.592,0,0
9185,1.5,1.5925,0,0
9186,1.5,1.593,0,0
9187,1.5,1.5935,0,0
9188,1.5,1.594,0,0
9189,1.5,1.5945,0,0
9190,1.5,1.595,0,0
9191,1.5,1.5955,0,0
9192,1.5,1.596,0,0
9193,1.5,1.5965,0,0
9194,1.5,1.597,0,0
9195,1.5,1.5975,0,0
9196,1.5,1.598,0,0
9197,1.5,1.5985,0,0
9198,1.5,1.599,0,0
9199,1.5,1.5995,0,0
9200,1.5,1.6,0,0
9201,1.5,1.6005,0,0
9202,1.5,1.601,0,0
9203,1.5,1.6015,0,0
9204,1.5,1.602,0,0
9205,1.5,1.6025,0,0
9206,1.5,1.603,0,0
9207,1.5,1.6035,0,0
9208,1.5,1.604,0,0
9209,1.5,1.6045,0,0
9210,1.5,1.605,0,0
9211,1.5,1.6055,0,0
9212,1.5,1.606,0,0
9213,1.5,1.6065,0,0
9214,1.5,1.607,0,0
9215,1.5,1.6075,0,0
9216,1.5,1.608,0,0
9217,1.5,1.6085,0,0
9218,1.5,1.609,0,0
9219,1.5,1.6095,0,0
9220,1.5,1.61,0,0
9221,1.5,1.6105,0,0
9222,1.5,1.611,0,0
9223,1.5,1.6115,0,0
9224,1.5,1.612,0,0
9225,1.5,1.6125,0,0
9226,1.5,1.613,0,0
9227,1.5,1.6135,0,0
9228,1.5,1.614,0,0
9229,1.5,1.6145,0,0
9230,1.5,1.615,0,0
9231,1.5,1.6155,0,0
9232,1.5,1.616,0,0
9233,1.5,1.6165,0,0
9234,1.5,1.617,0,0
9235,1.5,1.6175,0,0
9236,1.5,1.618,0,0
9237,1.5,1.6185,0,0
9238,1.5,1.619,0,0
9239,1.5,1.6195,0,0
9240,1.5,1.62,0,0
9241,1.5,1.6205,0,0
9242,1.5,1.621,0,0
9243,1.5,1.6215,0,0
9244,1.5,1.622,0,0
9245,1.5,1.6225,0,0
9246,1.5,1.623,0,0
9247,1.5,1.6235,0,0
9248,1.5,1.624,0,0
9249,1.5,1.6245,0,0
9250,1.5,1.625,0,0
9251,1.5,1.6255,0,0
9252,1.5,1.626,0,0
9253,1.5,1.6265,0,0
9254,1.5,1.627,0,0
9255,1.5,1.6275,0,0
9256,1.5,1.628,0,0
9257,1.5,1.6285,0,0
9258,1.5,1.629,0,0
9259,1.5,1.6295,0,0
9260,1.5,1.63,0,0
9261,1.5,1.6305,0,0
9262,1.5,1.631,0,0
9263,1.5,1.6315,0,0
9264,1.5,1.632,0,0
9265,1.5,1.6325,0,0
9266,1.5,1.633,0,0
9267,1.5,1.6335,0,0
9268,1.5,1.634,0,0
9269,1.5,1.6345,0,0
9270,1.5,1.635,0,0
9271,1.5,1.6355,0,0
9272,1.5,1.636,0,0
9273,1.5,1.6365,0,0
9274,1.5,1.637,0,0
9275,1.5,1.6375,0,0
9276,1.5,1.638,0,0
9277,1.5,1.6385,0,0
9278,1.5,1.639,0,0
9279,1.5,1.6395,0,0
9280,1.5,1.64,0,0
9281,1.5,1.6405,0,0
9282,1.5,1.641,0,0
9283,1.5,1.6415,0,0
9284,1.5,1.642,0,0
9285,1.5,1.6425,0,0
9286,1.5,1.643,0,0
9287,1.5,1.6435,0,0
9288,1.5,1.644,0,0
9289,1.5,1.6445,0,0
9290,1.5,1.645,0,0
9291,1.5,1.6455,0,0
9292,1.5,1.646,0,0
9293,1.5,1.6465,0,0
9294,1.5,1.647,0,0
9295,1.5,1.6475,0,0
9296,1.5,1.648,0,0
9297,1.5,1.6485,0,0
9298,1.5,1.649,0,0
9299,1.5,1.6495,0,0
9300,1.5,1.65,0,0
9301,1.5,1.6505,0,0
9302,1.5,1.651,0,0
9303,1.5,1.6515,0,0
9304,1.5,1.652,0,0
9305,1.5,1.6525,0,0
9306,1.5,1.653,0,0
9307,1.5,1.6535,0,0
9308,1.5,1.654,0,0
9309,1.5,1.6545,0,0
9310,1.5,1.655,0,0
9311,1.5,1.6555,0,0
9312,1.5,1.656,0,0
9313,1.5,1.6565,0,0
9314,1.5,1.657,0,0
9315,1.5,1.6575,0,0
9316,1.5,1.658,0,0
9317,1.5,1.6585,0,0
9318,1.5,1.659,0,0
9319,1.5,1.6595,0,0
9320,1.5,1.66,0,0
9321,1.5,1.6605,0,0
9322,1.5,1.661,0,0
9323,1.5,1.6615,0,0
9324,1.5,1.662,0,0
9325,1.5,1.6625,0,0
9326,1.5,1.663,0,0
9327,1.5,1.6635,0,0
9328,1.5,1.664,0,0
9329,1.5,1.6645,0,0
9330,1.5,1.665,0,0
9331,1.5,1.6655,0,0
9332,1.5,1.666,0,0
9333,1.5,1.6665,0,0
9334,1.5,1.667,0,0
9335,1.5,1.6675,0,0
9336,1.5,1.668,0,0
9337,1.5,1.6685,0,0
9338,1.5,1.669,0,0
9339,1.5,1.6695,0,0
9340,1.5,1.67,0,0
9341,1.5,1.6705,0,0
9342,1.5,1.671,0,0
9343,1.5,1.6715,0,0
9344,1.5,1.672,0,0
9345,1.5,1.6725,0,0
9346,1.5,1.673,0,0
9347,1.5,1.6735,0,0
9348,1.5,1.674,0,0
9349,1.5,1.6745,0,0
9350,1.5,1.675,0,0
9351,1.5,1.6755,0,0
9352,1.5,1.676,0,0
9353,1.5,1.6765,0,0
9354,1.5,1.677,0,0
9355,1.5,1.6775,0,0
9356,1.5,1.678,0,0
9357,1.5,1.6785,0,0
9358,1.5,1.679,0,0
9359,1.5,1.6795,0,0
9360,1.5,1.68,0,0
9361,1.5,1.6805,0,0
9362,1.5,1.681,0,0
9363,1.5,1.6815,0,0
9364,1.5,1.682,0,0
9365,1.5,1.6825,0,0
9366,1.5,1.683,0,0
9367,1.5,1.6835,0,0
9368,1.5,1.684,0,0
9369,1.5,1.6845,0,0
9370,1.5,1.685,0,0
9371,1.5,1.6855,0,0
9372,1.5,1.686,0,0
9373,1.5,1.6865,0,0
9374,1.5,1.687,0,0
9375,1.5,1.6875,0,0
9376,1.5,1.688,0,0
9377,1.5,1.6885,0,0
9378,1.5,1.689,0,0
9379,1.5,1.6895,0,0
9380,1.5,1.69,0,0
9381,1.5,1.6905,0,0
9382,1.5,1.691,0,0
9383,1.5,1.6915,0,0
9384,1.5,1.692,0,0
9385,1.5,1.6925,0,0
9386,1.5,1.693,0,0
9387,1.5,1.6935,0,0
9388,1.5,1.694,0,0
9389,1.5,1.6945,0,0
9390,1.5,1.695,0,0
9391,1.5,1.6955,0,0
9392,1.5,1.696,0,0
9393,1.5,1.6965,0,0
9394,1.5,1.697,0,0
9395,1.5,1.6975,0,0
9396,1.5,1.698,0,0
9397,1.5,1.6985,0,0
9398,1.5,1.699,0,0
9399,1.5,1.6995,0,0
9400,1.5,1.7,0,0
9401,1.5,1.7005,0,0
9402,1.5,1.701,0,0
9403,1.5,1.7015,0,0
9404,1.5,1.702,0,0
9405,1.5,1.7025,0,0
9406,1.5,1.703,0,0
9407,1.5,1.7035,0,0
9408,1.5,1.704,0,0
9409,1.5,1.7045,0,0
9410,1.5,1.705,0,0
9411,1.5,1.7055,0,0
9412,1.5,1.706,0,0
9413,1.5,1.7065,0,0
9414,1.5,1.707,0,0
9415,1.5,1.7075,0,0
9416,1.5,1.708,0,0
9417,1.5,1.7085,0,0
9418,1.5,1.709,0,0
9419,1.5,1.7095,0,0
9420,1.5,1.71,0,0
9421,1.5,1.7105,0,0
9422,1.5,1.711,0,0
9423,1.5,1.7115,0,0
9424,1.5,1.712,0,0
9425,1.5,1.7125,0,0
9426,1.5,1.713,0,0
9427,1.5,1.7135,0,0
9428,1.5,1.714,0,0
9429,1.5,1.7145,0,0
9430,1.5,1.715,0,0
9431,1.5,1.7155,0,0
9432,1.5,1.716,0,0
9433,1.5,1.7165,0,0
9434,1.5,1.717,0,0
9435,1.5,1.7175,0,0
9436,1.5,1.718,0,0
9437,1.5,1.7185,0,0
9438,1.5,1.719,0,0
9439,1.5,1.7195,0,0
9440,1.5,1.72,0,0
9441,1.5,1.7205,0,0
9442,1.5,1.721,0,0
9443,1.5,1.7215,0,0
9444,1.5,1.722,0,0
9445,1.5,1.7225,0,0
9446,1.5,1.723,0,0
9447,1.5,1.7235,0,0
9448,1.5,1.724,0,0
9449,1.5,1.7245,0,0
9450,1.5,1.725,0,0
9451,1.5,1.7255,0,0
9452,1.5,1.726,0,0
9453,1.5,1.7265,0,0
9454,1.5,1.727,0,0
9455,1.5,1.7275,0,0
9456,1.5,1.728,0,0
9457,1.5,1.7285,0,0
9458,1.5,1.729,0,0
9459,1.5,1.7295,0,0
9460,1.5,1.73,0,0
9461,1.5,1.7305,0,0
9462,1.5,1.731,0,0
9463,1.5,1.7315,0,0
9464,1.5,1.732,0,0
9465,1.5,1.7325,0,0
9466,1.5,1.733,0,0
9467,1.5,1.7335,0,0
9468,1.5,1.734,0,0
9469,1.5,1.7345,0,0
9470,1.5,1.735,0,0
9471,1.5,1.7355,0,0
9472,1.5,1.736,0,0
9473,1.5,1.7365,0,0
9474,1.5,1.737,0,0
9475,1.5,1.7375,0,0
9476,1.5,1.738,0,0
9477,1.5,1.7385,0,0
9478,1.5,1.739,0,0
9479,1.5,1.7395,0,0
9480,1.5,1.74,0,0
9481,1.5,1.7405,0,0
9482,1.5,1.741,0,0
9483,1.5,1.7415,0,0
9484,1.5,1.742,0,0
9485,1.5,1.7425,0,0
9486,1.5,1.743,0,0
9487,1.5,1.7435,0,0
9488,1.5,1.744,0,0
9489,1.5,1.7445,0,0
9490,1.5,1.745,0,0
9491,1.5,1.7455,0,0
9492,1.5,1.746,0,0
9493,1.5,1.7465,0,0
9494,1.5,1.747,0,0
9495,1.5,1.7475,0,0
9496,1.5,1.748,0,0
9497,1.5,1.7485,0,0
9498,1.5,1.749,0,0
9499,1.5,1.7495,0,0
9500,1.5,1.75,0,0
9501,1.5,1.7505,0,0
9502,1.5,1.751,0,0
9503,1.5,1.7515,0,0
9504,1.5,1.752,0,0
9505,1.5,1.7525,0,0
9506,1.5,1.753,0,0
9507,1.5,1.7535,0,0
9508,1.5,1.754,0,0
9509,1.5,1.7545,0,0
9510,1.5,1.755,0,0
9511,1.5,1.7555,0,0
9512,1.5,1.756,0,0
9513,1.5,1.7565,0,0
9514,1.5,1.757,0,0
9515,1.5,1.7575,0,0
9516,1.5,1.758,0,0
9517,1.5,1.7585,0,0
9518,1.5,1.759,0,0
9519,1.5,1.7595,0,0
9520,1.5,1.76,0,0
9521,1.5,1.7605,0,0
9522,1.5,1.761,0,0
9523,1.5,1.7615,0,0
9524,1.5,1.762,0,0
9525,1.5,1.7625,0,0
9526,1.5,1.763,0,0
9527,1.5,1.7635,0,0
9528,1.5,1.764,0,0
9529,1.5,1.7645,0,0
9530,1.5,1.765,0,0
9531,1.5,1.7655,0,0
9532,1.5,1.766,0,0
9533,1.5,1.7665,0,0
9534,1.5,1.767,0,0
9535,1.5,1.7675,0,0
9536,1.5,1.768,0,0
9537,1.5,1.7685,0,0
9538,1.5,1.769,0,0
9539,1.5,1.7695,0,0
9540,1.5,1.77,0,0
9541,1.5,1.7705,0,0
9542,1.5,1.771,0,0
9543,1.5,1.7715,0,0
9544,1.5,1.772,0,0
9545,1.5,1.7725,0,0
9546,1.5,1.773,0,0
9547,1.5,1.7735,0,0
9548,1.5,1.774,0,0
9549,1.5,1.7745,0,0
9550,1.5,1.775,0,0
9551,1.5,1.7755,0,0
9552,1.5,1.776,0,0
9553,1.5,1.7765,0,0
9554,1.5,1.777,0,0
9555,1.5,1.7775,0,0
9556,1.5,1.778,0,0
9557,1.5,1.7785,0,0
9558,1.5,1.779,0,0
9559,1.5,1.7795,0,0
9560,1.5,1.78,0,0
9561,1.5,1.7805,0,0
9562,1.5,1.781,0,0
9563,1.5,1.7815,0,0
9564,1.5,1.782,0,0
9565,1.5,1.7825,0,0
9566,1.5,1.783,0,0
9567,1.5,1.7835,0,0
9568,1.5,1.784,0,0
9569,1.5,1.7845,0,0
9570,1.5,1.785,0,0
9571,1.5,1.7855,0,0
9572,1.5,1.786,0,0
9573,1.5,1.7865,0,0
9574,1.5,1.787,0,0
9575,1.5,1.7875,0,0
9576,1.5,1.788,0,0
9577,1.5,1.7885,0,0
9578,1.5,1.789,0,0
9579,1.5,1.7895,0,0
9580,1.5,1.79,0,0
9581,1.5,1.7905,0,0
9582,1.5,1.791,0,0
9583,1.5,1.7915,0,0
9584,1.5,1.792,0,0
9585,1.5,1.7925,0,0
9586,1.5,1.793,0,0
9587,1.5,1.7935,0,0
9588,1.5,1.794,0,0
9589,1.5,1.7945,0,0
9590,1.5,1.795,0,0
9591,1.5,1.7955,0,0
9592,1.5,1.796,0,0
9593,1.5,1.7965,0,0
9594,1.5,1.797,0,0
9595,1.5,1.7975,0,0
9596,1.5,1.798,0,0
9597,1.5,1.7985,0,0
9598,1.5,1.799,0,0
9599,1.5,1.7995,0,0
9600,1.5,1.8,0,0
9601,1.5,1.8005,0,0
9602,1.5,1.801,0,0
9603,1.5,1.8015,0,0
9604,1.5,1.802,0,0
9605,1.5,1.8025,0,0
9606,1.5,1.803,0,0
9607,1.5,1.8035,0,0
9608,1.5,1.804,0,0
9609,1.5,1.8045,0,0
9610,1.5,1.805,0,0
9611,1.5,1.8055,0,0
9612,1.5,1.806,0,0
9613,1.5,1.8065,0,0
9614,1.5,1.807,0,0
9615,1.5,1.8075,0,0
9616,1.5,1.808,0,0
9617,1.5,1.8085,0,0
9618,1.5,1.809,0,0
9619,1.5,1.8095,0,0
9620,1.5,1.81,0,0
9621,1.5,1.8105,0,0
9622,1.5,1.811,0,0
9623,1.5,1.8115,0,0
9624,1.5,1.812,0,0
9625,1.5,1.8125,0,0
9626,1.5,1.813,0,0
9627,1.5,1.8135,0,0
9628,1.5,1.814,0,0
9629,1.5,1.8145,0,0
9630,1.5,1.815,0,0
9631,1.5,1.8155,0,0
9632,1.5,1.816,0,0
9633,1.5,1.8165,0,0
9634,1.5,1.817,0,0
9635,1.5,1.8175,0,0
9636,1.5,1.818,0,0
9637,1.5,1.8185,0,0
9638,1.5,1.819,0,0
9639,1.5,1.8195,0,0
9640,1.5,1.82,0,0
9641,1.5,1.8205,0,0
9642,1.5,1.821,0,0
9643,1.5,1.8215,0,0
9644,1.5,1.822,0,0
9645,1.5,1.8225,0,0
9646,1.5,1.823,0,0
9647,1.5,1.8235,0,0
9648,1.5,1.824,0,0
9649,1.5,1.8245,0,0
9650,1.5,1.825,0,0
9651,1.5,1.8255,0,0
9652,1.5,1.826,0,0
9653,1.5,1.8265,0,0
9654,1.5,1.827,0,0
9655,1.5,1.8275,0,0
9656,1.5,1.828,0,0
9657,1.5,1.8285,0,0
9658,1.5,1.829,0,0
9659,1.5,1.8295,0,0
9660,1.5,1.83,0,0
9661,1.5,1.8305,0,0
9662,1.5,1.831,0,0
9663,1.5,1.8315,0,0
9664,1.5,1.832,0,0
9665,1.5,1.8325,0,0
9666,1.5,1.833,0,0
9667,1.5,1.8335,0,0
9668,1.5,1.834,0,0
9669,1.5,1.8345,0,0
9670,1.5,1.835,0,0
9671,1.5,1.8355,0,0
9672,1.5,1.836,0,0
9673,1.5,1.8365,0,0
9674,1.5,1.837,0,0
9675,1.5,1.8375,0,0
9676,1.5,1.838,0,0
9677,1.5,1.8385,0,0
9678,1.5,1.839,0,0
9679,1.5,1.8395,0,0
9680,1.5,1.84,0,0
9681,1.5,1.8405,0,0
9682,1.5,1.841,0,0
9683,1.5,1.8415,0,0
9684,1.5,1.842,0,0
9685,1.5,1.8425,0,0
9686,1.5,1.843,0,0
9687,1.5,1.8435,0,0
9688,1.5,1.844,0,0
9689,1.5,1.8445,0,0
9690,1.5,1.845,0,0
9691,1.5,1.8455,0,0
9692,1.5,1.846,0,0
9693,1.5,1.8465,0,0
9694,1.5,1.847,0,0
9695,1.5,1.8475,0,0
9696,1.5,1.848,0,0
9697,1.5,1.8485,0,0
9698,1.5,1.849,0,0
9699,1.5,1.8495,0,0
9700,1.5,1.85,0,0
9701,1.5,1.8505,0,0
9702,1.5,1.851,0,0
9703,1.5,1.8515,0,0
9704,1.5,1.852,0,0
9705,1.5,1.8525,0,0
9706,1.5,1.853,0,0
9707,1.5,1.8535,0,0
9708,1.5,1.854,0,0
9709,1.5,1.8545,0,0
9710,1.5,1.855,0,0
9711,1.5,1.8555,0,0
9712,1.5,1.856,0,0
9713,1.5,1.8565,0,0
9714,1.5,1.857,0,0
9715,1.5,1.8575,0,0
9716,1.5,1.858,0,0
9717,1.5,1.8585,0,0
9718,1.5,1.859,0,0
9719,1.5,1.8595,0,0
9720,1.5,1.86,0,0
9721,1.5,1.8605,0,0
9722,1.5,1.861,0,0
9723,1.5,1.8615,0,0
9724,1.5,1.862,0,0
9725,1.5,1.8625,0,0
9726,1.5,1.863,0,0
9727,1.5,1.8635,0,0
9728,1.5,1.864,0,0
9729,1.5,1.8645,0,0
9730,1.5,1.865,0,0
9731,1.5,1.8655,0,0
9732,1.5,1.866,0,0
9733,1.5,1.8665,0,0
9734,1.5,1.867,0,0
9735,1.5,1.8675,0,0
9736,1.5,1.868,0,0
9737,1.5,1.8685,0,0
9738,1.5,1.869,0,0
9739,1.5,1.8695,0,0
9740,1.5,1.87,0,0
9741,1.5,1.8705,0,0
9742,1.5,1.871,0,0
9743,1.5,1.8715,0,0
9744,1.5,1.872,0,0
9745,1.5,1.8725,0,0
9746,1.5,1.873,0,0
9747,1.5,1.8735,0,0
9748,1.5,1.874,0,0
9749,1.5,1.8745,0,0
9750,1.5,1.875,0,0
9751,1.5,1.8755,0,0
9752,1.5,1.876,0,0
9753,1.5,1.8765,0,0
9754,1.5,1.877,0,0
9755,1.5,1.8775,0,0
9756,1.5,1.878,0,0
9757,1.5,1.8785,0,0
9758,1.5,1.879,0,0
9759,1.5,1.8795,0,0
9760,1.5,1.88,0,0
9761,1.5,1.8805,0,0
9762,1.5,1.881,0,0
9763,1.5,1.8815,0,0
9764,1.5,1.882,0,0
9765,1.5,1.8825,0,0
9766,1.5,1.883,0,0
9767,1.5,1.8835,0,0
9768,1.5,1.884,0,0
9769,1.5,1.8845,0,0
9770,1.5,1.885,0,0
9771,1.5,1.8855,0,0
9772,1.5,1.886,0,0
9773,1.5,1.8865,0,0
9774,1.5,1.887,0,0
9775,1.5,1.8875,0,0
9776,1.5,1.888,0,0
9777,1.5,1.8885,0,0
9778,1.5,1.889,0,0
9779,1.5,1.8895,0,0
9780,1.5,1.89,0,0
9781,1.5,1.8905,0,0
9782,1.5,1.891,0,0
9783,1.5,1.8915,0,0
9784,1.5,1.892,0,0
9785,1.5,1.8925,0,0
9786,1.5,1.893,0,0
9787,1.5,1.8935,0,0
9788,1.5,1.894,0,0
9789,1.5,1.8945,0,0
9790,1.5,1.895,0,0
9791,1.5,1.8955,0,0
9792,1.5,1.896,0,0
9793,1.5,1.8965,0,0
9794,1.5,1.897,0,0
9795,1.5,1.8975,0,0
9796,1.5,1.898,0,0
9797,1.5,1.8985,0,0
9798,1.5,1.899,0,0
9799,1.5,1.8995,0,0
9800,1.5,1.9,0,0
9801,1.5,1.9005,0,0
9802,1.5,1.901,0,0
9803,1.5,1.9015,0,0
9804,1.5,1.902,0,0
9805,1.5,1.9025,0,0
9806,1.5,1.903,0,0
9807,1.5,1.9035,0,0
9808,1.5,1.904,0,0
9809,1.5,1.9045,0,0
9810,1.5,1.905,0,0
9811,1.5,1.9055,0,0
9812,1.5,1.906,0,0
9813,1.5,1.9065,0,0
9814,1.5,1.907,0,0
9815,1.5,1.9075,0,0
9816,1.5,1.908,0,0
9817,1.5,1.9085,0,0
9818,1.5,1.909,0,0
9819,1.5,1.9095,0,0
9820,1.5,1.91,0,0
9821,1.5,1.9105,0,0
9822,1.5,1.911,0,0
9823,1.5,1.9115,0,0
9824,1.5,1.912,0,0
9825,1.5,1.9125,0,0
9826,1.5,1.913,0,0
9827,1.5,1.9135,0,0
9828,1.5,1.914,0,0
9829,1.5,1.9145,0,0
9830,1.5,1.915,0,0
9831,1.5,1.9155,0,0
9832,1.5,1.916,0,0
9833,1.5,1.9165,0,0
9834,1.5,1.917,0,0
9835,1.5,1.9175,0,0
9836,1.5,1.918,0,0
9837,1.5,1.9185,0,0
9838,1.5,1.919,0,0
9839,1.5,1.9195,0,0
9840,1.5,1.92,0,0
9841,1.5,1.9205,0,0
9842,1.5,1.921,0,0
9843,1.5,1.9215,0,0
9844,1.5,1.922,0,0
9845,1.5,1.9225,0,0
9846,1.5,1.923,0,0
9847,1.5,1.9235,0,0
9848,1.5,1.924,0,0
9849,1.5,1.9245,0,0
9850,1.5,1.925,0,0
9851,1.5,1.9255,0,0
9852,1.5,1.926,0,0
9853,1.5,1.9265,0,0
9854,1.5,1.927,0,0
9855,1.5,1.9275,0,0
9856,1.5,1.928,0,0
9857,1.5,1.9285,0,0
9858,1.5,1.929,0,0
9859,1.5,1.9295,0,0
9860,1.5,1.93,0,0
9861,1.5,1.9305,0,0
9862,1.5,1.931,0,0
9863,1.5,1.9315,0,0
9864,1.5,1.932,0,0
9865,1.5,1.9325,0,0
9866,1.5,1.933,0,0
9867,1.5,1.9335,0,0
9868,1.5,1.934,0,0
9869,1.5,1.9345,0,0
9870,1.5,1.935,0,0
9871,1.5,1.9355,0,0
9872,1.5,1.936,0,0
9873,1.5,1.9365,0,0
9874,1.5,1.937,0,0
9875,1.5,1.9375,0,0
9876,1.5,1.938,0,0
9877,1.5,1.9385,0,0
9878,1.5,1.939,0,0
9879,1.5,1.9395,0,0
9880,1.5,1.94,0,0
9881,1.5,1.9405,0,0
9882,1.5,1.941,0,0
9883,1.5,1.9415,0,0
9884,1.5,1.942,0,0
9885,1.5,1.9425,0,0
9886,1.5,1.943,0,0
9887,1.5,1.9435,0,0
9888,1.5,1.944,0,0
9889,1.5,1.9445,0,0
9890,1.5,1.945,0,0
9891,1.5,1.9455,0,0
9892,1.5,1.946,0,0
9893,1.5,1.9465,0,0
9894,1.5,1.947,0,0
9895,1.5,1.9475,0,0
9896,1.5,1.948,0,0
9897,1.5,1.9485,0,0
9898,1.5,1.949,0,0
9899,1.5,1.9495,0,0
9900,1.5,1.95,0,0
9901,1.5,1.9505,0,0
9902,1.5,1.951,0,0
9903,1.5,1.9515,0,0
9904,1.5,1.952,0,0
9905,1.5,1.9525,0,0
9906,1.5,1.953,0,0
9907,1.5,1.9535,0,0
9908,1.5,1.954,0,0
9909,1.5,1.9545,0,0
9910,1.5,1.955,0,0
9911,1.5,1.9555,0,0
9912,1.5,1.956,0,0
9913,1.5,1.9565,0,0
9914,1.5,1.957,0,0
9915,1.5,1.9575,0,0
9916,1.5,1.958,0,0
9917,1.5,1.9585,0,0
9918,1.5,1.959,0,0
9919,1.5,1.9595,0,0
9920,1.5,1.96,0,0
9921,1.5,1.9605,0,0
9922,1.5,1.961,0,0
9923,1.5,1.9615,0,0
9924,1.5,1.962,0,0
9925,1.5,1.9625,0,0
9926,1.5,1.963,0,0
9927,1.5,1.9635,0,0
9928,1.5,1.964,0,0
9929,1.5,1.9645,0,0
9930,1.5,1.965,0,0
9931,1.5,1.9655,0,0
9932,1.5,1.966,0,0
9933,1.5,1.9665,0,0
9934,1.5,1.967,0,0
9935,1.5,1.9675,0,0
9936,1.5,1.968,0,0
9937,1.5,1.9685,0,0
9938,1.5,1.969,0,0
9939,1.5,1.9695,0,0
9940,1.5,1.97,0,0
9941,1.5,1.9705,0,0
9942,1.5,1.971,0,0
9943,1.5,1.9715,0,0
9944,1.5,1.972,0,0
9945,1.5,1.9725,0,0
9946,1.5,1.973,0,0
9947,1.5,1.9735,0,0
9948,1.5,1.974,0,0
9949,1.5,1.9745,0,0
9950,1.5,1.975,0,0
9951,1.5,1.9755,0,0
9952,1.5,1.976,0,0
9953,1.5,1.9765,0,0
9954,1.5,1.977,0,0
9955,1.5,1.9775,0,0
9956,1.5,1.978,0,0
9957,1.5,1.9785,0,0
9958,1.5,1.979,0,0
9959,1.5,1.9795,0,0
9960,1.5,1.98,0,0
9961,1.5,1.9805,0,0
9962,1.5,1.981,0,0
9963,1.5,1.9815,0,0
9964,1.5,1.982,0,0
9965,1.5,1.9825,0,0
9966,1.5,1.983,0,0
9967,1.5,1.9835,0,0
9968,1.5,1.984,0,0
9969,1.5,1.9845,0,0
9970,1.5,1.985,0,0
9971,1.5,1.9855,0,0
9972,1.5,1.986,0,0
9973,1.5,1.9865,0,0
9974,1.5,1.987,0,0
9975,1.5,1.9875,0,0
9976,1.5,1.988,0,0
9977,1.5,1.9885,0,0
9978,1.5,1.989,0,0
9979,1.5,1.9895,0,0
9980,1.5,1.99,0,0
9981,1.5,1.9905,0,0
9982,1.5,1.991,0,0
9983,1.5,1.9915,0,0
9984,1.5,1.992,0,0
9985,1.5,1.9925,0,0
9986,1.5,1.993,0,0
9987,1.5,1.9935,0,0
9988,1.5,1.994,0,0
9989,1.5,1.9945,0,0
9990,1.5,1.995,0,0
9991,1.5,1.9955,0,0
9992,1.5,1.996,0,0
9993,1.5,1.9965,0,0
9994,1.5,1.997,0,0
9995,1.5,1.9975,0,0
9996,1.5,1.998,0,0
9997,1.5,1.9985,0,0
9998,1.5,1.999,0,0
9999,1.5,1.9995,0,0
10000,1.5,2,0,0
10001,1.5,2.0005,0,0
10002,1.5,2.001,0,0
10003,1.5,2.0015,0,0
10004,1.5,2.002,0,0
10005,1.5,2.0025,0,0
10006,1.5,2.003,0,0
10007,1.5,2.0035,0,0
10008,1.5,2.004,0,0
10009,1.5,2.0045,0,0
10010,1.5,2.005,0,0
10011,1.5,2.0055,0,0
10012,1.5,2.006,0,0
10013,1.5,2.0065,0,0
10014,1.5,2.007,0,0
10015,1.5,2.0075,0,0
10016,1.5,2.008,0,0
10017,1.5,2.0085,0,0
10018,1.5,2.009,0,0
10019,1.5,2.0095,0,0
10020,1.5,2.01,0,0
10021,1.5,2.0105,0,0
10022,1.5,2.011,0,0
10023,1.5,2.0115,0,0
10024,1.5,2.012,0,0
10025,1.5,2.0125,0,0
10026,1.5,2.013,0,0
10027,1.5,2.0135,0,0
10028,1.5,2.014,0,0
10029,1.5,2.0145,0,0
10030,1.5,2.015,0,0
10031,1.5,2.0155,0,0
10032,1.5,2.016,0,0
10033,1.5,2.0165,0,0
10034,1.5,2.017,0,0
10035,1.5,2.0175,0,0
10036,1.5,2.018,0,0
10037,1.5,2.0185,0,0
10038,1.5,2.019,0,0
10039,1.5,2.0195,0,0
10040,1.5,2.02,0,0
10041,1.5,2.0205,0,0
10042,1.5,2.021,0,0
10043,1.5,2.0215,0,0
10044,1.5,2.022,0,0
10045,1.5,2.0225,0,0
10046,1.5,2.023,0,0
10047,1.5,2.0235,0,0
10048,1.5,2.024,0,0
10049,1.5,2.0245,0,0
10050,1.5,2.025,0,0
10051,1.5,2.0255,0,0
10052,1.5,2.026,0,0
10053,1.5,2.0265,0,0
10054,1.5,2.027,0,0
10055,1.5,2.0275,0,0
10056,1.5,2.028,0,0
10057,1.5,2.0285,0,0
10058,1.5,2.029,0,0
10059,1.5,2.0295,0,0
10060,1.5,2.03,0,0
10061,1.5,2.0305,0,0
10062,1.5,2.031,0,0
10063,1.5,2.0315,0,0
10064,1.5,2.032,0,0
10065,1.5,2.0325,0,0
10066,1.5,2.033,0,0
10067,1.5,2.0335,0,0
10068,1.5,2.034,0,0
10069,1.5,2.0345,0,0
10070,1.5,2.035,0,0
10071,1.5,2.0355,0,0
10072,1.5,2.036,0,0
10073,1.5,2.0365,0,0
10074,1.5,2.037,0,0
10075,1.5,2.0375,0,0
10076,1.5,2.038,0,0
10077,1.5,2.0385,0,0
10078,1.5,2.039,0,0
10079,1.5,2.0395,0,0
10080,1.5,2.04,0,0
10081,1.5,2.0405,0,0
10082,1.5,2.041,0,0
10083,1.5,2.0415,0,0
10084,1.5,2.042,0,0
10085,1.5,2.0425,0,0
10086,1.5,2.043,0,0
10087,1.5,2.0435,0,0
10088,1.5,2.044,0,0
10089,1.5,2.0445,0,0
10090,1.5,2.045,0,0
10091,1.5,2.0455,0,0
10092,1.5,2.046,0,0
10093,1.5,2.0465,0,0
10094,1.5,2.047,0,0
10095,1.5,2.0475,0,0
10096,1.5,2.048,0,0
10097,1.5,2.0485,0,0
10098,1.5,2.049,0,0
10099,1.5,2.0495,0,0
10100,1.5,2.05,0,0
10101,1.5,2.0505,0,0
10102,1.5,2.051,0,0
10103,1.5,2.0515,0,0
10104,1.5,2.052,0,0
10105,1.5,2.0525,0,0
10106,1.5,2.053,0,0
10107,1.5,2.0535,0,0
10108,1.5,2.054,0,0
10109,1.5,2.0545,0,0
10110,1.5,2.055,0,0
10111,1.5,2.0555,0,0
10112,1.5,2.056,0,0
10113,1.5,2.0565,0,0
10114,1.5,2.057,0,0
10115,1.5,2.0575,0,0
10116,1.5,2.058,0,0
10117,1.5,2.0585,0,0
10118,1.5,2.059,0,0
10119,1.5,2.0595,0,0
10120,1.5,2.06,0,0
10121,1.5,2.0605,0,0
10122,1.5,2.061,0,0
10123,1.5,2.0615,0,0
10124,1.5,2.062,0,0
10125,1.5,2.0625,0,0
10126,1.5,2.063,0,0
10127,1.5,2.0635,0,0
10128,1.5,2.064,0,0
10129,1.5,2.0645,0,0
10130,1.5,2.065,0,0
10131,1.5,2.0655,0,0
10132,1.5,2.066,0,0
10133,1.5,2.0665,0,0
10134,1.5,2.067,0,0
10135,1.5,2.0675,0,0
10136,1.5,2.068,0,0
10137,1.5,2.0685,0,0
10138,1.5,2.069,0,0
10139,1.5,2.0695,0,0
10140,1.5,2.07,0,0
10141,1.5,2.0705,0,0
10142,1.5,2.071,0,0
10143,1.5,2.0715,0,0
10144,1.5,2.072,0,0
10145,1.5,2.0725,0,0
10146,1.5,2.073,0,0
10147,1.5,2.0735,0,0
10148,1.5,2.074,0,0
10149,1.5,2.0745,0,0
10150,1.5,2.075,0,0
10151,1.5,2.0755,0,0
10152,1.5,2.076,0,0
10153,1.5,2.0765,0,0
10154,1.5,2.077,0,0
10155,1.5,2.0775,0,0
10156,1.5,2.078,0,0
10157,1.5,2.0785,0,0
10158,1.5,2.079,0,0
10159,1.5,2.0795,0,0
10160,1.5,2.08,0,0
10161,1.5,2.0805,0,0
10162,1.5,2.081,0,0
10163,1.5,2.0815,0,0
10164,1.5,2.082,0,0
10165,1.5,2.0825,0,0
10166,1.5,2.083,0,0
10167,1.5,2.0835,0,0
10168,1.5,2.084,0,0
10169,1.5,2.0845,0,0
10170,1.5,2.085,0,0
10171,1.5,2.0855,0,0
10172,1.5,2.086,0,0
10173,1.5,2.0865,0,0
10174,1.5,2.087,0,0
10175,1.5,2.0875,0,0
10176,1.5,2.088,0,0
10177,1.5,2.0885,0,0
10178,1.5,2.089,0,0
10179,1.5,2.0895,0,0
10180,1.5,2.09,0,0
10181,1.5,2.0905,0,0
10182,1.5,2.091,0,0
10183,1.5,2.0915,0,0
10184,1.5,2.092,0,0
10185,1.5,2.0925,0,0
10186,1.5,2.093,0,0
10187,1.5,2.0935,0,0
10188,1.5,2.094,0,0
10189,1.5,2.0945,0,0
10190,1.5,2.095,0,0
10191,1.5,2.0955,0,0
10192,1.5,2.096,0,0
10193,1.5,2.0965,0,0
10194,1.5,2.097,0,0
10195,1.5,2.0975,0,0
10196,1.5,2.098,0,0
10197,1.5,2.0985,0,0
10198,1.5,2.099,0,0
10199,1.5,2.0995,0,0
10200,1.5,2.1,0,0
10201,1.5,2.1005,0,0
10202,1.5,2.101,0,0
10203,1.5,2.1015,0,0
10204,1.5,2.102,0,0
10205,1.5,2.1025,0,0
10206,1.5,2.103,0,0
10207,1.5,2.1035,0,0
10208,1.5,2.104,0,0
10209,1.5,2.1045,0,0
10210,1.5,2.105,0,0
10211,1.5,2.1055,0,0
10212,1.5,2.106,0,0
10213,1.5,2.1065,0,0
10214,1.5,2.107,0,0
10215,1.5,2.1075,0,0
10216,1.5,2.108,0,0
10217,1.5,2.1085,0,0
10218,1.5,2.109,0,0
10219,1.5,2.1095,0,0
10220,1.5,2.11,0,0
10221,1.5,2.1105,0,0
10222,1.5,2.111,0,0
10223,1.5,2.1115,0,0
10224,1.5,2.112,0,0
10225,1.5,2.1125,0,0
10226,1.5,2.113,0,0
10227,1.5,2.1135,0,0
10228,1.5,2.114,0,0
10229,1.5,2.1145,0,0
10230,1.5,2.115,0,0
10231,1.5,2.1155,0,0
10232,1.5,2.116,0,0
10233,1.5,2.1165,0,0
10234,1.5,2.117,0,0
10235,1.5,2.1175,0,0
10236,1.5,2.118,0,0
10237,1.5,2.1185,0,0
10238,1.5,2.119,0,0
10239,1.5,2.1195,0,0
10240,1.5,2.12,0,0
10241,1.5,2.1205,0,0
10242,1.5,2.121,0,0
10243,1.5,2.1215,0,0
10244,1.5,2.122,0,0
10245,1.5,2.1225,0,0
10246,1.5,2.123,0,0
10247,1.5,2.1235,0,0
10248,1.5,2.124,0,0
10249,1.5,2.1245,0,0
10250,1.5,2.125,0,0
10251,1.5,2.1255,0,0
10252,1.5,2.126,0,0
10253,1.5,2.1265,0,0
10254,1.5,2.127,0,0
10255,1.5,2.1275,0,0
10256,1.5,2.128,0,0
10257,1.5,2.1285,0,0
10258,1.5,2.129,0,0
10259,1.5,2.1295,0,0
10260,1.5,2.13,0,0
10261,1.5,2.1305,0,0
10262,1.5,2.131,0,0
10263,1.5,2.1315,0,0
10264,1.5,2.132,0,0
10265,1.5,2.1325,0,0
10266,1.5,2.133,0,0
10267,1.5,2.1335,0,0
10268,1.5,2.134,0,0
10269,1.5,2.1345,0,0
10270,1.5,2.135,0,0
10271,1.5,2.1355,0,0
10272,1.5,2.136,0,0
10273,1.5,2.1365,0,0
10274,1.5,2.137,0,0
10275,1.5,2.1375,0,0
10276,1.5,2.138,0,0
10277,1.5,2.1385,0,0
10278,1.5,2.139,0,0
10279,1.5,2.1395,0,0
10280,1.5,2.14,0,0
10281,1.5,2.1405,0,0
10282,1.5,2.141,0,0
10283,1.5,2.1415,0,0
10284,1.5,2.142,0,0
10285,1.5,2.1425,0,0
10286,1.5,2.143,0,0
10287,1.5,2.1435,0,0
10288,1.5,2.144,0,0
10289,1.5,2.1445,0,0
10290,1.5,2.145,0,0
10291,1.5,2.1455,0,0
10292,1.5,2.146,0,0
10293,1.5,2.1465,0,0
10294,1.5,2.147,0,0
10295,1.5,2.1475,0,0
10296,1.5,2.148,0,0
10297,1.5,2.1485,0,0
10298,1.5,2.149,0,0
10299,1.5,2.1495,0,0
10300,1.5,2.15,0,0
10301,1.5,2.1505,0,0
10302,1.5,2.151,0,0
10303,1.5,2.1515,0,0
10304,1.5,2.152,0,0
10305,1.5,2.1525,0,0
10306,1.5,2.153,0,0
10307,1.5,2.1535,0,0
10308,1.5,2.154,0,0
10309,1.5,2.1545,0,0
10310,1.5,2.155,0,0
10311,1.5,2.1555,0,0
10312,1.5,2.156,0,0
10313,1.5,2.1565,0,0
10314,1.5,2.157,0,0
10315,1.5,2.1575,0,0
10316,1.5,2.158,0,0
10317,1.5,2.1585,0,0
10318,1.5,2.159,0,0
10319,1.5,2.1595,0,0
10320,1.5,2.16,0,0
10321,1.5,2.1605,0,0
10322,1.5,2.161,0,0
10323,1.5,2.1615,0,0
10324,1.5,2.162,0,0
10325,1.5,2.1625,0,0
10326,1.5,2.163,0,0
10327,1.5,2.1635,0,0
10328,1.5,2.164,0,0
10329,1.5,2.1645,0,0
10330,1.5,2.165,0,0
10331,1.5,2.1655,0,0
10332,1.5,2.166,0,0
10333,1.5,2.1665,0,0
10334,1.5,2.167,0,0
10335,1.5,2.1675,0,0
10336,1.5,2.168,0,0
10337,1.5,2.1685,0,0
10338,1.5,2.169,0,0
10339,1.5,2.1695,0,0
10340,1.5,2.17,0,0
10341,1.5,2.1705,0,0
10342,1.5,2.171,0,0
10343,1.5,2.1715,0,0
10344,1.5,2.172,0,0
10345,1.5,2.1725,0,0
10346,1.5,2.173,0,0
10347,1.5,2.1735,0,0
10348,1.5,2.174,0,0
10349,1.5,2.1745,0,0
10350,1.5,2.175,0,0
10351,1.5,2.1755,0,0
10352,1.5,2.176,0,0
10353,1.5,2.1765,0,0
10354,1.5,2.177,0,0
10355,1.5,2.1775,0,0
10356,1.5,2.178,0,0
10357,1.5,2.1785,0,0
10358,1.5,2.179,0,0
10359,1.5,2.1795,0,0
10360,1.5,2.18,0,0
10361,1.5,2.1805,0,0
10362,1.5,2.181,0,0
10363,1.5,2.1815,0,0
10364,1.5,2.182,0,0
10365,1.5,2.1825,0,0
10366,1.5,2.183,0,0
10367,1.5,2.1835,0,0
10368,1.5,2.184,0,0
10369,1.5,2.1845,0,0
10370,1.5,2.185,0,0
10371,1.5,2.1855,0,0
10372,1.5,2.186,0,0
10373,1.5,2.1865,0,0
10374,1.5,2.187,0,0
10375,1.5,2.1875,0,0
10376,1.5,2.188,0,0
10377,1.5,2.1885,0,0
10378,1.5,2.189,0,0
10379,1.5,2.1895,0,0
10380,1.5,2.19,0,0
10381,1.5,2.1905,0,0
10382,1.5,2.191,0,0
10383,1.5,2.1915,0,0
10384,1.5,2.192,0,0
10385,1.5,2.1925,0,0
10386,1.5,2.193,0,0
10387,1.5,2.1935,0,0
10388,1.5,2.194,0,0
10389,1.5,2.1945,0,0
10390,1.5,2.195,0,0
10391,1.5,2.1955,0,0
10392,1.5,2.196,0,0
10393,1.5,2.1965,0,0
10394,1.5,2.197,0,0
10395,1.5,2.1975,0,0
10396,1.5,2.198,0,0
10397,1.5,2.1985,0,0
10398,1.5,2.199,0,0
10399,1.5,2.1995,0,0
10400,1.5,2.2,0,0
10401,1.5,2.2005,0,0
10402,1.5,2.201,0,0
10403,1.5,2.2015,0,0
10404,1.5,2.202,0,0
10405,1.5,2.2025,0,0
10406,1.5,2.203,0,0
10407,1.5,2.2035,0,0
10408,1.5,2.204,0,0
10409,1.5,2.2045,0,0
10410,1.5,2.205,0,0
10411,1.5,2.2055,0,0
10412,1.5,2.206,0,0
10413,1.5,2.2065,0,0
10414,1.5,2.207,0,0
10415,1.5,2.2075,0,0
10416,1.5,2.208,0,0
10417,1.5,2.2085,0,0
10418,1.5,2.209,0,0
10419,1.5,2.2095,0,0
10420,1.5,2.21,0,0
10421,1.5,2.2105,0,0
10422,1.5,2.211,0,0
10423,1.5,2.2115,0,0
10424,1.5,2.212,0,0
10425,1.5,2.2125,0,0
10426,1.5,2.213,0,0
10427,1.5,2.2135,0,0
10428,1.5,2.214,0,0
10429,1.5,2.2145,0,0
10430,1.5,2.215,0,0
10431,1.5,2.2155,0,0
10432,1.5,2.216,0,0
10433,1.5,2.2165,0,0
10434,1.5,2.217,0,0
10435,1.5,2.2175,0,0
10436,1.5,2.218,0,0
10437,1.5,2.2185,0,0
10438,1.5,2.219,0,0
10439,1.5,2.2195,0,0
10440,1.5,2.22,0,0
10441,1.5,2.2205,0,0
10442,1.5,2.221,0,0
10443,1.5,2.2215,0,0
10444,1.5,2.222,0,0
10445,1.5,2.2225,0,0
10446,1.5,2.223,0,0
10447,1.5,2.2235,0,0
10448,1.5,2.224,0,0
10449,1.5,2.2245,0,0
10450,1.5,2.225,0,0
10451,1.5,2.2255,0,0
10452,1.5,2.226,0,0
10453,1.5,2.2265,0,0
10454,1.5,2.227,0,0
10455,1.5,2.2275,0,0
10456,1.5,2.228,0,0
10457,1.5,2.2285,0,0
10458,1.5,2.229,0,0
10459,1.5,2.2295,0,0
10460,1.5,2.23,0,0
10461,1.5,2.2305,0,0
10462,1.5,2.231,0,0
10463,1.5,2.2315,0,0
10464,1.5,2.232,0,0
10465,1.5,2.2325,0,0
10466,1.5,2.233,0,0
10467,1.5,2.2335,0,0
10468,1.5,2.234,0,0
10469,1.5,2.2345,0,0
10470,1.5,2.235,0,0
10471,1.5,2.2355,0,0
10472,1.5,2.236,0,0
10473,1.5,2.2365,0,0
10474,1.5,2.237,0,0
10475,1.5,2.2375,0,0
10476,1.5,2.238,0,0
10477,1.5,2.2385,0,0
10478,1.5,2.239,0,0
10479,1.5,2.2395,0,0
10480,1.5,2.24,0,0
10481,1.5,2.2405,0,0
10482,1.5,2.241,0,0
10483,1.5,2.2415,0,0
10484,1.5,2.242,0,0
10485,1.5,2.2425,0,0
10486,1.5,2.243,0,0
10487,1.5,2.2435,0,0
10488,1.5,2.244,0,0
10489,1.5,2.2445,0,0
10490,1.5,2.245,0,0
10491,1.5,2.2455,0,0
10492,1.5,2.246,0,0
10493,1.5,2.2465,0,0
10494,1.5,2.247,0,0
10495,1.5,2.2475,0,0
10496,1.5,2.248,0,0
10497,1.5,2.2485,0,0
10498,1.5,2.249,0,0
10499,1.5,2.2495,0,0
10500,1.5,2.25,0,0
10501,1.5,2.2505,0,0
10502,1.5,2.251,0,0
10503,1.5,2.2515,0,0
10504,1.5,2.252,0,0
10505,1.5,2.2525,0,0
10506,1.5,2.253,0,0
10507,1.5,2.2535,0,0
10508,1.5,2.254,0,0
10509,1.5,2.2545,0,0
10510,1.5,2.255,0,0
10511,1.5,2.2555,0,0
10512,1.5,2.256,0,0
10513,1.5,2.2565,0,0
10514,1.5,2.257,0,0
10515,1.5,2.2575,0,0
10516,1.5,2.258,0,0
10517,1.5,2.2585,0,0
10518,1.5,2.259,0,0
10519,1.5,2.2595,0,0
10520,1.5,2.26,0,0
10521,1.5,2.2605,0,0
10522,1.5,2.261,0,0
10523,1.5,2.2615,0,0
10524,1.5,2.262,0,0
10525,1.5,2.2625,0,0
10526,1.5,2.263,0,0
10527,1.5,2.2635,0,0
10528,1.5,2.264,0,0
10529,1.5,2.2645,0,0
10530,1.5,2.265,0,0
10531,1.5,2.2655,0,0
10532,1.5,2.266,0,0
10533,1.5,2.2665,0,0
10534,1.5,2.267,0,0
10535,1.5,2.2675,0,0
10536,1.5,2.268,0,0
10537,1.5,2.2685,0,0
10538,1.5,2.269,0,0
10539,1.5,2.2695,0,0
10540,1.5,2.27,0,0
10541,1.5,2.2705,0,0
10542,1.5,2.271,0,0
10543,1.5,2.2715,0,0
10544,1.5,2.272,0,0
10545,1.5,2.2725,0,0
10546,1.5,2.273,0,0
10547,1.5,2.2735,0,0
10548,1.5,2.274,0,0
10549,1.5,2.2745,0,0
10550,1.5,2.275,0,0
10551,1.5,2.2755,0,0
10552,1.5,2.276,0,0
10553,1.5,2.2765,0,0
10554,1.5,2.277,0,0
10555,1.5,2.2775,0,0
10556,1.5,2.278,0,0
10557,1.5,2.2785,0,0
10558,1.5,2.279,0,0
10559,1.5,2.2795,0,0
10560,1.5,2.28,0,0
10561,1.5,2.2805,0,0
10562,1.5,2.281,0,0
10563,1.5,2.2815,0,0
10564,1.5,2.282,0,0
10565,1.5,2.2825,0,0
10566,1.5,2.283,0,0
10567,1.5,2.2835,0,0
10568,1.5,2.284,0,0
10569,1.5,2.2845,0,0
10570,1.5,2.285,0,0
10571,1.5,2.2855,0,0
10572,1.5,2.286,0,0
10573,1.5,2.2865,0,0
10574,1.5,2.287,0,0
10575,1.5,2.2875,0,0
10576,1.5,2.288,0,0
10577,1.5,2.2885,0,0
10578,1.5,2.289,0,0
10579,1.5,2.2895,0,0
10580,1.5,2.29,0,0
10581,1.5,2.2905,0,0
10582,1.5,2.291,0,0
10583,1.5,2.2915,0,0
10584,1.5,2.292,0,0
10585,1.5,2.2925,0,0
10586,1.5,2.293,0,0
10587,1.5,2.2935,0,0
10588,1.5,2.294,0,0
10589,1.5,2.2945,0,0
10590,1.5,2.295,0,0
10591,1.5,2.2955,0,0
10592,1.5,2.296,0,0
10593,1.5,2.2965,0,0
10594,1.5,2.297,0,0
10595,1.5,2.2975,0,0
10596,1.5,2.298,0,0
10597,1.5,2.2985,0,0
10598,1.5,2.299,0,0
10599,1.5,2.2995,0,0
10600,1.5,2.3,0,0
10601,1.5,2.3005,0,0
10602,1.5,2.301,0,0
10603,1.5,2.3015,0,0
10604,1.5,2.302,0,0
10605,1.5,2.3025,0,0
10606,1.5,2.303,0,0
10607,1.5,2.3035,0,0
10608,1.5,2.304,0,0
10609,1.5,2.3045,0,0
10610,1.5,2.305,0,0
10611,1.5,2.3055,0,0
10612,1.5,2.306,0,0
10613,1.5,2.3065,0,0
10614,1.5,2.307,0,0
10615,1.5,2.3075,0,0
10616,1.5,2.308,0,0
10617,1.5,2.3085,0,0
10618,1.5,2.309,0,0
10619,1.5,2.3095,0,0
10620,1.5,2.31,0,0
10621,1.5,2.3105,0,0
10622,1.5,2.311,0,0
10623,1.5,2.3115,0,0
10624,1.5,2.312,0,0
10625,1.5,2.3125,0,0
10626,1.5,2.313,0,0
10627,1.5,2.3135,0,0
10628,1.5,2.314,0,0
10629,1.5,2.3145,0,0
10630,1.5,2.315,0,0
10631,1.5,2.3155,0,0
10632,1.5,2.316,0,0
10633,1.5,2.3165,0,0
10634,1.5,2.317,0,0
10635,1.5,2.3175,0,0
10636,1.5,2.318,0,0
10637,1.5,2.3185,0,0
10638,1.5,2.319,0,0
10639,1.5,2.3195,0,0
10640,1.5,2.32,0,0
10641,1.5,2.3205,0,0
10642,1.5,2.321,0,0
10643,1.5,2.3215,0,0
10644,1.5,2.322,0,0
10645,1.5,2.3225,0,0
10646,1.5,2.323,0,0
10647,1.5,2.3235,0,0
10648,1.5,2.324,0,0
10649,1.5,2.3245,0,0
10650,1.5,2.325,0,0
10651,1.5,2.3255,0,0
10652,1.5,2.326,0,0
10653,1.5,2.3265,0,0
10654,1.5,2.327,0,0
10655,1.5,2.3275,0,0
10656,1.5,2.328,0,0
10657,1.5,2.3285,0,0
10658,1.5,2.329,0,0
10659,1.5,2.3295,0,0
10660,1.5,2.33,0,0
10661,1.5,2.3305,0,0
10662,1.5,2.331,0,0
10663,1.5,2.3315,0,0
10664,1.5,2.332,0,0
10665,1.5,2.3325,0,0
10666,1.5,2.333,0,0
10667,1.5,2.3335,0,0
10668,1.5,2.334,0,0
10669,1.5,2.3345,0,0
10670,1.5,2.335,0,0
10671,1.5,2.3355,0,0
10672,1.5,2.336,0,0
10673,1.5,2.3365,0,0
10674,1.5,2.337,0,0
10675,1.5,2.3375,0,0
10676,1.5,2.338,0,0
10677,1.5,2.3385,0,0
10678,1.5,2.339,0,0
10679,1.5,2.3395,0,0
10680,1.5,2.34,0,0
10681,1.5,2.3405,0,0
10682,1.5,2.341,0,0
10683,1.5,2.3415,0,0
10684,1.5,2.342,0,0
10685,1.5,2.3425,0,0
10686,1.5,2.343,0,0
10687,1.5,2.3435,0,0
10688,1.5,2.344,0,0
10689,1.5,2.3445,0,0
10690,1.5,2.345,0,0
10691,1.5,2.3455,0,0
10692,1.5,2.346,0,0
10693,1.5,2.3465,0,0
10694,1.5,2.347,0,0
10695,1.5,2.3475,0,0
10696,1.5,2.348,0,0
10697,1.5,2.3485,0,0
10698,1.5,2.349,0,0
10699,1.5,2.3495,0,0
10700,1.5,2.35,0,0
10701,1.5,2.3505,0,0
10702,1.5,2.351,0,0
10703,1.5,2.3515,0,0
10704,1.5,2.352,0,0
10705,1.5,2.3525,0,0
10706,1.5,2.353,0,0
10707,1.5,2.3535,0,0
10708,1.5,2.354,0,0
10709,1.5,2.3545,0,0
10710,1.5,2.355,0,0
10711,1.5,2.3555,0,0
10712,1.5,2.356,0,0
10713,1.5,2.3565,0,0
10714,1.5,2.357,0,0
10715,1.5,2.3575,0,0
10716,1.5,2.358,0,0
10717,1.5,2.3585,0,0
10718,1.5,2.359,0,0
10719,1.5,2.3595,0,0
10720,1.5,2.36,0,0
10721,1.5,2.3605,0,0
10722,1.5,2.361,0,0
10723,1.5,2.3615,0,0
10724,1.5,2.362,0,0
10725,1.5,2.3625,0,0
10726,1.5,2.363,0,0
10727,1.5,2.3635,0,0
10728,1.5,2.364,0,0
10729,1.5,2.3645,0,0
10730,1.5,2.365,0,0
10731,1.5,2.3655,0,0
10732,1.5,2.366,0,0
10733,1.5,2.3665,0,0
10734,1.5,2.367,0,0
10735,1.5,2.3675,0,0
10736,1.5,2.368,0,0
10737,1.5,2.3685,0,0
10738,1.5,2.369,0,0
10739,1.5,2.3695,0,0
10740,1.5,2.37,0,0
10741,1.5,2.3705,0,0
10742,1.5,2.371,0,0
10743,1.5,2.3715,0,0
10744,1.5,2.372,0,0
10745,1.5,2.3725,0,0
10746,1.5,2.373,0,0
10747,1.5,2.3735,0,0
10748,1.5,2.374,0,0
10749,1.5,2.3745,0,0
10750,1.5,2.375,0,0
10751,1.5,2.3755,0,0
10752,1.5,2.376,0,0
10753,1.5,2.3765,0,0
10754,1.5,2.377,0,0
10755,1.5,2.3775,0,0
10756,1.5,2.378,0,0
10757,1.5,2.3785,0,0
10758,1.5,2.379,0,0
10759,1.5,2.3795,0,0
10760,1.5,2.38,0,0
10761,1.5,2.3805,0,0
10762,1.5,2.381,0,0
10763,1.5,2.3815,0,0
10764,1.5,2.382,0,0
10765,1.5,2.3825,0,0
10766,1.5,2.383,0,0
10767,1.5,2.3835,0,0
10768,1.5,2.384,0,0
10769,1.5,2.3845,0,0
10770,1.5,2.385,0,0
10771,1.5,2.3855,0,0
10772,1.5,2.386,0,0
10773,1.5,2.3865,0,0
10774,1.5,2.387,0,0
10775,1.5,2.3875,0,0
10776,1.5,2.388,0,0
10777,1.5,2.3885,0,0
10778,1.5,2.389,0,0
10779,1.5,2.3895,0,0
10780,1.5,2.39,0,0
10781,1.5,2.3905,0,0
10782,1.5,2.391,0,0
10783,1.5,2.3915,0,0
10784,1.5,2.392,0,0
10785,1.5,2.3925,0,0
10786,1.5,2.393,0,0
10787,1.5,2.3935,0,0
10788,1.5,2.394,0,0
10789,1.5,2.3945,0,0
10790,1.5,2.395,0,0
10791,1.5,2.3955,0,0
10792,1.5,2.396,0,0
10793,1.5,2.3965,0,0
10794,1.5,2.397,0,0
10795,1.5,2.3975,0,0
10796,1.5,2.398,0,0
10797,1.5,2.3985,0,0
10798,1.5,2.399,0,0
10799,1.5,2.3995,0,0
10800,1.5,2.4,0,0
10801,1.5,2.4005,0,0
10802,1.5,2.401,0,0
10803,1.5,2.4015,0,0
10804,1.5,2.402,0,0
10805,1.5,2.4025,0,0
10806,1.5,2.403,0,0
10807,1.5,2.4035,0,0
10808,1.5,2.404,0,0
10809,1.5,2.4045,0,0
10810,1.5,2.405,0,0
10811,1.5,2.4055,0,0
10812,1.5,2.406,0,0
10813,1.5,2.4065,0,0
10814,1.5,2.407,0,0
10815,1.5,2.4075,0,0
10816,1.5,2.408,0,0
10817,1.5,2.4085,0,0
10818,1.5,2.409,0,0
10819,1.5,2.4095,0,0
10820,1.5,2.41,0,0
10821,1.5,2.4105,0,0
10822,1.5,2.411,0,0
10823,1.5,2.4115,0,0
10824,1.5,2.412,0,0
10825,1.5,2.4125,0,0
10826,1.5,2.413,0,0
10827,1.5,2.4135,0,0
10828,1.5,2.414,0,0
10829,1.5,2.4145,0,0
10830,1.5,2.415,0,0
10831,1.5,2.4155,0,0
10832,1.5,2.416,0,0
10833,1.5,2.4165,0,0
10834,1.5,2.417,0,0
10835,1.5,2.4175,0,0
10836,1.5,2.418,0,0
10837,1.5,2.4185,0,0
10838,1.5,2.419,0,0
10839,1.5,2.4195,0,0
10840,1.5,2.42,0,0
10841,1.5,2.4205,0,0
10842,1.5,2.421,0,0
10843,1.5,2.4215,0,0
10844,1.5,2.422,0,0
10845,1.5,2.4225,0,0
10846,1.5,2.423,0,0
10847,1.5,2.4235,0,0
10848,1.5,2.424,0,0
10849,1.5,2.4245,0,0
10850,1.5,2.425,0,0
10851,1.5,2.4255,0,0
10852,1.5,2.426,0,0
10853,1.5,2.4265,0,0
10854,1.5,2.427,0,0
10855,1.5,2.4275,0,0
10856,1.5,2.428,0,0
10857,1.5,2.4285,0,0
10858,1.5,2.429,0,0
10859,1.5,2.4295,0,0
10860,1.5,2.43,0,0
10861,1.5,2.4305,0,0
10862,1.5,2.431,0,0
10863,1.5,2.4315,0,0
10864,1.5,2.432,0,0
10865,1.5,2.4325,0,0
10866,1.5,2.433,0,0
10867,1.5,2.4335,0,0
10868,1.5,2.434,0,0
10869,1.5,2.4345,0,0
10870,1.5,2.435,0,0
10871,1.5,2.4355,0,0
10872,1.5,2.436,0,0
10873,1.5,2.4365,0,0
10874,1.5,2.437,0,0
10875,1.5,2.4375,0,0
10876,1.5,2.438,0,0
10877,1.5,2.4385,0,0
10878,1.5,2.439,0,0
10879,1.5,2.4395,0,0
10880,1.5,2.44,0,0
10881,1.5,2.4405,0,0
10882,1.5,2.441,0,0
10883,1.5,2.4415,0,0
10884,1.5,2.442,0,0
10885,1.5,2.4425,0,0
10886,1.5,2.443,0,0
10887,1.5,2.4435,0,0
10888,1.5,2.444,0,0
10889,1.5,2.4445,0,0
10890,1.5,2.445,0,0
10891,1.5,2.4455,0,0
10892,1.5,2.446,0,0
10893,1.5,2.4465,0,0
10894,1.5,2.447,0,0
10895,1.5,2.4475,0,0
10896,1.5,2.448,0,0
10897,1.5,2.4485,0,0
10898,1.5,2.449,0,0
10899,1.5,2.4495,0,0
10900,1.5,2.45,0,0
10901,1.5,2.4505,0,0
10902,1.5,2.451,0,0
10903,1.5,2.4515,0,0
10904,1.5,2.452,0,0
10905,1.5,2.4525,0,0
10906,1.5,2.453,0,0
10907,1.5,2.4535,0,0
10908,1.5,2.454,0,0
10909,1.5,2.4545,0,0
10910,1.5,2.455,0,0
10911,1.5,2.4555,0,0
10912,1.5,2.456,0,0
10913,1.5,2.4565,0,0
10914,1.5,2.457,0,0
10915,1.5,2.4575,0,0
10916,1.5,2.458,0,0
10917,1.5,2.4585,0,0
10918,1.5,2.459,0,0
10919,1.5,2.4595,0,0
10920,1.5,2.46,0,0
10921,1.5,2.4605,0,0
10922,1.5,2.461,0,0
10923,1.5,2.4615,0,0
10924,1.5,2.462,0,0
10925,1.5,2.4625,0,0
10926,1.5,2.463,0,0
10927,1.5,2.4635,0,0
10928,1.5,2.464,0,0
10929,1.5,2.4645,0,0
10930,1.5,2.465,0,0
10931,1.5,2.4655,0,0
10932,1.5,2.466,0,0
10933,1.5,2.4665,0,0
10934,1.5,2.467,0,0
10935,1.5,2.4675,0,0
10936,1.5,2.468,0,0
10937,1.5,2.4685,0,0
10938,1.5,2.469,0,0
10939,1.5,2.4695,0,0
10940,1.5,2.47,0,0
10941,1.5,2.4705,0,0
10942,1.5,2.471,0,0
10943,1.5,2.4715,0,0
10944,1.5,2.472,0,0
10945,1.5,2.4725,0,0
10946,1.5,2.473,0,0
10947,1.5,2.4735,0,0
10948,1.5,2.474,0,0
10949,1.5,2.4745,0,0
10950,1.5,2.475,0,0
10951,1.5,2.4755,0,0
10952,1.5,2.476,0,0
10953,1.5,2.4765,0,0
10954,1.5,2.477,0,0
10955,1.5,2.4775,0,0
10956,1.5,2.478,0,0
10957,1.5,2.4785,0,0
10958,1.5,2.479,0,0
10959,1.5,2.4795,0,0
10960,1.5,2.48,0,0
10961,1.5,2.4805,0,0
10962,1.5,2.481,0,0
10963,1.5,2.4815,0,0
10964,1.5,2.482,0,0
10965,1.5,2.4825,0,0
10966,1.5,2.483,0,0
10967,1.5,2.4835,0,0
10968,1.5,2.484,0,0
10969,1.5,2.4845,0,0
10970,1.5,2.485,0,0
10971,1.5,2.4855,0,0
10972,1.5,2.486,0,0
10973,1.5,2.4865,0,0
10974,1.5,2.487,0,0
10975,1.5,2.4875,0,0
10976,1.5,2.488,0,0
10977,1.5,2.4885,0,0
10978,1.5,2.489,0,0
10979,1.5,2.4895,0,0
10980,1.5,2.49,0,0
10981,1.5,2.4905,0,0
10982,1.5,2.491,0,0
10983,1.5,2.4915,0,0
10984,1.5,2.492,0,0
10985,1.5,2.4925,0,0
10986,1.5,2.493,0,0
10987,1.5,2.4935,0,0
10988,1.5,2.494,0,0
10989,1.5,2.4945,0,0
10990,1.5,2.495,0,0
10991,1.5,2.4955,0,0
10992,1.5,2.496,0,0
10993,1.5,2.4965,0,0
10994,1.5,2.497,0,0
10995,1.5,2.4975,0,0
10996,1.5,2.498,0,0
10997,1.5,2.4985,0,0
10998,1.5,2.499,0,0
10999,1.5,2.4995,0,0
11000,1.5,2.5,0,0
11001,1.5,2.5005,0,0
11002,1.5,2.501,0,0
11003,1.5,2.5015,0,0
11004,1.5,2.502,0,0
11005,1.5,2.5025,0,0
11006,1.5,2.503,0,0
11007,1.5,2.5035,0,0
11008,1.5,2.504,0,0
11009,1.5,2.5045,0,0
11010,1.5,2.505,0,0
11011,1.5,2.5055,0,0
11012,1.5,2.506,0,0
11013,1.5,2.5065,0,0
11014,1.5,2.507,0,0
11015,1.5,2.5075,0,0
11016,1.5,2.508,0,0
11017,1.5,2.5085,0,0
11018,1.5,2.509,0,0
11019,1.5,2.5095,0,0
11020,1.5,2.51,0,0
11021,1.5,2.5105,0,0
11022,1.5,2.511,0,0
11023,1.5,2.5115,0,0
11024,1.5,2.512,0,0
11025,1.5,2.5125,0,0
11026,1.5,2.513,0,0
11027,1.5,2.5135,0,0
11028,1.5,2.514,0,0
11029,1.5,2.5145,0,0
11030,1.5,2.515,0,0
11031,1.5,2.5155,0,0
11032,1.5,2.516,0,0
11033,1.5,2.5165,0,0
11034,1.5,2.517,0,0
11035,1.5,2.5175,0,0
11036,1.5,2.518,0,0
11037,1.5,2.5185,0,0
11038,1.5,2.519,0,0
11039,1.5,2.5195,0,0
11040,1.5,2.52,0,0
11041,1.5,2.5205,0,0
11042,1.5,2.521,0,0
11043,1.5,2.5215,0,0
11044,1.5,2.522,0,0
11045,1.5,2.5225,0,0
11046,1.5,2.523,0,0
11047,1.5,2.5235,0,0
11048,1.5,2.524,0,0
11049,1.5,2.5245,0,0
11050,1.5,2.525,0,0
11051,1.5,2.5255,0,0
11052,1.5,2.526,0,0
11053,1.5,2.5265,0,0
11054,1.5,2.527,0,0
11055,1.5,2.5275,0,0
11056,1.5,2.528,0,0
11057,1.5,2.5285,0,0
11058,1.5,2.529,0,0
11059,1.5,2.5295,0,0
11060,1.5,2.53,0,0
11061,1.5,2.5305,0,0
11062,1.5,2.531,0,0
11063,1.5,2.5315,0,0
11064,1.5,2.532,0,0
11065,1.5,2.5325,0,0
11066,1.5,2.533,0,0
11067,1.5,2.5335,0,0
11068,1.5,2.534,0,0
11069,1.5,2.5345,0,0
11070,1.5,2.535,0,0
11071,1.5,2.5355,0,0
11072,1.5,2.536,0,0
11073,1.5,2.5365,0,0
11074,1.5,2.537,0,0
11075,1.5,2.5375,0,0
11076,1.5,2.538,0,0
11077,1.5,2.5385,0,0
11078,1.5,2.539,0,0
11079,1.5,2.5395,0,0
11080,1.5,2.54,0,0
11081,1.5,2.5405,0,0
11082,1.5,2.541,0,0
11083,1.5,2.5415,0,0
11084,1.5,2.542,0,0
11085,1.5,2.5425,0,0
11086,1.5,2.543,0,0
11087,1.5,2.5435,0,0
11088,1.5,2.544,0,0
11089,1.5,2.5445,0,0
11090,1.5,2.545,0,0
11091,1.5,2.5455,0,0
11092,1.5,2.546,0,0
11093,1.5,2.5465,0,0
11094,1.5,2.547,0,0
11095,1.5,2.5475,0,0
11096,1.5,2.548,0,0
11097,1.5,2.5485,0,0
11098,1.5,2.549,0,0
11099,1.5,2.5495,0,0
11100,1.5,2.55,0,0
11101,1.5,2.5505,0,0
11102,1.5,2.551,0,0
11103,1.5,2.5515,0,0
11104,1.5,2.552,0,0
11105,1.5,2.5525,0,0
11106,1.5,2.553,0,0
11107,1.5,2.5535,0,0
11108,1.5,2.554,0,0
11109,1.5,2.5545,0,0
11110,1.5,2.555,0,0
11111,1.5,2.5555,0,0
11112,1.5,2.556,0,0
11113,1.5,2.5565,0,0
11114,1.5,2.557,0,0
11115,1.5,2.5575,0,0
11116,1.5,2.558,0,0
11117,1.5,2.5585,0,0
11118,1.5,2.559,0,0
11119,1.5,2.5595,0,0
11120,1.5,2.56,0,0
11121,1.5,2.5605,0,0
11122,1.5,2.561,0,0
11123,1.5,2.5615,0,0
11124,1.5,2.562,0,0
11125,1.5,2.5625,0,0
11126,1.5,2.563,0,0
11127,1.5,2.5635,0,0
11128,1.5,2.564,0,0
11129,1.5,2.5645,0,0
11130,1.5,2.565,0,0
11131,1.5,2.5655,0,0
11132,1.5,2.566,0,0
11133,1.5,2.5665,0,0
11134,1.5,2.567,0,0
11135,1.5,2.5675,0,0
11136,1.5,2.568,0,0
11137,1.5,2.5685,0,0
11138,1.5,2.569,0,0
11139,1.5,2.5695,0,0
11140,1.5,2.57,0,0
11141,1.5,2.5705,0,0
11142,1.5,2.571,0,0
11143,1.5,2.5715,0,0
11144,1.5,2.572,0,0
11145,1.5,2.5725,0,0
11146,1.5,2.573,0,0
11147,1.5,2.5735,0,0
11148,1.5,2.574,0,0
11149,1.5,2.5745,0,0
11150,1.5,2.575,0,0
11151,1.5,2.5755,0,0
11152,1.5,2.576,0,0
11153,1.5,2.5765,0,0
11154,1.5,2.577,0,0
11155,1.5,2.5775,0,0
11156,1.5,2.578,0,0
11157,1.5,2.5785,0,0
11158,1.5,2.579,0,0
11159,1.5,2.5795,0,0
11160,1.5,2.58,0,0
11161,1.5,2.5805,0,0
11162,1.5,2.581,0,0
11163,1.5,2.5815,0,0
11164,1.5,2.582,0,0
11165,1.5,2.5825,0,0
11166,1.5,2.583,0,0
11167,1.5,2.5835,0,0
11168,1.5,2.584,0,0
11169,1.5,2.5845,0,0
11170,1.5,2.585,0,0
11171,1.5,2.5855,0,0
11172,1.5,2.586,0,0
11173,1.5,2.5865,0,0
11174,1.5,2.587,0,0
11175,1.5,2.5875,0,0
11176,1.5,2.588,0,0
11177,1.5,2.5885,0,0
11178,1.5,2.589,0,0
11179,1.5,2.5895,0,0
11180,1.5,2.59,0,0
11181,1.5,2.5905,0,0
11182,1.5,2.591,0,0
11183,1.5,2.5915,0,0
11184,1.5,2.592,0,0
11185,1.5,2.5925,0,0
11186,1.5,2.593,0,0
11187,1.5,2.5935,0,0
11188,1.5,2.594,0,0
11189,1.5,2.5945,0,0
11190,1.5,2.595,0,0
11191,1.5,2.5955,0,0
11192,1.5,2.596,0,0
11193,1.5,2.5965,0,0
11194,1.5,2.597,0,0
11195,1.5,2.5975,0,0
11196,1.5,2.598,0,0
11197,1.5,2.5985,0,0
11198,1.5,2.599,0,0
11199,1.5,2.5995,0,0
11200,1.5,2.6,0,0
11201,1.5,2.6005,0,0
11202,1.5,2.601,0,0
11203,1.5,2.6015,0,0
11204,1.5,2.602,0,0
11205,1.5,2.6025,0,0
11206,1.5,2.603,0,0
11207,1.5,2.6035,0,0
11208,1.5,2.604,0,0
11209,1.5,2.6045,0,0
11210,1.5,2.605,0,0
11211,1.5,2.6055,0,0
11212,1.5,2.606,0,0
11213,1.5,2.6065,0,0
11214,1.5,2.607,0,0
11215,1.5,2.6075,0,0
11216,1.5,2.608,0,0
11217,1.5,2.6085,0,0
11218,1.5,2.609,0,0
11219,1.5,2.6095,0,0
11220,1.5,2.61,0,0
11221,1.5,2.6105,0,0
11222,1.5,2.611,0,0
11223,1.5,2.6115,0,0
11224,1.5,2.612,0,0
11225,1.5,2.6125,0,0
11226,1.5,2.613,0,0
11227,1.5,2.6135,0,0
11228,1.5,2.614,0,0
11229,1.5,2.6145,0,0
11230,1.5,2.615,0,0
11231,1.5,2.6155,0,0
11232,1.5,2.616,0,0
11233,1.5,2.6165,0,0
11234,1.5,2.617,0,0
11235,1.5,2.6175,0,0
11236,1.5,2.618,0,0
11237,1.5,2.6185,0,0
11238,1.5,2.619,0,0
11239,1.5,2.6195,0,0
11240,1.5,2.62,0,0
11241,1.5,2.6205,0,0
11242,1.5,2.621,0,0
11243,1.5,2.6215,0,0
11244,1.5,2.622,0,0
11245,1.5,2.6225,0,0
11246,1.5,2.623,0,0
11247,1.5,2.6235,0,0
11248,1.5,2.624,0,0
11249,1.5,2.6245,0,0
11250,1.5,2.625,0,0
11251,1.5,2.6255,0,0
11252,1.5,2.626,0,0
11253,1.5,2.6265,0,0
11254,1.5,2.627,0,0
11255,1.5,2.6275,0,0
11256,1.5,2.628,0,0
11257,1.5,2.6285,0,0
11258,1.5,2.629,0,0
11259,1.5,2.6295,0,0
11260,1.5,2.63,0,0
11261,1.5,2.6305,0,0
11262,1.5,2.631,0,0
11263,1.5,2.6315,0,0
11264,1.5,2.632,0,0
11265,1.5,2.6325,0,0
11266,1.5,2.633,0,0
11267,1.5,2.6335,0,0
11268,1.5,2.634,0,0
11269,1.5,2.6345,0,0
11270,1.5,2.635,0,0
11271,1.5,2.6355,0,0
11272,1.5,2.636,0,0
11273,1.5,2.6365,0,0
11274,1.5,2.637,0,0
11275,1.5,2.6375,0,0
11276,1.5,2.638,0,0
11277,1.5,2.6385,0,0
11278,1.5,2.639,0,0
11279,1.5,2.6395,0,0
11280,1.5,2.64,0,0
11281,1.5,2.6405,0,0
11282,1.5,2.641,0,0
11283,1.5,2.6415,0,0
11284,1.5,2.642,0,0
11285,1.5,2.6425,0,0
11286,1.5,2.643,0,0
11287,1.5,2.6435,0,0
11288,1.5,2.644,0,0
11289,1.5,2.6445,0,0
11290,1.5,2.645,0,0
11291,1.5,2.6455,0,0
11292,1.5,2.646,0,0
11293,1.5,2.6465,0,0
11294,1.5,2.647,0,0
11295,1.5,2.6475,0,0
11296,1.5,2.648,0,0
11297,1.5,2.6485,0,0
11298,1.5,2.649,0,0
11299,1.5,2.6495,0,0
11300,1.5,2.65,0,0
11301,1.5,2.6505,0,0
11302,1.5,2.651,0,0
11303,1.5,2.6515,0,0
11304,1.5,2.652,0,0
11305,1.5,2.6525,0,0
11306,1.5,2.653,0,0
11307,1.5,2.6535,0,0
11308,1.5,2.654,0,0
11309,1.5,2.6545,0,0
11310,1.5,2.655,0,0
11311,1.5,2.6555,0,0
11312,1.5,2.656,0,0
11313,1.5,2.6565,0,0
11314,1.5,2.657,0,0
11315,1.5,2.6575,0,0
11316,1.5,2.658,0,0
11317,1.5,2.6585,0,0
11318,1.5,2.659,0,0
11319,1.5,2.6595,0,0
11320,1.5,2.66,0,0
11321,1.5,2.6605,0,0
11322,1.5,2.661,0,0
11323,1.5,2.6615,0,0
11324,1.5,2.662,0,0
11325,1.5,2.6625,0,0
11326,1.5,2.663,0,0
11327,1.5,2.6635,0,0
11328,1.5,2.664,0,0
11329,1.5,2.6645,0,0
11330,1.5,2.665,0,0
11331,1.5,2.6655,0,0
11332,1.5,2.666,0,0
11333,1.5,2.6665,0,0
11334,1.5,2.667,0,0
11335,1.5,2.6675,0,0
11336,1.5,2.668,0,0
11337,1.5,2.6685,0,0
11338,1.5,2.669,0,0
11339,1.5,2.6695,0,0
11340,1.5,2.67,0,0
11341,1.5,2.6705,0,0
11342,1.5,2.671,0,0
11343,1.5,2.6715,0,0
11344,1.5,2.672,0,0
11345,1.5,2.6725,0,0
11346,1.5,2.673,0,0
11347,1.5,2.6735,0,0
11348,1.5,2.674,0,0
11349,1.5,2.6745,0,0
11350,1.5,2.675,0,0
11351,1.5,2.6755,0,0
11352,1.5,2.676,0,0
11353,1.5,2.6765,0,0
11354,1.5,2.677,0,0
11355,1.5,2.6775,0,0
11356,1.5,2.678,0,0
11357,1.5,2.6785,0,0
11358,1.5,2.679,0,0
11359,1.5,2.6795,0,0
11360,1.5,2.68,0,0
11361,1.5,2.6805,0,0
11362,1.5,2.681,0,0
11363,1.5,2.6815,0,0
11364,1.5,2.682,0,0
11365,1.5,2.6825,0,0
11366,1.5,2.683,0,0
11367,1.5,2.6835,0,0
11368,1.5,2.684,0,0
11369,1.5,2.6845,0,0
11370,1.5,2.685,0,0
11371,1.5,2.6855,0,0
11372,1.5,2.686,0,0
11373,1.5,2.6865,0,0
11374,1.5,2.687,0,0
11375,1.5,2.6875,0,0
11376,1.5,2.688,0,0
11377,1.5,2.6885,0,0
11378,1.5,2.689,0,0
11379,1.5,2.6895,0,0
11380,1.5,2.69,0,0
11381,1.5,2.6905,0,0
11382,1.5,2.691,0,0
11383,1.5,2.6915,0,0
11384,1.5,2.692,0,0
11385,1.5,2.6925,0,0
11386,1.5,2.693,0,0
11387,1.5,2.6935,0,0
11388,1.5,2.694,0,0
11389,1.5,2.6945,0,0
11390,1.5,2.695,0,0
11391,1.5,2.6955,0,0
11392,1.5,2.696,0,0
11393,1.5,2.6965,0,0
11394,1.5,2.697,0,0
11395,1.5,2.6975,0,0
11396,1.5,2.698,0,0
11397,1.5,2.6985,0,0
11398,1.5,2.699,0,0
11399,1.5,2.6995,0,0
11400,1.5,2.7,0,0
11401,1.5,2.7005,0,0
11402,1.5,2.701,0,0
11403,1.5,2.7015,0,0
11404,1.5,2.702,0,0
11405,1.5,2.7025,0,0
11406,1.5,2.703,0,0
11407,1.5,2.7035,0,0
11408,1.5,2.704,0,0
11409,1.5,2.7045,0,0
11410,1.5,2.705,0,0
11411,1.5,2.7055,0,0
11412,1.5,2.706,0,0
11413,1.5,2.7065,0,0
11414,1.5,2.707,0,0
11415,1.5,2.7075,0,0
11416,1.5,2.708,0,0
11417,1.5,2.7085,0,0
11418,1.5,2.709,0,0
11419,1.5,2.7095,0,0
11420,1.5,2.71,0,0
11421,1.5,2.7105,0,0
11422,1.5,2.711,0,0
11423,1.5,2.7115,0,0
11424,1.5,2.712,0,0
11425,1.5,2.7125,0,0
11426,1.5,2.713,0,0
11427,1.5,2.7135,0,0
11428,1.5,2.714,0,0
11429,1.5,2.7145,0,0
11430,1.5,2.715,0,0
11431,1.5,2.7155,0,0
11432,1.5,2.716,0,0
11433,1.5,2.7165,0,0
11434,1.5,2.717,0,0
11435,1.5,2.7175,0,0
11436,1.5,2.718,0,0
11437,1.5,2.7185,0,0
11438,1.5,2.719,0,0
11439,1.5,2.7195,0,0
11440,1.5,2.72,0,0
11441,1.5,2.7205,0,0
11442,1.5,2.721,0,0
11443,1.5,2.7215,0,0
11444,1.5,2.722,0,0
11445,1.5,2.7225,0,0
11446,1.5,2.723,0,0
11447,1.5,2.7235,0,0
11448,1.5,2.724,0,0
11449,1.5,2.7245,0,0
11450,1.5,2.725,0,0
11451,1.5,2.7255,0,0
11452,1.5,2.726,0,0
11453,1.5,2.7265,0,0
11454,1.5,2.727,0,0
11455,1.5,2.7275,0,0
11456,1.5,2.728,0,0
11457,1.5,2.7285,0,0
11458,1.5,2.729,0,0
11459,1.5,2.7295,0,0
11460,1.5,2.73,0,0
11461,1.5,2.7305,0,0
11462,1.5,2.731,0,0
11463,1.5,2.7315,0,0
11464,1.5,2.732,0,0
11465,1.5,2.7325,0,0
11466,1.5,2.733,0,0
11467,1.5,2.7335,0,0
11468,1.5,2.734,0,0
11469,1.5,2.7345,0,0
11470,1.5,2.735,0,0
11471,1.5,2.7355,0,0
11472,1.5,2.736,0,0
11473,1.5,2.7365,0,0
11474,1.5,2.737,0,0
11475,1.5,2.7375,0,0
11476,1.5,2.738,0,0
11477,1.5,2.7385,0,0
11478,1.5,2.739,0,0
11479,1.5,2.7395,0,0
11480,1.5,2.74,0,0
11481,1.5,2.7405,0,0
11482,1.5,2.741,0,0
11483,1.5,2.7415,0,0
11484,1.5,2.742,0,0
11485,1.5,2.7425,0,0
11486,1.5,2.743,0,0
11487,1.5,2.7435,0,0
11488,1.5,2.744,0,0
11489,1.5,2.7445,0,0
11490,1.5,2.745,0,0
11491,1.5,2.7455,0,0
11492,1.5,2.746,0,0
11493,1.5,2.7465,0,0
11494,1.5,2.747,0,0
11495,1.5,2.7475,0,0
11496,1.5,2.748,0,0
11497,1.5,2.7485,0,0
11498,1.5,2.749,0,0
11499,1.5,2.7495,0,0
11500,1.5,2.75,0,0
11501,1.5,2.7505,0,0
11502,1.5,2.751,0,0
11503,1.5,2.7515,0,0
11504,1.5,2.752,0,0
11505,1.5,2.7525,0,0
11506,1.5,2.753,0,0
11507,1.5,2.7535,0,0
11508,1.5,2.754,0,0
11509,1.5,2.7545,0,0
11510,1.5,2.755,0,0
11511,1.5,2.7555,0,0
11512,1.5,2.756,0,0
11513,1.5,2.7565,0,0
11514,1.5,2.757,0,0
11515,1.5,2.7575,0,0
11516,1.5,2.758,0,0
11517,1.5,2.7585,0,0
11518,1.5,2.759,0,0
11519,1.5,2.7595,0,0
11520,1.5,2.76,0,0
11521,1.5,2.7605,0,0
11522,1.5,2.761,0,0
11523,1.5,2.7615,0,0
11524,1.5,2.762,0,0
11525,1.5,2.7625,0,0
11526,1.5,2.763,0,0
11527,1.5,2.7635,0,0
11528,1.5,2.764,0,0
11529,1.5,2.7645,0,0
11530,1.5,2.765,0,0
11531,1.5,2.7655,0,0
11532,1.5,2.766,0,0
11533,1.5,2.7665,0,0
11534,1.5,2.767,0,0
11535,1.5,2.7675,0,0
11536,1.5,2.768,0,0
11537,1.5,2.7685,0,0
11538,1.5,2.769,0,0
11539,1.5,2.7695,0,0
11540,1.5,2.77,0,0
11541,1.5,2.7705,0,0
11542,1.5,2.771,0,0
11543,1.5,2.7715,0,0
11544,1.5,2.772,0,0
11545,1.5,2.7725,0,0
11546,1.5,2.773,0,0
11547,1.5,2.7735,0,0
11548,1.5,2.774,0,0
11549,1.5,2.7745,0,0
11550,1.5,2.775,0,0
11551,1.5,2.7755,0,0
11552,1.5,2.776,0,0
11553,1.5,2.7765,0,0
11554,1.5,2.777,0,0
11555,1.5,2.7775,0,0
11556,1.5,2.778,0,0
11557,1.5,2.7785,0,0
11558,1.5,2.779,0,0
11559,1.5,2.7795,0,0
11560,1.5,2.78,0,0
11561,1.5,2.7805,0,0
11562,1.5,2.781,0,0
11563,1.5,2.7815,0,0
11564,1.5,2.782,0,0
11565,1.5,2.7825,0,0
11566,1.5,2.783,0,0
11567,1.5,2.7835,0,0
11568,1.5,2.784,0,0
11569,1.5,2.7845,0,0
11570,1.5,2.785,0,0
11571,1.5,2.7855,0,0
11572,1.5,2.786,0,0
11573,1.5,2.7865,0,0
11574,1.5,2.787,0,0
11575,1.5,2.7875,0,0
11576,1.5,2.788,0,0
11577,1.5,2.7885,0,0
11578,1.5,2.789,0,0
11579,1.5,2.7895,0,0
11580,1.5,2.79,0,0
11581,1.5,2.7905,0,0
11582,1.5,2.791,0,0
11583,1.5,2.7915,0,0
11584,1.5,2.792,0,0
11585,1.5,2.7925,0,0
11586,1.5,2.793,0,0
11587,1.5,2.7935,0,0
11588,1.5,2.794,0,0
11589,1.5,2.7945,0,0
11590,1.5,2.795,0,0
11591,1.5,2.7955,0,0
11592,1.5,2.796,0,0
11593,1.5,2.7965,0,0
11594,1.5,2.797,0,0
11595,1.5,2.7975,0,0
11596,1.5,2.798,0,0
11597,1.5,2.7985,0,0
11598,1.5,2.799,0,0
11599,1.5,2.7995,0,0
11600,1.5,2.8,0,0
11601,1.5,2.8005,0,0
11602,1.5,2.801,0,0
11603,1.5,2.8015,0,0
11604,1.5,2.802,0,0
11605,1.5,2.8025,0,0
11606,1.5,2.803,0,0
11607,1.5,2.8035,0,0
11608,1.5,2.804,0,0
11609,1.5,2.8045,0,0
11610,1.5,2.805,0,0
11611,1.5,2.8055,0,0
11612,1.5,2.806,0,0
11613,1.5,2.8065,0,0
11614,1.5,2.807,0,0
11615,1.5,2.8075,0,0
11616,1.5,2.808,0,0
11617,1.5,2.8085,0,0
11618,1.5,2.809,0,0
11619,1.5,2.8095,0,0
11620,1.5,2.81,0,0
11621,1.5,2.8105,0,0
11622,1.5,2.811,0,0
11623,1.5,2.8115,0,0
11624,1.5,2.812,0,0
11625,1.5,2.8125,0,0
11626,1.5,2.813,0,0
11627,1.5,2.8135,0,0
11628,1.5,2.814,0,0
11629,1.5,2.8145,0,0
11630,1.5,2.815,0,0
11631,1.5,2.8155,0,0
11632,1.5,2.816,0,0
11633,1.5,2.8165,0,0
11634,1.5,2.817,0,0
11635,1.5,2.8175,0,0
11636,1.5,2.818,0,0
11637,1.5,2.8185,0,0
11638,1.5,2.819,0,0
11639,1.5,2.8195,0,0
11640,1.5,2.82,0,0
11641,1.5,2.8205,0,0
11642,1.5,2.821,0,0
11643,1.5,2.8215,0,0
11644,1.5,2.822,0,0
11645,1.5,2.8225,0,0
11646,1.5,2.823,0,0
11647,1.5,2.8235,0,0
11648,1.5,2.824,0,0
11649,1.5,2.8245,0,0
11650,1.5,2.825,0,0
11651,1.5,2.8255,0,0
11652,1.5,2.826,0,0
11653,1.5,2.8265,0,0
11654,1.5,2.827,0,0
11655,1.5,2.8275,0,0
11656,1.5,2.828,0,0
11657,1.5,2.8285,0,0
11658,1.5,2.829,0,0
11659,1.5,2.8295,0,0
11660,1.5,2.83,0,0
11661,1.5,2.8305,0,0
11662,1.5,2.831,0,0
11663,1.5,2.8315,0,0
11664,1.5,2.832,0,0
11665,1.5,2.8325,0,0
11666,1.5,2.833,0,0
11667,1.5,2.8335,0,0
11668,1.5,2.834,0,0
11669,1.5,2.8345,0,0
11670,1.5,2.835,0,0
11671,1.5,2.8355,0,0
11672,1.5,2.836,0,0
11673,1.5,2.8365,0,0
11674,1.5,2.837,0,0
11675,1.5,2.8375,0,0
11676,1.5,2.838,0,0
11677,1.5,2.8385,0,0
11678,1.5,2.839,0,0
11679,1.5,2.8395,0,0
11680,1.5,2.84,0,0
11681,1.5,2.8405,0,0
11682,1.5,2.841,0,0
11683,1.5,2.8415,0,0
11684,1.5,2.842,0,0
11685,1.5,2.8425,0,0
11686,1.5,2.843,0,0
11687,1.5,2.8435,0,0
11688,1.5,2.844,0,0
11689,1.5,2.8445,0,0
11690,1.5,2.845,0,0
11691,1.5,2.8455,0,0
11692,1.5,2.846,0,0
11693,1.5,2.8465,0,0
11694,1.5,2.847,0,0
11695,1.5,2.8475,0,0
11696,1.5,2.848,0,0
11697,1.5,2.8485,0,0
11698,1.5,2.849,0,0
11699,1.5,2.8495,0,0
11700,1.5,2.85,0,0
11701,1.5,2.8505,0,0
11702,1.5,2.851,0,0
11703,1.5,2.8515,0,0
11704,1.5,2.852,0,0
11705,1.5,2.8525,0,0
11706,1.5,2.853,0,0
11707,1.5,2.8535,0,0
11708,1.5,2.854,0,0
11709,1.5,2.8545,0,0
11710,1.5,2.855,0,0
11711,1.5,2.8555,0,0
11712,1.5,2.856,0,0
11713,1.5,2.8565,0,0
11714,1.5,2.857,0,0
11715,1.5,2.8575,0,0
11716,1.5,2.858,0,0
11717,1.5,2.8585,0,0
11718,1.5,2.859,0,0
11719,1.5,2.8595,0,0
11720,1.5,2.86,0,0
11721,1.5,2.8605,0,0
11722,1.5,2.861,0,0
11723,1.5,2.8615,0,0
11724,1.5,2.862,0,0
11725,1.5,2.8625,0,0
11726,1.5,2.863,0,0
11727,1.5,2.8635,0,0
11728,1.5,2.864,0,0
11729,1.5,2.8645,0,0
11730,1.5,2.865,0,0
11731,1.5,2.8655,0,0
11732,1.5,2.866,0,0
11733,1.5,2.8665,0,0
11734,1.5,2.867,0,0
11735,1.5,2.8675,0,0
11736,1.5,2.868,0,0
11737,1.5,2.8685,0,0
11738,1.5,2.869,0,0
11739,1.5,2.8695,0,0
11740,1.5,2.87,0,0
11741,1.5,2.8705,0,0
11742,1.5,2.871,0,0
11743,1.5,2.8715,0,0
11744,1.5,2.872,0,0
11745,1.5,2.8725,0,0
11746,1.5,2.873,0,0
11747,1.5,2.8735,0,0
11748,1.5,2.874,0,0
11749,1.5,2.8745,0,0
11750,1.5,2.875,0,0
11751,1.5,2.8755,0,0
11752,1.5,2.876,0,0
11753,1.5,2.8765,0,0
11754,1.5,2.877,0,0
11755,1.5,2.8775,0,0
11756,1.5,2.878,0,0
11757,1.5,2.8785,0,0
11758,1.5,2.879,0,0
11759,1.5,2.8795,0,0
11760,1.5,2.88,0,0
11761,1.5,2.8805,0,0
11762,1.5,2.881,0,0
11763,1.5,2.8815,0,0
11764,1.5,2.882,0,0
11765,1.5,2.8825,0,0
11766,1.5,2.883,0,0
11767,1.5,2.8835,0,0
11768,1.5,2.884,0,0
11769,1.5,2.8845,0,0
11770,1.5,2.885,0,0
11771,1.5,2.8855,0,0
11772,1.5,2.886,0,0
11773,1.5,2.8865,0,0
11774,1.5,2.887,0,0
11775,1.5,2.8875,0,0
11776,1.5,2.888,0,0
11777,1.5,2.8885,0,0
11778,1.5,2.889,0,0
11779,1.5,2.8895,0,0
11780,1.5,2.89,0,0
11781,1.5,2.8905,0,0
11782,1.5,2.891,0,0
11783,1.5,2.8915,0,0
11784,1.5,2.892,0,0
11785,1.5,2.8925,0,0
11786,1.5,2.893,0,0
11787,1.5,2.8935,0,0
11788,1.5,2.894,0,0
11789,1.5,2.8945,0,0
11790,1.5,2.895,0,0
11791,1.5,2.8955,0,0
11792,1.5,2.896,0,0
11793,1.5,2.8965,0,0
11794,1.5,2.897,0,0
11795,1.5,2.8975,0,0
11796,1.5,2.898,0,0
11797,1.5,2.8985,0,0
11798,1.5,2.899,0,0
11799,1.5,2.8995,0,0
11800,1.5,2.9,0,0
11801,1.5,2.9005,0,0
11802,1.5,2.901,0,0
11803,1.5,2.9015,0,0
11804,1.5,2.902,0,0
11805,1.5,2.9025,0,0
11806,1.5,2.903,0,0
11807,1.5,2.9035,0,0
11808,1.5,2.904,0,0
11809,1.5,2.9045,0,0
11810,1.5,2.905,0,0
11811,1.5,2.9055,0,0
11812,1.5,2.906,0,0
11813,1.5,2.9065,0,0
11814,1.5,2.907,0,0
11815,1.5,2.9075,0,0
11816,1.5,2.908,0,0
11817,1.5,2.9085,0,0
11818,1.5,2.909,0,0
11819,1.5,2.9095,0,0
11820,1.5,2.91,0,0
11821,1.5,2.9105,0,0
11822,1.5,2.911,0,0
11823,1.5,2.9115,0,0
11824,1.5,2.912,0,0
11825,1.5,2.9125,0,0
11826,1.5,2.913,0,0
11827,1.5,2.9135,0,0
11828,1.5,2.914,0,0
11829,1.5,2.9145,0,0
11830,1.5,2.915,0,0
11831,1.5,2.9155,0,0
11832,1.5,2.916,0,0
11833,1.5,2.9165,0,0
11834,1.5,2.917,0,0
11835,1.5,2.9175,0,0
11836,1.5,2.918,0,0
11837,1.5,2.9185,0,0
11838,1.5,2.919,0,0
11839,1.5,2.9195,0,0
11840,1.5,2.92,0,0
11841,1.5,2.9205,0,0
11842,1.5,2.921,0,0
11843,1.5,2.9215,0,0
11844,1.5,2.922,0,0
11845,1.5,2.9225,0,0
11846,1.5,2.923,0,0
11847,1.5,2.9235,0,0
11848,1.5,2.924,0,0
11849,1.5,2.9245,0,0
11850,1.5,2.925,0,0
11851,1.5,2.9255,0,0
11852,1.5,2.926,0,0
11853,1.5,2.9265,0,0
11854,1.5,2.927,0,0
11855,1.5,2.9275,0,0
11856,1.5,2.928,0,0
11857,1.5,2.9285,0,0
11858,1.5,2.929,0,0
11859,1.5,2.9295,0,0
11860,1.5,2.93,0,0
11861,1.5,2.9305,0,0
11862,1.5,2.931,0,0
11863,1.5,2.9315,0,0
11864,1.5,2.932,0,0
11865,1.5,2.9325,0,0
11866,1.5,2.933,0,0
11867,1.5,2.9335,0,0
11868,1.5,2.934,0,0
11869,1.5,2.9345,0,0
11870,1.5,2.935,0,0
11871,1.5,2.9355,0,0
11872,1.5,2.936,0,0
11873,1.5,2.9365,0,0
11874,1.5,2.937,0,0
11875,1.5,2.9375,0,0
11876,1.5,2.938,0,0
11877,1.5,2.9385,0,0
11878,1.5,2.939,0,0
11879,1.5,2.9395,0,0
11880,1.5,2.94,0,0
11881,1.5,2.9405,0,0
11882,1.5,2.941,0,0
11883,1.5,2.9415,0,0
11884,1.5,2.942,0,0
11885,1.5,2.9425,0,0
11886,1.5,2.943,0,0
11887,1.5,2.9435,0,0
11888,1.5,2.944,0,0
11889,1.5,2.9445,0,0
11890,1.5,2.945,0,0
11891,1.5,2.9455,0,0
11892,1.5,2.946,0,0
11893,1.5,2.9465,0,0
11894,1.5,2.947,0,0
11895,1.5,2.9475,0,0
11896,1.5,2.948,0,0
11897,1.5,2.9485,0,0
11898,1.5,2.949,0,0
11899,1.5,2.9495,0,0
11900,1.5,2.95,0,0
11901,1.5,2.9505,0,0
11902,1.5,2.951,0,0
11903,1.5,2.9515,0,0
11904,1.5,2.952,0,0
11905,1.5,2.9525,0,0
11906,1.5,2.953,0,0
11907,1.5,2.9535,0,0
11908,1.5,2.954,0,0
11909,1.5,2.9545,0,0
11910,1.5,2.955,0,0
11911,1.5,2.9555,0,0
11912,1.5,2.956,0,0
11913,1.5,2.9565,0,0
11914,1.5,2.957,0,0
11915,1.5,2.9575,0,0
11916,1.5,2.958,0,0
11917,1.5,2.9585,0,0
11918,1.5,2.959,0,0
11919,1.5,2.9595,0,0
11920,1.5,2.96,0,0
11921,1.5,2.9605,0,0
11922,1.5,2.961,0,0
11923,1.5,2.9615,0,0
11924,1.5,2.962,0,0
11925,1.5,2.9625,0,0
11926,1.5,2.963,0,0
11927,1.5,2.9635,0,0
11928,1.5,2.964,0,0
11929,1.5,2.9645,0,0
11930,1.5,2.965,0,0
11931,1.5,2.9655,0,0
11932,1.5,2.966,0,0
11933,1.5,2.9665,0,0
11934,1.5,2.967,0,0
11935,1.5,2.9675,0,0
11936,1.5,2.968,0,0
11937,1.5,2.9685,0,0
11938,1.5,2.969,0,0
11939,1.5,2.9695,0,0
11940,1.5,2.97,0,0
11941,1.5,2.9705,0,0
11942,1.5,2.971,0,0
11943,1.5,2.9715,0,0
11944,1.5,2.972,0,0
11945,1.5,2.9725,0,0
11946,1.5,2.973,0,0
11947,1.5,2.9735,0,0
11948,1.5,2.974,0,0
11949,1.5,2.9745,0,0
11950,1.5,2.975,0,0
11951,1.5,2.9755,0,0
11952,1.5,2.976,0,0
11953,1.5,2.9765,0,0
11954,1.5,2.977,0,0
11955,1.5,2.9775,0,0
11956,1.5,2.978,0,0
11957,1.5,2.9785,0,0
11958,1.5,2.979,0,0
11959,1.5,2.9795,0,0
11960,1.5,2.98,0,0
11961,1.5,2.9805,0,0
11962,1.5,2.981,0,0
11963,1.5,2.9815,0,0
11964,1.5,2.982,0,0
11965,1.5,2.9825,0,0
11966,1.5,2.983,0,0
11967,1.5,2.9835,0,0
11968,1.5,2.984,0,0
11969,1.5,2.9845,0,0
11970,1.5,2.985,0,0
11971,1.5,2.9855,0,0
11972,1.5,2.986,0,0
11973,1.5,2.9865,0,0
11974,1.5,2.987,0,0
11975,1.5,2.9875,0,0
11976,1.5,2.988,0,0
11977,1.5,2.9885,0,0
11978,1.5,2.989,0,0
11979,1.5,2.9895,0,0
11980,1.5,2.99,0,0
11981,1.5,2.9905,0,0
11982,1.5,2.991,0,0
11983,1.5,2.9915,0,0
11984,1.5,2.992,0,0
11985,1.5,2.9925,0,0
11986,1.5,2.993,0,0
11987,1.5,2.9935,0,0
11988,1.5,2.994,0,0
11989,1.5,2.9945,0,0
11990,1.5,2.995,0,0
11991,1.5,2.9955,0,0
11992,1.5,2.996,0,0
11993,1.5,2.9965,0,0
11994,1.5,2.997,0,0
11995,1.5,2.9975,0,0
11996,1.4999999999998,2.998,0,0
11997,1.5000000000006,2.9985,0,0
11998,1.4999999999979,2.999,0,0
11999,1.500000000008,2.9995,0,0
12000,1.4999999999699,3,0,0
