id,psi,x,y,z
4000,-0.13279298918167,0,0,0
4001,1.5082963203907,0.00025,0,0
4002,0.52444407256081,0.0005,0,0
4003,0.65277135600327,0.00075,0,0
4004,0.62598851150968,0.001,0,0
4005,0.63121008732993,0.00125,0,0
4006,0.63020541511619,0.0015,0,0
4007,0.63042664279217,0.00175,0,0
4008,0.63040706451254,0.002,0,0
4009,0.63043481001711,0.00225,0,0
4010,0.63045325617556,0.0025,0,0
4011,0.63047352973174,0.00275,0,0
4012,0.63049344419055,0.003,0,0
4013,0.63051342921474,0.00325,0,0
4014,0.63053340037229,0.0035,0,0
4015,0.63055337425474,0.00375,0,0
4016,0.63057334760173,0.004,0,0
4017,0.63059332105394,0.00425,0,0
4018,0.63061329448547,0.0045,0,0
4019,0.63063326792106,0.00475,0,0
4020,0.63065324135586,0.005,0,0
4021,0.63067321479082,0.00525,0,0
4022,0.63069318822574,0.0055,0,0
4023,0.63071316166067,0.00575,0,0
4024,0.6307331350956,0.006,0,0
4025,0.63075310853053,0.00625,0,0
4026,0.63077308196546,0.0065,0,0
4027,0.63079305540038,0.00675,0,0
4028,0.63081302883531,0.007,0,0
4029,0.63083300227024,0.00725,0,0
4030,0.63085297570517,0.0075,0,0
4031,0.6308729491401,0.00775,0,0
4032,0.63089292257503,0.008,0,0
4033,0.63091289600996,0.00825,0,0
4034,0.63093286944489,0.0085,0,0
4035,0.63095284287981,0.00875,0,0
4036,0.63097281631474,0.009,0,0
4037,0.63099278974967,0.00925,0,0
4038,0.6310127631846,0.0095,0,0
4039,0.63103273661953,0.00975,0,0
4040,0.63105271005446,0.01,0,0
4041,0.63107268348939,0.01025,0,0
4042,0.63109265692431,0.0105,0,0
4043,0.63111263035924,0.01075,0,0
4044,0.63113260379417,0.011,0,0
4045,0.6311525772291,0.01125,0,0
4046,0.63117255066403,0.0115,0,0
4047,0.63119252409896,0.01175,0,0
4048,0.63121249753389,0.012,0,0
4049,0.63123247096881,0.01225,0,0
4050,0.63125244440374,0.0125,0,0
4051,0.63127241783867,0.01275,0,0
4052,0.6312923912736,0.013,0,0
4053,0.63131236470853,0.01325,0,0
4054,0.63133233814346,0.0135,0,0
4055,0.63135231157839,0.01375,0,0
4056,0.63137228501332,0.014,0,0
4057,0.63139225844824,0.01425,0,0
4058,0.63141223188317,0.0145,0,0
4059,0.6314322053181,0.01475,0,0
4060,0.63145217875303,0.015,0,0
4061,0.63147215218796,0.01525,0,0
4062,0.63149212562289,0.0155,0,0
4063,0.63151209905782,0.01575,0,0
4064,0.63153207249274,0.016,0,0
4065,0.63155204592767,0.01625,0,0
4066,0.6315720193626,0.0165,0,0
4067,0.63159199279753,0.01675,0,0
4068,0.63161196623246,0.017,0,0
4069,0.63163193966739,0.01725,0,0
4070,0.63165191310232,0.0175,0,0
4071,0.63167188653725,0.01775,0,0
4072,0.63169185997217,0.018,0,0
4073,0.6317118334071,0.01825,0,0
4074,0.63173180684203,0.0185,0,0
4075,0.63175178027696,0.01875,0,0
4076,0.63177175371189,0.019,0,0
4077,0.63179172714682,0.01925,0,0
4078,0.63181170058175,0.0195,0,0
4079,0.63183167401667,0.01975,0,0
4080,0.6318516474516,0.02,0,0
4081,0.63187162088653,0.02025,0,0
4082,0.63189159432146,0.0205,0,0
4083,0.63191156775639,0.02075,0,0
4084,0.63193154119132,0.021,0,0
4085,0.63195151462625,0.02125,0,0
4086,0.63197148806118,0.0215,0,0
4087,0.6319914614961,0.02175,0,0
4088,0.63201143493103,0.022,0,0
4089,0.63203140836596,0.02225,0,0
4090,0.63205138180089,0.0225,0,0
4091,0.63207135523582,0.02275,0,0
4092,0.63209132867075,0.023,0,0
4093,0.63211130210568,0.02325,0,0
4094,0.6321312755406,0.0235,0,0
4095,0.63215124897553,0.02375,0,0
4096,0.63217122241046,0.024,0,0
4097,0.63219119584539,0.02425,0,0
4098,0.63221116928032,0.0245,0,0
4099,0.63223114271525,0.02475,0,0
4100,0.63225111615018,0.025,0,0
4101,0.63227108958511,0.02525,0,0
4102,0.63229106302003,0.0255,0,0
4103,0.63231103645496,0.02575,0,0
4104,0.63233100988989,0.026,0,0
4105,0.63235098332482,0.02625,0,0
4106,0.63237095675975,0.0265,0,0
4107,0.63239093019468,0.02675,0,0
4108,0.63241090362961,0.027,0,0
4109,0.63243087706454,0.02725,0,0
4110,0.63245085049946,0.0275,0,0
4111,0.63247082393439,0.02775,0,0
4112,0.63249079736932,0.028,0,0
4113,0.63251077080425,0.02825,0,0
4114,0.63253074423918,0.0285,0,0
4115,0.63255071767411,0.02875,0,0
4116,0.63257069110904,0.029,0,0
4117,0.63259066454396,0.02925,0,0
4118,0.63261063797889,0.0295,0,0
4119,0.63263061141382,0.02975,0,0
4120,0.63265058484875,0.03,0,0
4121,0.63267055828368,0.03025,0,0
4122,0.63269053171861,0.0305,0,0
4123,0.63271050515354,0.03075,0,0
4124,0.63273047858846,0.031,0,0
4125,0.63275045202339,0.03125,0,0
4126,0.63277042545832,0.0315,0,0
4127,0.63279039889325,0.03175,0,0
4128,0.63281037232818,0.032,0,0
4129,0.63283034576311,0.03225,0,0
4130,0.63285031919804,0.0325,0,0
4131,0.63287029263297,0.03275,0,0
4132,0.63289026606789,0.033,0,0
4133,0.63291023950282,0.03325,0,0
4134,0.63293021293775,0.0335,0,0
4135,0.63295018637268,0.03375,0,0
4136,0.63297015980761,0.034,0,0
4137,0.63299013324254,0.03425,0,0
4138,0.63301010667747,0.0345,0,0
4139,0.63303008011239,0.03475,0,0
4140,0.63305005354732,0.035,0,0
4141,0.63307002698225,0.03525,0,0
4142,0.63309000041718,0.0355,0,0
4143,0.63310997385211,0.03575,0,0
4144,0.63312994728704,0.036,0,0
4145,0.63314992072197,0.03625,0,0
4146,0.6331698941569,0.0365,0,0
4147,0.63318986759182,0.03675,0,0
4148,0.63320984102675,0.037,0,0
4149,0.63322981446168,0.03725,0,0
4150,0.63324978789661,0.0375,0,0
4151,0.63326976133154,0.03775,0,0
4152,0.63328973476647,0.038,0,0
4153,0.6333097082014,0.03825,0,0
4154,0.63332968163632,0.0385,0,0
4155,0.63334965507125,0.03875,0,0
4156,0.63336962850618,0.039,0,0
4157,0.63338960194111,0.03925,0,0
4158,0.63340957537604,0.0395,0,0
4159,0.63342954881097,0.03975,0,0
4160,0.6334495222459,0.04,0,0
4161,0.63346949568083,0.04025,0,0
4162,0.63348946911575,0.0405,0,0
4163,0.63350944255068,0.04075,0,0
4164,0.63352941598561,0.041,0,0
4165,0.63354938942054,0.04125,0,0
4166,0.63356936285547,0.0415,0,0
4167,0.6335893362904,0.04175,0,0
4168,0.63360930972533,0.042,0,0
4169,0.63362928316026,0.04225,0,0
4170,0.63364925659518,0.0425,0,0
4171,0.63366923003011,0.04275,0,0
4172,0.63368920346504,0.043,0,0
4173,0.63370917689997,0.04325,0,0
4174,0.6337291503349,0.0435,0,0
4175,0.63374912376983,0.04375,0,0
4176,0.63376909720476,0.044,0,0
4177,0.63378907063968,0.04425,0,0
4178,0.63380904407461,0.0445,0,0
4179,0.63382901750954,0.04475,0,0
4180,0.63384899094447,0.045,0,0
4181,0.6338689643794,0.04525,0,0
4182,0.63388893781433,0.0455,0,0
4183,0.63390891124926,0.04575,0,0
4184,0.63392888468419,0.046,0,0
4185,0.63394885811911,0.04625,0,0
4186,0.63396883155404,0.0465,0,0
4187,0.63398880498897,0.04675,0,0
4188,0.6340087784239,0.047,0,0
4189,0.63402875185883,0.04725,0,0
4190,0.63404872529376,0.0475,0,0
4191,0.63406869872869,0.04775,0,0
4192,0.63408867216361,0.048,0,0
4193,0.63410864559854,0.04825,0,0
4194,0.63412861903347,0.0485,0,0
4195,0.6341485924684,0.04875,0,0
4196,0.63416856590333,0.049,0,0
4197,0.63418853933826,0.04925,0,0
4198,0.63420851277319,0.0495,0,0
4199,0.63422848620812,0.04975,0,0
4200,0.63424845964304,0.05,0,0
4201,0.63426843307797,0.05025,0,0
4202,0.6342884065129,0.0505,0,0
4203,0.63430837994783,0.05075,0,0
4204,0.63432835338276,0.051,0,0
4205,0.63434832681769,0.05125,0,0
4206,0.63436830025262,0.0515,0,0
4207,0.63438827368754,0.05175,0,0
4208,0.63440824712247,0.052,0,0
4209,0.6344282205574,0.05225,0,0
4210,0.63444819399233,0.0525,0,0
4211,0.63446816742726,0.05275,0,0
4212,0.63448814086219,0.053,0,0
4213,0.63450811429712,0.05325,0,0
4214,0.63452808773205,0.0535,0,0
4215,0.63454806116697,0.05375,0,0
4216,0.6345680346019,0.054,0,0
4217,0.63458800803683,0.05425,0,0
4218,0.63460798147176,0.0545,0,0
4219,0.63462795490669,0.05475,0,0
4220,0.63464792834162,0.055,0,0
4221,0.63466790177655,0.05525,0,0
4222,0.63468787521147,0.0555,0,0
4223,0.6347078486464,0.05575,0,0
4224,0.63472782208133,0.056,0,0
4225,0.63474779551626,0.05625,0,0
4226,0.63476776895119,0.0565,0,0
4227,0.63478774238612,0.05675,0,0
4228,0.63480771582105,0.057,0,0
4229,0.63482768925598,0.05725,0,0
4230,0.6348476626909,0.0575,0,0
4231,0.63486763612583,0.05775,0,0
4232,0.63488760956076,0.058,0,0
4233,0.63490758299569,0.05825,0,0
4234,0.63492755643062,0.0585,0,0
4235,0.63494752986555,0.05875,0,0
4236,0.63496750330048,0.059,0,0
4237,0.6349874767354,0.05925,0,0
4238,0.63500745017033,0.0595,0,0
4239,0.63502742360526,0.05975,0,0
4240,0.63504739704019,0.06,0,0
4241,0.63506737047512,0.06025,0,0
4242,0.63508734391005,0.0605,0,0
4243,0.63510731734498,0.06075,0,0
4244,0.63512729077991,0.061,0,0
4245,0.63514726421483,0.06125,0,0
4246,0.63516723764976,0.0615,0,0
4247,0.63518721108469,0.06175,0,0
4248,0.63520718451962,0.062,0,0
4249,0.63522715795455,0.06225,0,0
4250,0.63524713138948,0.0625,0,0
4251,0.63526710482441,0.06275,0,0
4252,0.63528707825933,0.063,0,0
4253,0.63530705169426,0.06325,0,0
4254,0.63532702512919,0.0635,0,0
4255,0.63534699856412,0.06375,0,0
4256,0.63536697199905,0.064,0,0
4257,0.63538694543398,0.06425,0,0
4258,0.63540691886891,0.0645,0,0
4259,0.63542689230384,0.06475,0,0
4260,0.63544686573876,0.065,0,0
4261,0.63546683917369,0.06525,0,0
4262,0.63548681260862,0.0655,0,0
4263,0.63550678604355,0.06575,0,0
4264,0.63552675947848,0.066,0,0
4265,0.63554673291341,0.06625,0,0
4266,0.63556670634834,0.0665,0,0
4267,0.63558667978326,0.06675,0,0
4268,0.63560665321819,0.067,0,0
4269,0.63562662665312,0.06725,0,0
4270,0.63564660008805,0.0675,0,0
4271,0.63566657352298,0.06775,0,0
4272,0.63568654695791,0.068,0,0
4273,0.63570652039284,0.06825,0,0
4274,0.63572649382777,0.0685,0,0
4275,0.63574646726269,0.06875,0,0
4276,0.63576644069762,0.069,0,0
4277,0.63578641413255,0.06925,0,0
4278,0.63580638756748,0.0695,0,0
4279,0.63582636100241,0.06975,0,0
4280,0.63584633443734,0.07,0,0
4281,0.63586630787227,0.07025,0,0
4282,0.63588628130719,0.0705,0,0
4283,0.63590625474212,0.07075,0,0
4284,0.63592622817705,0.071,0,0
4285,0.63594620161198,0.07125,0,0
4286,0.63596617504691,0.0715,0,0
4287,0.63598614848184,0.07175,0,0
4288,0.63600612191677,0.072,0,0
4289,0.6360260953517,0.07225,0,0
4290,0.63604606878662,0.0725,0,0
4291,0.63606604222155,0.07275,0,0
4292,0.63608601565648,0.073,0,0
4293,0.63610598909141,0.07325,0,0
4294,0.63612596252634,0.0735,0,0
4295,0.63614593596127,0.07375,0,0
4296,0.6361659093962,0.074,0,0
4297,0.63618588283112,0.07425,0,0
4298,0.63620585626605,0.0745,0,0
4299,0.63622582970098,0.07475,0,0
4300,0.63624580313591,0.075,0,0
4301,0.63626577657084,0.07525,0,0
4302,0.63628575000577,0.0755,0,0
4303,0.6363057234407,0.07575,0,0
4304,0.63632569687563,0.076,0,0
4305,0.63634567031055,0.07625,0,0
4306,0.63636564374548,0.0765,0,0
4307,0.63638561718041,0.07675,0,0
4308,0.63640559061534,0.077,0,0
4309,0.63642556405027,0.07725,0,0
4310,0.6364455374852,0.0775,0,0
4311,0.63646551092013,0.07775,0,0
4312,0.63648548435505,0.078,0,0
4313,0.63650545778998,0.07825,0,0
4314,0.63652543122491,0.0785,0,0
4315,0.63654540465984,0.07875,0,0
4316,0.63656537809477,0.079,0,0
4317,0.6365853515297,0.07925,0,0
4318,0.63660532496463,0.0795,0,0
4319,0.63662529839956,0.07975,0,0
4320,0.63664527183448,0.08,0,0
4321,0.63666524526941,0.08025,0,0
4322,0.63668521870434,0.0805,0,0
4323,0.63670519213927,0.08075,0,0
4324,0.6367251655742,0.081,0,0
4325,0.63674513900913,0.08125,0,0
4326,0.63676511244406,0.0815,0,0
4327,0.63678508587898,0.08175,0,0
4328,0.63680505931391,0.082,0,0
4329,0.63682503274884,0.08225,0,0
4330,0.63684500618377,0.0825,0,0
4331,0.6368649796187,0.08275,0,0
4332,0.63688495305363,0.083,0,0
4333,0.63690492648856,0.08325,0,0
4334,0.63692489992349,0.0835,0,0
4335,0.63694487335841,0.08375,0,0
4336,0.63696484679334,0.084,0,0
4337,0.63698482022827,0.08425,0,0
4338,0.6370047936632,0.0845,0,0
4339,0.63702476709813,0.08475,0,0
4340,0.63704474053306,0.085,0,0
4341,0.63706471396799,0.08525,0,0
4342,0.63708468740291,0.0855,0,0
4343,0.63710466083784,0.08575,0,0
4344,0.63712463427277,0.086,0,0
4345,0.6371446077077,0.08625,0,0
4346,0.63716458114263,0.0865,0,0
4347,0.63718455457756,0.08675,0,0
4348,0.63720452801249,0.087,0,0
4349,0.63722450144742,0.08725,0,0
4350,0.63724447488234,0.0875,0,0
4351,0.63726444831727,0.08775,0,0
4352,0.6372844217522,0.088,0,0
4353,0.63730439518713,0.08825,0,0
4354,0.63732436862206,0.0885,0,0
4355,0.63734434205699,0.08875,0,0
4356,0.63736431549192,0.089,0,0
4357,0.63738428892684,0.08925,0,0
4358,0.63740426236177,0.0895,0,0
4359,0.6374242357967,0.08975,0,0
4360,0.63744420923163,0.09,0,0
4361,0.63746418266656,0.09025,0,0
4362,0.63748415610149,0.0905,0,0
4363,0.63750412953642,0.09075,0,0
4364,0.63752410297135,0.091,0,0
4365,0.63754407640627,0.09125,0,0
4366,0.6375640498412,0.0915,0,0
4367,0.63758402327613,0.09175,0,0
4368,0.63760399671106,0.092,0,0
4369,0.63762397014599,0.09225,0,0
4370,0.63764394358092,0.0925,0,0
4371,0.63766391701585,0.09275,0,0
4372,0.63768389045077,0.093,0,0
4373,0.6377038638857,0.09325,0,0
4374,0.63772383732063,0.0935,0,0
4375,0.63774381075556,0.09375,0,0
4376,0.63776378419049,0.094,0,0
4377,0.63778375762542,0.09425,0,0
4378,0.63780373106035,0.0945,0,0
4379,0.63782370449528,0.09475,0,0
4380,0.6378436779302,0.095,0,0
4381,0.63786365136513,0.09525,0,0
4382,0.63788362480006,0.0955,0,0
4383,0.63790359823499,0.09575,0,0
4384,0.63792357166992,0.096,0,0
4385,0.63794354510485,0.09625,0,0
4386,0.63796351853978,0.0965,0,0
4387,0.6379834919747,0.09675,0,0
4388,0.63800346540963,0.097,0,0
4389,0.63802343884456,0.09725,0,0
4390,0.63804341227949,0.0975,0,0
4391,0.63806338571442,0.09775,0,0
4392,0.63808335914935,0.098,0,0
4393,0.63810333258428,0.09825,0,0
4394,0.63812330601921,0.0985,0,0
4395,0.63814327945413,0.09875,0,0
4396,0.63816325288906,0.099,0,0
4397,0.63818322632399,0.09925,0,0
4398,0.63820319975892,0.0995,0,0
4399,0.63822317319385,0.09975,0,0
4400,0.63824314662878,0.1,0,0
4401,0.63826312006371,0.10025,0,0
4402,0.63828309349863,0.1005,0,0
4403,0.63830306693356,0.10075,0,0
4404,0.63832304036849,0.101,0,0
4405,0.63834301380342,0.10125,0,0
4406,0.63836298723835,0.1015,0,0
4407,0.63838296067328,0.10175,0,0
4408,0.63840293410821,0.102,0,0
4409,0.63842290754314,0.10225,0,0
4410,0.63844288097806,0.1025,0,0
4411,0.63846285441299,0.10275,0,0
4412,0.63848282784792,0.103,0,0
4413,0.63850280128285,0.10325,0,0
4414,0.63852277471778,0.1035,0,0
4415,0.63854274815271,0.10375,0,0
4416,0.63856272158764,0.104,0,0
4417,0.63858269502256,0.10425,0,0
4418,0.63860266845749,0.1045,0,0
4419,0.63862264189242,0.10475,0,0
4420,0.63864261532735,0.105,0,0
4421,0.63866258876228,0.10525,0,0
4422,0.63868256219721,0.1055,0,0
4423,0.63870253563214,0.10575,0,0
4424,0.63872250906707,0.106,0,0
4425,0.63874248250199,0.10625,0,0
4426,0.63876245593692,0.1065,0,0
4427,0.63878242937185,0.10675,0,0
4428,0.63880240280678,0.107,0,0
4429,0.63882237624171,0.10725,0,0
4430,0.63884234967664,0.1075,0,0
4431,0.63886232311157,0.10775,0,0
4432,0.63888229654649,0.108,0,0
4433,0.63890226998142,0.10825,0,0
4434,0.63892224341635,0.1085,0,0
4435,0.63894221685128,0.10875,0,0
4436,0.63896219028621,0.109,0,0
4437,0.63898216372114,0.10925,0,0
4438,0.63900213715607,0.1095,0,0
4439,0.639022110591,0.10975,0,0
4440,0.63904208402592,0.11,0,0
4441,0.63906205746085,0.11025,0,0
4442,0.63908203089578,0.1105,0,0
4443,0.63910200433071,0.11075,0,0
4444,0.63912197776564,0.111,0,0
4445,0.63914195120057,0.11125,0,0
4446,0.6391619246355,0.1115,0,0
4447,0.63918189807042,0.11175,0,0
4448,0.63920187150535,0.112,0,0
4449,0.63922184494028,0.11225,0,0
4450,0.63924181837521,0.1125,0,0
4451,0.63926179181014,0.11275,0,0
4452,0.63928176524507,0.113,0,0
4453,0.63930173868,0.11325,0,0
4454,0.63932171211493,0.1135,0,0
4455,0.63934168554985,0.11375,0,0
4456,0.63936165898478,0.114,0,0
4457,0.63938163241971,0.11425,0,0
4458,0.63940160585464,0.1145,0,0
4459,0.63942157928957,0.11475,0,0
4460,0.6394415527245,0.115,0,0
4461,0.63946152615943,0.11525,0,0
4462,0.63948149959435,0.1155,0,0
4463,0.63950147302928,0.11575,0,0
4464,0.63952144646421,0.116,0,0
4465,0.63954141989914,0.11625,0,0
4466,0.63956139333407,0.1165,0,0
4467,0.639581366769,0.11675,0,0
4468,0.63960134020393,0.117,0,0
4469,0.63962131363886,0.11725,0,0
4470,0.63964128707378,0.1175,0,0
4471,0.63966126050871,0.11775,0,0
4472,0.63968123394364,0.118,0,0
4473,0.63970120737857,0.11825,0,0
4474,0.6397211808135,0.1185,0,0
4475,0.63974115424843,0.11875,0,0
4476,0.63976112768336,0.119,0,0
4477,0.63978110111829,0.11925,0,0
4478,0.63980107455321,0.1195,0,0
4479,0.63982104798814,0.11975,0,0
4480,0.63984102142307,0.12,0,0
4481,0.639860994858,0.12025,0,0
4482,0.63988096829293,0.1205,0,0
4483,0.63990094172786,0.12075,0,0
4484,0.63992091516279,0.121,0,0
4485,0.63994088859771,0.12125,0,0
4486,0.63996086203264,0.1215,0,0
4487,0.63998083546757,0.12175,0,0
4488,0.6400008089025,0.122,0,0
4489,0.64002078233743,0.12225,0,0
4490,0.64004075577236,0.1225,0,0
4491,0.64006072920729,0.12275,0,0
4492,0.64008070264221,0.123,0,0
4493,0.64010067607714,0.12325,0,0
4494,0.64012064951207,0.1235,0,0
4495,0.640140622947,0.12375,0,0
4496,0.64016059638193,0.124,0,0
4497,0.64018056981686,0.12425,0,0
4498,0.64020054325179,0.1245,0,0
4499,0.64022051668672,0.12475,0,0
4500,0.64024049012164,0.125,0,0
4501,0.64026046355657,0.12525,0,0
4502,0.6402804369915,0.1255,0,0
4503,0.64030041042643,0.12575,0,0
4504,0.64032038386136,0.126,0,0
4505,0.64034035729629,0.12625,0,0
4506,0.64036033073122,0.1265,0,0
4507,0.64038030416614,0.12675,0,0
4508,0.64040027760107,0.127,0,0
4509,0.640420251036,0.12725,0,0
4510,0.64044022447093,0.1275,0,0
4511,0.64046019790586,0.12775,0,0
4512,0.64048017134079,0.128,0,0
4513,0.64050014477572,0.12825,0,0
4514,0.64052011821065,0.1285,0,0
4515,0.64054009164557,0.12875,0,0
4516,0.6405600650805,0.129,0,0
4517,0.64058003851543,0.12925,0,0
4518,0.64060001195036,0.1295,0,0
4519,0.64061998538529,0.12975,0,0
4520,0.64063995882022,0.13,0,0
4521,0.64065993225515,0.13025,0,0
4522,0.64067990569007,0.1305,0,0
4523,0.640699879125,0.13075,0,0
4524,0.64071985255993,0.131,0,0
4525,0.64073982599486,0.13125,0,0
4526,0.64075979942979,0.1315,0,0
4527,0.64077977286472,0.13175,0,0
4528,0.64079974629965,0.132,0,0
4529,0.64081971973458,0.13225,0,0
4530,0.6408396931695,0.1325,0,0
4531,0.64085966660443,0.13275,0,0
4532,0.64087964003936,0.133,0,0
4533,0.64089961347429,0.13325,0,0
4534,0.64091958690922,0.1335,0,0
4535,0.64093956034415,0.13375,0,0
4536,0.64095953377908,0.134,0,0
4537,0.640979507214,0.13425,0,0
4538,0.64099948064893,0.1345,0,0
4539,0.64101945408386,0.13475,0,0
4540,0.64103942751879,0.135,0,0
4541,0.64105940095372,0.13525,0,0
4542,0.64107937438865,0.1355,0,0
4543,0.64109934782358,0.13575,0,0
4544,0.64111932125851,0.136,0,0
4545,0.64113929469343,0.13625,0,0
4546,0.64115926812836,0.1365,0,0
4547,0.64117924156329,0.13675,0,0
4548,0.64119921499822,0.137,0,0
4549,0.64121918843315,0.13725,0,0
4550,0.64123916186808,0.1375,0,0
4551,0.64125913530301,0.13775,0,0
4552,0.64127910873793,0.138,0,0
4553,0.64129908217286,0.13825,0,0
4554,0.64131905560779,0.1385,0,0
4555,0.64133902904272,0.13875,0,0
4556,0.64135900247765,0.139,0,0
4557,0.64137897591258,0.13925,0,0
4558,0.64139894934751,0.1395,0,0
4559,0.64141892278244,0.13975,0,0
4560,0.64143889621736,0.14,0,0
4561,0.64145886965229,0.14025,0,0
4562,0.64147884308722,0.1405,0,0
4563,0.64149881652215,0.14075,0,0
4564,0.64151878995708,0.141,0,0
4565,0.64153876339201,0.14125,0,0
4566,0.64155873682694,0.1415,0,0
4567,0.64157871026186,0.14175,0,0
4568,0.64159868369679,0.142,0,0
4569,0.64161865713172,0.14225,0,0
4570,0.64163863056665,0.1425,0,0
4571,0.64165860400158,0.14275,0,0
4572,0.64167857743651,0.143,0,0
4573,0.64169855087144,0.14325,0,0
4574,0.64171852430637,0.1435,0,0
4575,0.64173849774129,0.14375,0,0
4576,0.64175847117622,0.144,0,0
4577,0.64177844461115,0.14425,0,0
4578,0.64179841804608,0.1445,0,0
4579,0.64181839148101,0.14475,0,0
4580,0.64183836491594,0.145,0,0
4581,0.64185833835087,0.14525,0,0
4582,0.64187831178579,0.1455,0,0
4583,0.64189828522072,0.14575,0,0
4584,0.64191825865565,0.146,0,0
4585,0.64193823209058,0.14625,0,0
4586,0.64195820552551,0.1465,0,0
4587,0.64197817896044,0.14675,0,0
4588,0.64199815239537,0.147,0,0
4589,0.6420181258303,0.14725,0,0
4590,0.64203809926522,0.1475,0,0
4591,0.64205807270015,0.14775,0,0
4592,0.64207804613508,0.148,0,0
4593,0.64209801957001,0.14825,0,0
4594,0.64211799300494,0.1485,0,0
4595,0.64213796643987,0.14875,0,0
4596,0.6421579398748,0.149,0,0
4597,0.64217791330972,0.14925,0,0
4598,0.64219788674465,0.1495,0,0
4599,0.64221786017958,0.14975,0,0
4600,0.64223783361451,0.15,0,0
4601,0.64225780704944,0.15025,0,0
4602,0.64227778048437,0.1505,0,0
4603,0.6422977539193,0.15075,0,0
4604,0.64231772735423,0.151,0,0
4605,0.64233770078915,0.15125,0,0
4606,0.64235767422408,0.1515,0,0
4607,0.64237764765901,0.15175,0,0
4608,0.64239762109394,0.152,0,0
4609,0.64241759452887,0.15225,0,0
4610,0.6424375679638,0.1525,0,0
4611,0.64245754139873,0.15275,0,0
4612,0.64247751483365,0.153,0,0
4613,0.64249748826858,0.15325,0,0
4614,0.64251746170351,0.1535,0,0
4615,0.64253743513844,0.15375,0,0
4616,0.64255740857337,0.154,0,0
4617,0.6425773820083,0.15425,0,0
4618,0.64259735544323,0.1545,0,0
4619,0.64261732887816,0.15475,0,0
4620,0.64263730231308,0.155,0,0
4621,0.64265727574801,0.15525,0,0
4622,0.64267724918294,0.1555,0,0
4623,0.64269722261787,0.15575,0,0
4624,0.6427171960528,0.156,0,0
4625,0.64273716948773,0.15625,0,0
4626,0.64275714292266,0.1565,0,0
4627,0.64277711635758,0.15675,0,0
4628,0.64279708979251,0.157,0,0
4629,0.64281706322744,0.15725,0,0
4630,0.64283703666237,0.1575,0,0
4631,0.6428570100973,0.15775,0,0
4632,0.64287698353223,0.158,0,0
4633,0.64289695696716,0.15825,0,0
4634,0.64291693040209,0.1585,0,0
4635,0.64293690383701,0.15875,0,0
4636,0.64295687727194,0.159,0,0
4637,0.64297685070687,0.15925,0,0
4638,0.6429968241418,0.1595,0,0
4639,0.64301679757673,0.15975,0,0
4640,0.64303677101166,0.16,0,0
4641,0.64305674444659,0.16025,0,0
4642,0.64307671788151,0.1605,0,0
4643,0.64309669131644,0.16075,0,0
4644,0.64311666475137,0.161,0,0
4645,0.6431366381863,0.16125,0,0
4646,0.64315661162123,0.1615,0,0
4647,0.64317658505616,0.16175,0,0
4648,0.64319655849109,0.162,0,0
4649,0.64321653192602,0.16225,0,0
4650,0.64323650536094,0.1625,0,0
4651,0.64325647879587,0.16275,0,0
4652,0.6432764522308,0.163,0,0
4653,0.64329642566573,0.16325,0,0
4654,0.64331639910066,0.1635,0,0
4655,0.64333637253559,0.16375,0,0
4656,0.64335634597052,0.164,0,0
4657,0.64337631940544,0.16425,0,0
4658,0.64339629284037,0.1645,0,0
4659,0.6434162662753,0.16475,0,0
4660,0.64343623971023,0.165,0,0
4661,0.64345621314516,0.16525,0,0
4662,0.64347618658009,0.1655,0,0
4663,0.64349616001502,0.16575,0,0
4664,0.64351613344995,0.166,0,0
4665,0.64353610688487,0.16625,0,0
4666,0.6435560803198,0.1665,0,0
4667,0.64357605375473,0.16675,0,0
4668,0.64359602718966,0.167,0,0
4669,0.64361600062459,0.16725,0,0
4670,0.64363597405952,0.1675,0,0
4671,0.64365594749445,0.16775,0,0
4672,0.64367592092937,0.168,0,0
4673,0.6436958943643,0.16825,0,0
4674,0.64371586779923,0.1685,0,0
4675,0.64373584123416,0.16875,0,0
4676,0.64375581466909,0.169,0,0
4677,0.64377578810402,0.16925,0,0
4678,0.64379576153895,0.1695,0,0
4679,0.64381573497388,0.16975,0,0
4680,0.6438357084088,0.17,0,0
4681,0.64385568184373,0.17025,0,0
4682,0.64387565527866,0.1705,0,0
4683,0.64389562871359,0.17075,0,0
4684,0.64391560214852,0.171,0,0
4685,0.64393557558345,0.17125,0,0
4686,0.64395554901838,0.1715,0,0
4687,0.6439755224533,0.17175,0,0
4688,0.64399549588823,0.172,0,0
4689,0.64401546932316,0.17225,0,0
4690,0.64403544275809,0.1725,0,0
4691,0.64405541619302,0.17275,0,0
4692,0.64407538962795,0.173,0,0
4693,0.64409536306288,0.17325,0,0
4694,0.64411533649781,0.1735,0,0
4695,0.64413530993273,0.17375,0,0
4696,0.64415528336766,0.174,0,0
4697,0.64417525680259,0.17425,0,0
4698,0.64419523023752,0.1745,0,0
4699,0.64421520367245,0.17475,0,0
4700,0.64423517710738,0.175,0,0
4701,0.64425515054231,0.17525,0,0
4702,0.64427512397723,0.1755,0,0
4703,0.64429509741216,0.17575,0,0
4704,0.64431507084709,0.176,0,0
4705,0.64433504428202,0.17625,0,0
4706,0.64435501771695,0.1765,0,0
4707,0.64437499115188,0.17675,0,0
4708,0.64439496458681,0.177,0,0
4709,0.64441493802174,0.17725,0,0
4710,0.64443491145666,0.1775,0,0
4711,0.64445488489159,0.17775,0,0
4712,0.64447485832652,0.178,0,0
4713,0.64449483176145,0.17825,0,0
4714,0.64451480519638,0.1785,0,0
4715,0.64453477863131,0.17875,0,0
4716,0.64455475206624,0.179,0,0
4717,0.64457472550116,0.17925,0,0
4718,0.64459469893609,0.1795,0,0
4719,0.64461467237102,0.17975,0,0
4720,0.64463464580595,0.18,0,0
4721,0.64465461924088,0.18025,0,0
4722,0.64467459267581,0.1805,0,0
4723,0.64469456611074,0.18075,0,0
4724,0.64471453954567,0.181,0,0
4725,0.64473451298059,0.18125,0,0
4726,0.64475448641552,0.1815,0,0
4727,0.64477445985045,0.18175,0,0
4728,0.64479443328538,0.182,0,0
4729,0.64481440672031,0.18225,0,0
4730,0.64483438015524,0.1825,0,0
4731,0.64485435359017,0.18275,0,0
4732,0.64487432702509,0.183,0,0
4733,0.64489430046002,0.18325,0,0
4734,0.64491427389495,0.1835,0,0
4735,0.64493424732988,0.18375,0,0
4736,0.64495422076481,0.184,0,0
4737,0.64497419419974,0.18425,0,0
4738,0.64499416763467,0.1845,0,0
4739,0.6450141410696,0.18475,0,0
4740,0.64503411450452,0.185,0,0
4741,0.64505408793945,0.18525,0,0
4742,0.64507406137438,0.1855,0,0
4743,0.64509403480931,0.18575,0,0
4744,0.64511400824424,0.186,0,0
4745,0.64513398167917,0.18625,0,0
4746,0.6451539551141,0.1865,0,0
4747,0.64517392854902,0.18675,0,0
4748,0.64519390198395,0.187,0,0
4749,0.64521387541888,0.18725,0,0
4750,0.64523384885381,0.1875,0,0
4751,0.64525382228874,0.18775,0,0
4752,0.64527379572367,0.188,0,0
4753,0.6452937691586,0.18825,0,0
4754,0.64531374259353,0.1885,0,0
4755,0.64533371602845,0.18875,0,0
4756,0.64535368946338,0.189,0,0
4757,0.64537366289831,0.18925,0,0
4758,0.64539363633324,0.1895,0,0
4759,0.64541360976817,0.18975,0,0
4760,0.6454335832031,0.19,0,0
4761,0.64545355663803,0.19025,0,0
4762,0.64547353007295,0.1905,0,0
4763,0.64549350350788,0.19075,0,0
4764,0.64551347694281,0.191,0,0
4765,0.64553345037774,0.19125,0,0
4766,0.64555342381267,0.1915,0,0
4767,0.6455733972476,0.19175,0,0
4768,0.64559337068253,0.192,0,0
4769,0.64561334411746,0.19225,0,0
4770,0.64563331755238,0.1925,0,0
4771,0.64565329098731,0.19275,0,0
4772,0.64567326442224,0.193,0,0
4773,0.64569323785717,0.19325,0,0
4774,0.6457132112921,0.1935,0,0
4775,0.64573318472703,0.19375,0,0
4776,0.64575315816196,0.194,0,0
4777,0.64577313159688,0.19425,0,0
4778,0.64579310503181,0.1945,0,0
4779,0.64581307846674,0.19475,0,0
4780,0.64583305190167,0.195,0,0
4781,0.6458530253366,0.19525,0,0
4782,0.64587299877153,0.1955,0,0
4783,0.64589297220646,0.19575,0,0
4784,0.64591294564139,0.196,0,0
4785,0.64593291907631,0.19625,0,0
4786,0.64595289251124,0.1965,0,0
4787,0.64597286594617,0.19675,0,0
4788,0.6459928393811,0.197,0,0
4789,0.64601281281603,0.19725,0,0
4790,0.64603278625096,0.1975,0,0
4791,0.64605275968589,0.19775,0,0
4792,0.64607273312081,0.198,0,0
4793,0.64609270655574,0.19825,0,0
4794,0.64611267999067,0.1985,0,0
4795,0.6461326534256,0.19875,0,0
4796,0.64615262686053,0.199,0,0
4797,0.64617260029546,0.19925,0,0
4798,0.64619257373039,0.1995,0,0
4799,0.64621254716532,0.19975,0,0
4800,0.64623252060024,0.2,0,0
4801,0.64625249403517,0.20025,0,0
4802,0.6462724674701,0.2005,0,0
4803,0.64629244090503,0.20075,0,0
4804,0.64631241433996,0.201,0,0
4805,0.64633238777489,0.20125,0,0
4806,0.64635236120982,0.2015,0,0
4807,0.64637233464474,0.20175,0,0
4808,0.64639230807967,0.202,0,0
4809,0.6464122815146,0.20225,0,0
4810,0.64643225494953,0.2025,0,0
4811,0.64645222838446,0.20275,0,0
4812,0.64647220181939,0.203,0,0
4813,0.64649217525432,0.20325,0,0
4814,0.64651214868925,0.2035,0,0
4815,0.64653212212417,0.20375,0,0
4816,0.6465520955591,0.204,0,0
4817,0.64657206899403,0.20425,0,0
4818,0.64659204242896,0.2045,0,0
4819,0.64661201586389,0.20475,0,0
4820,0.64663198929882,0.205,0,0
4821,0.64665196273375,0.20525,0,0
4822,0.64667193616867,0.2055,0,0
4823,0.6466919096036,0.20575,0,0
4824,0.64671188303853,0.206,0,0
4825,0.64673185647346,0.20625,0,0
4826,0.64675182990839,0.2065,0,0
4827,0.64677180334332,0.20675,0,0
4828,0.64679177677825,0.207,0,0
4829,0.64681175021318,0.20725,0,0
4830,0.6468317236481,0.2075,0,0
4831,0.64685169708303,0.20775,0,0
4832,0.64687167051796,0.208,0,0
4833,0.64689164395289,0.20825,0,0
4834,0.64691161738782,0.2085,0,0
4835,0.64693159082275,0.20875,0,0
4836,0.64695156425768,0.209,0,0
4837,0.6469715376926,0.20925,0,0
4838,0.64699151112753,0.2095,0,0
4839,0.64701148456246,0.20975,0,0
4840,0.64703145799739,0.21,0,0
4841,0.64705143143232,0.21025,0,0
4842,0.64707140486725,0.2105,0,0
4843,0.64709137830218,0.21075,0,0
4844,0.64711135173711,0.211,0,0
4845,0.64713132517203,0.21125,0,0
4846,0.64715129860696,0.2115,0,0
4847,0.64717127204189,0.21175,0,0
4848,0.64719124547682,0.212,0,0
4849,0.64721121891175,0.21225,0,0
4850,0.64723119234668,0.2125,0,0
4851,0.64725116578161,0.21275,0,0
4852,0.64727113921653,0.213,0,0
4853,0.64729111265146,0.21325,0,0
4854,0.64731108608639,0.2135,0,0
4855,0.64733105952132,0.21375,0,0
4856,0.64735103295625,0.214,0,0
4857,0.64737100639118,0.21425,0,0
4858,0.64739097982611,0.2145,0,0
4859,0.64741095326104,0.21475,0,0
4860,0.64743092669596,0.215,0,0
4861,0.64745090013089,0.21525,0,0
4862,0.64747087356582,0.2155,0,0
4863,0.64749084700075,0.21575,0,0
4864,0.64751082043568,0.216,0,0
4865,0.64753079387061,0.21625,0,0
4866,0.64755076730554,0.2165,0,0
4867,0.64757074074046,0.21675,0,0
4868,0.64759071417539,0.217,0,0
4869,0.64761068761032,0.21725,0,0
4870,0.64763066104525,0.2175,0,0
4871,0.64765063448018,0.21775,0,0
4872,0.64767060791511,0.218,0,0
4873,0.64769058135004,0.21825,0,0
4874,0.64771055478497,0.2185,0,0
4875,0.64773052821989,0.21875,0,0
4876,0.64775050165482,0.219,0,0
4877,0.64777047508975,0.21925,0,0
4878,0.64779044852468,0.2195,0,0
4879,0.64781042195961,0.21975,0,0
4880,0.64783039539454,0.22,0,0
4881,0.64785036882947,0.22025,0,0
4882,0.64787034226439,0.2205,0,0
4883,0.64789031569932,0.22075,0,0
4884,0.64791028913425,0.221,0,0
4885,0.64793026256918,0.22125,0,0
4886,0.64795023600411,0.2215,0,0
4887,0.64797020943904,0.22175,0,0
4888,0.64799018287397,0.222,0,0
4889,0.6480101563089,0.22225,0,0
4890,0.64803012974382,0.2225,0,0
4891,0.64805010317875,0.22275,0,0
4892,0.64807007661368,0.223,0,0
4893,0.64809005004861,0.22325,0,0
4894,0.64811002348354,0.2235,0,0
4895,0.64812999691847,0.22375,0,0
4896,0.6481499703534,0.224,0,0
4897,0.64816994378832,0.22425,0,0
4898,0.64818991722325,0.2245,0,0
4899,0.64820989065818,0.22475,0,0
4900,0.64822986409311,0.225,0,0
4901,0.64824983752804,0.22525,0,0
4902,0.64826981096297,0.2255,0,0
4903,0.6482897843979,0.22575,0,0
4904,0.64830975783283,0.226,0,0
4905,0.64832973126775,0.22625,0,0
4906,0.64834970470268,0.2265,0,0
4907,0.64836967813761,0.22675,0,0
4908,0.64838965157254,0.227,0,0
4909,0.64840962500747,0.22725,0,0
4910,0.6484295984424,0.2275,0,0
4911,0.64844957187733,0.22775,0,0
4912,0.64846954531225,0.228,0,0
4913,0.64848951874718,0.22825,0,0
4914,0.64850949218211,0.2285,0,0
4915,0.64852946561704,0.22875,0,0
4916,0.64854943905197,0.229,0,0
4917,0.6485694124869,0.22925,0,0
4918,0.64858938592183,0.2295,0,0
4919,0.64860935935676,0.22975,0,0
4920,0.64862933279168,0.23,0,0
4921,0.64864930622661,0.23025,0,0
4922,0.64866927966154,0.2305,0,0
4923,0.64868925309647,0.23075,0,0
4924,0.6487092265314,0.231,0,0
4925,0.64872919996633,0.23125,0,0
4926,0.64874917340126,0.2315,0,0
4927,0.64876914683618,0.23175,0,0
4928,0.64878912027111,0.232,0,0
4929,0.64880909370604,0.23225,0,0
4930,0.64882906714097,0.2325,0,0
4931,0.6488490405759,0.23275,0,0
4932,0.64886901401083,0.233,0,0
4933,0.64888898744576,0.23325,0,0
4934,0.64890896088069,0.2335,0,0
4935,0.64892893431561,0.23375,0,0
4936,0.64894890775054,0.234,0,0
4937,0.64896888118547,0.23425,0,0
4938,0.6489888546204,0.2345,0,0
4939,0.64900882805533,0.23475,0,0
4940,0.64902880149026,0.235,0,0
4941,0.64904877492519,0.23525,0,0
4942,0.64906874836011,0.2355,0,0
4943,0.64908872179504,0.23575,0,0
4944,0.64910869522997,0.236,0,0
4945,0.6491286686649,0.23625,0,0
4946,0.64914864209983,0.2365,0,0
4947,0.64916861553476,0.23675,0,0
4948,0.64918858896969,0.237,0,0
4949,0.64920856240462,0.23725,0,0
4950,0.64922853583954,0.2375,0,0
4951,0.64924850927447,0.23775,0,0
4952,0.6492684827094,0.238,0,0
4953,0.64928845614433,0.23825,0,0
4954,0.64930842957926,0.2385,0,0
4955,0.64932840301419,0.23875,0,0
4956,0.64934837644912,0.239,0,0
4957,0.64936834988404,0.23925,0,0
4958,0.64938832331897,0.2395,0,0
4959,0.6494082967539,0.23975,0,0
4960,0.64942827018883,0.24,0,0
4961,0.64944824362376,0.24025,0,0
4962,0.64946821705869,0.2405,0,0
4963,0.64948819049362,0.24075,0,0
4964,0.64950816392855,0.241,0,0
4965,0.64952813736347,0.24125,0,0
4966,0.6495481107984,0.2415,0,0
4967,0.64956808423333,0.24175,0,0
4968,0.64958805766826,0.242,0,0
4969,0.64960803110319,0.24225,0,0
4970,0.64962800453812,0.2425,0,0
4971,0.64964797797305,0.24275,0,0
4972,0.64966795140797,0.243,0,0
4973,0.6496879248429,0.24325,0,0
4974,0.64970789827783,0.2435,0,0
4975,0.64972787171276,0.24375,0,0
4976,0.64974784514769,0.244,0,0
4977,0.64976781858262,0.24425,0,0
4978,0.64978779201755,0.2445,0,0
4979,0.64980776545248,0.24475,0,0
4980,0.6498277388874,0.245,0,0
4981,0.64984771232233,0.24525,0,0
4982,0.64986768575726,0.2455,0,0
4983,0.64988765919219,0.24575,0,0
4984,0.64990763262712,0.246,0,0
4985,0.64992760606205,0.24625,0,0
4986,0.64994757949698,0.2465,0,0
4987,0.6499675529319,0.24675,0,0
4988,0.64998752636683,0.247,0,0
4989,0.65000749980176,0.24725,0,0
4990,0.65002747323669,0.2475,0,0
4991,0.65004744667162,0.24775,0,0
4992,0.65006742010655,0.248,0,0
4993,0.65008739354148,0.24825,0,0
4994,0.65010736697641,0.2485,0,0
4995,0.65012734041133,0.24875,0,0
4996,0.65014731384626,0.249,0,0
4997,0.65016728728119,0.24925,0,0
4998,0.65018726071612,0.2495,0,0
4999,0.65020723415105,0.24975,0,0
5000,0.65022720758598,0.25,0,0
5001,0.65024718102091,0.25025,0,0
5002,0.65026715445583,0.2505,0,0
5003,0.65028712789076,0.25075,0,0
5004,0.65030710132569,0.251,0,0
5005,0.65032707476062,0.25125,0,0
5006,0.65034704819555,0.2515,0,0
5007,0.65036702163048,0.25175,0,0
5008,0.65038699506541,0.252,0,0
5009,0.65040696850034,0.25225,0,0
5010,0.65042694193526,0.2525,0,0
5011,0.65044691537019,0.25275,0,0
5012,0.65046688880512,0.253,0,0
5013,0.65048686224005,0.25325,0,0
5014,0.65050683567498,0.2535,0,0
5015,0.65052680910991,0.25375,0,0
5016,0.65054678254484,0.254,0,0
5017,0.65056675597976,0.25425,0,0
5018,0.65058672941469,0.2545,0,0
5019,0.65060670284962,0.25475,0,0
5020,0.65062667628455,0.255,0,0
5021,0.65064664971948,0.25525,0,0
5022,0.65066662315441,0.2555,0,0
5023,0.65068659658934,0.25575,0,0
5024,0.65070657002427,0.256,0,0
5025,0.65072654345919,0.25625,0,0
5026,0.65074651689412,0.2565,0,0
5027,0.65076649032905,0.25675,0,0
5028,0.65078646376398,0.257,0,0
5029,0.65080643719891,0.25725,0,0
5030,0.65082641063384,0.2575,0,0
5031,0.65084638406877,0.25775,0,0
5032,0.65086635750369,0.258,0,0
5033,0.65088633093862,0.25825,0,0
5034,0.65090630437355,0.2585,0,0
5035,0.65092627780848,0.25875,0,0
5036,0.65094625124341,0.259,0,0
5037,0.65096622467834,0.25925,0,0
5038,0.65098619811327,0.2595,0,0
5039,0.6510061715482,0.25975,0,0
5040,0.65102614498312,0.26,0,0
5041,0.65104611841805,0.26025,0,0
5042,0.65106609185298,0.2605,0,0
5043,0.65108606528791,0.26075,0,0
5044,0.65110603872284,0.261,0,0
5045,0.65112601215777,0.26125,0,0
5046,0.6511459855927,0.2615,0,0
5047,0.65116595902762,0.26175,0,0
5048,0.65118593246255,0.262,0,0
5049,0.65120590589748,0.26225,0,0
5050,0.65122587933241,0.2625,0,0
5051,0.65124585276734,0.26275,0,0
5052,0.65126582620227,0.263,0,0
5053,0.6512857996372,0.26325,0,0
5054,0.65130577307213,0.2635,0,0
5055,0.65132574650705,0.26375,0,0
5056,0.65134571994198,0.264,0,0
5057,0.65136569337691,0.26425,0,0
5058,0.65138566681184,0.2645,0,0
5059,0.65140564024677,0.26475,0,0
5060,0.6514256136817,0.265,0,0
5061,0.65144558711663,0.26525,0,0
5062,0.65146556055155,0.2655,0,0
5063,0.65148553398648,0.26575,0,0
5064,0.65150550742141,0.266,0,0
5065,0.65152548085634,0.26625,0,0
5066,0.65154545429127,0.2665,0,0
5067,0.6515654277262,0.26675,0,0
5068,0.65158540116113,0.267,0,0
5069,0.65160537459606,0.26725,0,0
5070,0.65162534803098,0.2675,0,0
5071,0.65164532146591,0.26775,0,0
5072,0.65166529490084,0.268,0,0
5073,0.65168526833577,0.26825,0,0
5074,0.6517052417707,0.2685,0,0
5075,0.65172521520563,0.26875,0,0
5076,0.65174518864056,0.269,0,0
5077,0.65176516207548,0.26925,0,0
5078,0.65178513551041,0.2695,0,0
5079,0.65180510894534,0.26975,0,0
5080,0.65182508238027,0.27,0,0
5081,0.6518450558152,0.27025,0,0
5082,0.65186502925013,0.2705,0,0
5083,0.65188500268506,0.27075,0,0
5084,0.65190497611999,0.271,0,0
5085,0.65192494955491,0.27125,0,0
5086,0.65194492298984,0.2715,0,0
5087,0.65196489642477,0.27175,0,0
5088,0.6519848698597,0.272,0,0
5089,0.65200484329463,0.27225,0,0
5090,0.65202481672956,0.2725,0,0
5091,0.65204479016449,0.27275,0,0
5092,0.65206476359941,0.273,0,0
5093,0.65208473703434,0.27325,0,0
5094,0.65210471046927,0.2735,0,0
5095,0.6521246839042,0.27375,0,0
5096,0.65214465733913,0.274,0,0
5097,0.65216463077406,0.27425,0,0
5098,0.65218460420899,0.2745,0,0
5099,0.65220457764392,0.27475,0,0
5100,0.65222455107884,0.275,0,0
5101,0.65224452451377,0.27525,0,0
5102,0.6522644979487,0.2755,0,0
5103,0.65228447138363,0.27575,0,0
5104,0.65230444481856,0.276,0,0
5105,0.65232441825349,0.27625,0,0
5106,0.65234439168842,0.2765,0,0
5107,0.65236436512334,0.27675,0,0
5108,0.65238433855827,0.277,0,0
5109,0.6524043119932,0.27725,0,0
5110,0.65242428542813,0.2775,0,0
5111,0.65244425886306,0.27775,0,0
5112,0.65246423229799,0.278,0,0
5113,0.65248420573292,0.27825,0,0
5114,0.65250417916785,0.2785,0,0
5115,0.65252415260277,0.27875,0,0
5116,0.6525441260377,0.279,0,0
5117,0.65256409947263,0.27925,0,0
5118,0.65258407290756,0.2795,0,0
5119,0.65260404634249,0.27975,0,0
5120,0.65262401977742,0.28,0,0
5121,0.65264399321235,0.28025,0,0
5122,0.65266396664727,0.2805,0,0
5123,0.6526839400822,0.28075,0,0
5124,0.65270391351713,0.281,0,0
5125,0.65272388695206,0.28125,0,0
5126,0.65274386038699,0.2815,0,0
5127,0.65276383382192,0.28175,0,0
5128,0.65278380725685,0.282,0,0
5129,0.65280378069178,0.28225,0,0
5130,0.6528237541267,0.2825,0,0
5131,0.65284372756163,0.28275,0,0
5132,0.65286370099656,0.283,0,0
5133,0.65288367443149,0.28325,0,0
5134,0.65290364786642,0.2835,0,0
5135,0.65292362130135,0.28375,0,0
5136,0.65294359473628,0.284,0,0
5137,0.6529635681712,0.28425,0,0
5138,0.65298354160613,0.2845,0,0
5139,0.65300351504106,0.28475,0,0
5140,0.65302348847599,0.285,0,0
5141,0.65304346191092,0.28525,0,0
5142,0.65306343534585,0.2855,0,0
5143,0.65308340878078,0.28575,0,0
5144,0.65310338221571,0.286,0,0
5145,0.65312335565063,0.28625,0,0
5146,0.65314332908556,0.2865,0,0
5147,0.65316330252049,0.28675,0,0
5148,0.65318327595542,0.287,0,0
5149,0.65320324939035,0.28725,0,0
5150,0.65322322282528,0.2875,0,0
5151,0.65324319626021,0.28775,0,0
5152,0.65326316969513,0.288,0,0
5153,0.65328314313006,0.28825,0,0
5154,0.65330311656499,0.2885,0,0
5155,0.65332308999992,0.28875,0,0
5156,0.65334306343485,0.289,0,0
5157,0.65336303686978,0.28925,0,0
5158,0.65338301030471,0.2895,0,0
5159,0.65340298373964,0.28975,0,0
5160,0.65342295717456,0.29,0,0
5161,0.65344293060949,0.29025,0,0
5162,0.65346290404442,0.2905,0,0
5163,0.65348287747935,0.29075,0,0
5164,0.65350285091428,0.291,0,0
5165,0.65352282434921,0.29125,0,0
5166,0.65354279778414,0.2915,0,0
5167,0.65356277121906,0.29175,0,0
5168,0.65358274465399,0.292,0,0
5169,0.65360271808892,0.29225,0,0
5170,0.65362269152385,0.2925,0,0
5171,0.65364266495878,0.29275,0,0
5172,0.65366263839371,0.293,0,0
5173,0.65368261182864,0.29325,0,0
5174,0.65370258526356,0.2935,0,0
5175,0.65372255869849,0.29375,0,0
5176,0.65374253213342,0.294,0,0
5177,0.65376250556835,0.29425,0,0
5178,0.65378247900328,0.2945,0,0
5179,0.65380245243821,0.29475,0,0
5180,0.65382242587314,0.295,0,0
5181,0.65384239930807,0.29525,0,0
5182,0.65386237274299,0.2955,0,0
5183,0.65388234617792,0.29575,0,0
5184,0.65390231961285,0.296,0,0
5185,0.65392229304778,0.29625,0,0
5186,0.65394226648271,0.2965,0,0
5187,0.65396223991764,0.29675,0,0
5188,0.65398221335257,0.297,0,0
5189,0.65400218678749,0.29725,0,0
5190,0.65402216022242,0.2975,0,0
5191,0.65404213365735,0.29775,0,0
5192,0.65406210709228,0.298,0,0
5193,0.65408208052721,0.29825,0,0
5194,0.65410205396214,0.2985,0,0
5195,0.65412202739707,0.29875,0,0
5196,0.654142000832,0.299,0,0
5197,0.65416197426692,0.29925,0,0
5198,0.65418194770185,0.2995,0,0
5199,0.65420192113678,0.29975,0,0
5200,0.65422189457171,0.3,0,0
5201,0.65424186800664,0.30025,0,0
5202,0.65426184144157,0.3005,0,0
5203,0.6542818148765,0.30075,0,0
5204,0.65430178831142,0.301,0,0
5205,0.65432176174635,0.30125,0,0
5206,0.65434173518128,0.3015,0,0
5207,0.65436170861621,0.30175,0,0
5208,0.65438168205114,0.302,0,0
5209,0.65440165548607,0.30225,0,0
5210,0.654421628921,0.3025,0,0
5211,0.65444160235593,0.30275,0,0
5212,0.65446157579085,0.303,0,0
5213,0.65448154922578,0.30325,0,0
5214,0.65450152266071,0.3035,0,0
5215,0.65452149609564,0.30375,0,0
5216,0.65454146953057,0.304,0,0
5217,0.6545614429655,0.30425,0,0
5218,0.65458141640043,0.3045,0,0
5219,0.65460138983535,0.30475,0,0
5220,0.65462136327028,0.305,0,0
5221,0.65464133670521,0.30525,0,0
5222,0.65466131014014,0.3055,0,0
5223,0.65468128357507,0.30575,0,0
5224,0.65470125701,0.306,0,0
5225,0.65472123044493,0.30625,0,0
5226,0.65474120387986,0.3065,0,0
5227,0.65476117731478,0.30675,0,0
5228,0.65478115074971,0.307,0,0
5229,0.65480112418464,0.30725,0,0
5230,0.65482109761957,0.3075,0,0
5231,0.6548410710545,0.30775,0,0
5232,0.65486104448943,0.308,0,0
5233,0.65488101792436,0.30825,0,0
5234,0.65490099135928,0.3085,0,0
5235,0.65492096479421,0.30875,0,0
5236,0.65494093822914,0.309,0,0
5237,0.65496091166407,0.30925,0,0
5238,0.654980885099,0.3095,0,0
5239,0.65500085853393,0.30975,0,0
5240,0.65502083196886,0.31,0,0
5241,0.65504080540379,0.31025,0,0
5242,0.65506077883871,0.3105,0,0
5243,0.65508075227364,0.31075,0,0
5244,0.65510072570857,0.311,0,0
5245,0.6551206991435,0.31125,0,0
5246,0.65514067257843,0.3115,0,0
5247,0.65516064601336,0.31175,0,0
5248,0.65518061944829,0.312,0,0
5249,0.65520059288321,0.31225,0,0
5250,0.65522056631814,0.3125,0,0
5251,0.65524053975307,0.31275,0,0
5252,0.655260513188,0.313,0,0
5253,0.65528048662293,0.31325,0,0
5254,0.65530046005786,0.3135,0,0
5255,0.65532043349279,0.31375,0,0
5256,0.65534040692772,0.314,0,0
5257,0.65536038036264,0.31425,0,0
5258,0.65538035379757,0.3145,0,0
5259,0.6554003272325,0.31475,0,0
5260,0.65542030066743,0.315,0,0
5261,0.65544027410236,0.31525,0,0
5262,0.65546024753729,0.3155,0,0
5263,0.65548022097222,0.31575,0,0
5264,0.65550019440714,0.316,0,0
5265,0.65552016784207,0.31625,0,0
5266,0.655540141277,0.3165,0,0
5267,0.65556011471193,0.31675,0,0
5268,0.65558008814686,0.317,0,0
5269,0.65560006158179,0.31725,0,0
5270,0.65562003501672,0.3175,0,0
5271,0.65564000845165,0.31775,0,0
5272,0.65565998188657,0.318,0,0
5273,0.6556799553215,0.31825,0,0
5274,0.65569992875643,0.3185,0,0
5275,0.65571990219136,0.31875,0,0
5276,0.65573987562629,0.319,0,0
5277,0.65575984906122,0.31925,0,0
5278,0.65577982249615,0.3195,0,0
5279,0.65579979593107,0.31975,0,0
5280,0.655819769366,0.32,0,0
5281,0.65583974280093,0.32025,0,0
5282,0.65585971623586,0.3205,0,0
5283,0.65587968967079,0.32075,0,0
5284,0.65589966310572,0.321,0,0
5285,0.65591963654065,0.32125,0,0
5286,0.65593960997558,0.3215,0,0
5287,0.6559595834105,0.32175,0,0
5288,0.65597955684543,0.322,0,0
5289,0.65599953028036,0.32225,0,0
5290,0.65601950371529,0.3225,0,0
5291,0.65603947715022,0.32275,0,0
5292,0.65605945058515,0.323,0,0
5293,0.65607942402008,0.32325,0,0
5294,0.656099397455,0.3235,0,0
5295,0.65611937088993,0.32375,0,0
5296,0.65613934432486,0.324,0,0
5297,0.65615931775979,0.32425,0,0
5298,0.65617929119472,0.3245,0,0
5299,0.65619926462965,0.32475,0,0
5300,0.65621923806458,0.325,0,0
5301,0.65623921149951,0.32525,0,0
5302,0.65625918493443,0.3255,0,0
5303,0.65627915836936,0.32575,0,0
5304,0.65629913180429,0.326,0,0
5305,0.65631910523922,0.32625,0,0
5306,0.65633907867415,0.3265,0,0
5307,0.65635905210908,0.32675,0,0
5308,0.65637902554401,0.327,0,0
5309,0.65639899897893,0.32725,0,0
5310,0.65641897241386,0.3275,0,0
5311,0.65643894584879,0.32775,0,0
5312,0.65645891928372,0.328,0,0
5313,0.65647889271865,0.32825,0,0
5314,0.65649886615358,0.3285,0,0
5315,0.65651883958851,0.32875,0,0
5316,0.65653881302344,0.329,0,0
5317,0.65655878645836,0.32925,0,0
5318,0.65657875989329,0.3295,0,0
5319,0.65659873332822,0.32975,0,0
5320,0.65661870676315,0.33,0,0
5321,0.65663868019808,0.33025,0,0
5322,0.65665865363301,0.3305,0,0
5323,0.65667862706794,0.33075,0,0
5324,0.65669860050286,0.331,0,0
5325,0.65671857393779,0.33125,0,0
5326,0.65673854737272,0.3315,0,0
5327,0.65675852080765,0.33175,0,0
5328,0.65677849424258,0.332,0,0
5329,0.65679846767751,0.33225,0,0
5330,0.65681844111244,0.3325,0,0
5331,0.65683841454737,0.33275,0,0
5332,0.65685838798229,0.333,0,0
5333,0.65687836141722,0.33325,0,0
5334,0.65689833485215,0.3335,0,0
5335,0.65691830828708,0.33375,0,0
5336,0.65693828172201,0.334,0,0
5337,0.65695825515694,0.33425,0,0
5338,0.65697822859187,0.3345,0,0
5339,0.65699820202679,0.33475,0,0
5340,0.65701817546172,0.335,0,0
5341,0.65703814889665,0.33525,0,0
5342,0.65705812233158,0.3355,0,0
5343,0.65707809576651,0.33575,0,0
5344,0.65709806920144,0.336,0,0
5345,0.65711804263637,0.33625,0,0
5346,0.6571380160713,0.3365,0,0
5347,0.65715798950622,0.33675,0,0
5348,0.65717796294115,0.337,0,0
5349,0.65719793637608,0.33725,0,0
5350,0.65721790981101,0.3375,0,0
5351,0.65723788324594,0.33775,0,0
5352,0.65725785668087,0.338,0,0
5353,0.6572778301158,0.33825,0,0
5354,0.65729780355072,0.3385,0,0
5355,0.65731777698565,0.33875,0,0
5356,0.65733775042058,0.339,0,0
5357,0.65735772385551,0.33925,0,0
5358,0.65737769729044,0.3395,0,0
5359,0.65739767072537,0.33975,0,0
5360,0.6574176441603,0.34,0,0
5361,0.65743761759523,0.34025,0,0
5362,0.65745759103015,0.3405,0,0
5363,0.65747756446508,0.34075,0,0
5364,0.65749753790001,0.341,0,0
5365,0.65751751133494,0.34125,0,0
5366,0.65753748476987,0.3415,0,0
5367,0.6575574582048,0.34175,0,0
5368,0.65757743163973,0.342,0,0
5369,0.65759740507465,0.34225,0,0
5370,0.65761737850958,0.3425,0,0
5371,0.65763735194451,0.34275,0,0
5372,0.65765732537944,0.343,0,0
5373,0.65767729881437,0.34325,0,0
5374,0.6576972722493,0.3435,0,0
5375,0.65771724568423,0.34375,0,0
5376,0.65773721911916,0.344,0,0
5377,0.65775719255408,0.34425,0,0
5378,0.65777716598901,0.3445,0,0
5379,0.65779713942394,0.34475,0,0
5380,0.65781711285887,0.345,0,0
5381,0.6578370862938,0.34525,0,0
5382,0.65785705972873,0.3455,0,0
5383,0.65787703316366,0.34575,0,0
5384,0.65789700659858,0.346,0,0
5385,0.65791698003351,0.34625,0,0
5386,0.65793695346844,0.3465,0,0
5387,0.65795692690337,0.34675,0,0
5388,0.6579769003383,0.347,0,0
5389,0.65799687377323,0.34725,0,0
5390,0.65801684720816,0.3475,0,0
5391,0.65803682064309,0.34775,0,0
5392,0.65805679407801,0.348,0,0
5393,0.65807676751294,0.34825,0,0
5394,0.65809674094787,0.3485,0,0
5395,0.6581167143828,0.34875,0,0
5396,0.65813668781773,0.349,0,0
5397,0.65815666125266,0.34925,0,0
5398,0.65817663468759,0.3495,0,0
5399,0.65819660812251,0.34975,0,0
5400,0.65821658155744,0.35,0,0
5401,0.65823655499237,0.35025,0,0
5402,0.6582565284273,0.3505,0,0
5403,0.65827650186223,0.35075,0,0
5404,0.65829647529716,0.351,0,0
5405,0.65831644873209,0.35125,0,0
5406,0.65833642216702,0.3515,0,0
5407,0.65835639560194,0.35175,0,0
5408,0.65837636903687,0.352,0,0
5409,0.6583963424718,0.35225,0,0
5410,0.65841631590673,0.3525,0,0
5411,0.65843628934166,0.35275,0,0
5412,0.65845626277659,0.353,0,0
5413,0.65847623621152,0.35325,0,0
5414,0.65849620964644,0.3535,0,0
5415,0.65851618308137,0.35375,0,0
5416,0.6585361565163,0.354,0,0
5417,0.65855612995123,0.35425,0,0
5418,0.65857610338616,0.3545,0,0
5419,0.65859607682109,0.35475,0,0
5420,0.65861605025602,0.355,0,0
5421,0.65863602369095,0.35525,0,0
5422,0.65865599712587,0.3555,0,0
5423,0.6586759705608,0.35575,0,0
5424,0.65869594399573,0.356,0,0
5425,0.65871591743066,0.35625,0,0
5426,0.65873589086559,0.3565,0,0
5427,0.65875586430052,0.35675,0,0
5428,0.65877583773545,0.357,0,0
5429,0.65879581117037,0.35725,0,0
5430,0.6588157846053,0.3575,0,0
5431,0.65883575804023,0.35775,0,0
5432,0.65885573147516,0.358,0,0
5433,0.65887570491009,0.35825,0,0
5434,0.65889567834502,0.3585,0,0
5435,0.65891565177995,0.35875,0,0
5436,0.65893562521488,0.359,0,0
5437,0.6589555986498,0.35925,0,0
5438,0.65897557208473,0.3595,0,0
5439,0.65899554551966,0.35975,0,0
5440,0.65901551895459,0.36,0,0
5441,0.65903549238952,0.36025,0,0
5442,0.65905546582445,0.3605,0,0
5443,0.65907543925938,0.36075,0,0
5444,0.6590954126943,0.361,0,0
5445,0.65911538612923,0.36125,0,0
5446,0.65913535956416,0.3615,0,0
5447,0.65915533299909,0.36175,0,0
5448,0.65917530643402,0.362,0,0
5449,0.65919527986895,0.36225,0,0
5450,0.65921525330388,0.3625,0,0
5451,0.65923522673881,0.36275,0,0
5452,0.65925520017373,0.363,0,0
5453,0.65927517360866,0.36325,0,0
5454,0.65929514704359,0.3635,0,0
5455,0.65931512047852,0.36375,0,0
5456,0.65933509391345,0.364,0,0
5457,0.65935506734838,0.36425,0,0
5458,0.65937504078331,0.3645,0,0
5459,0.65939501421823,0.36475,0,0
5460,0.65941498765316,0.365,0,0
5461,0.65943496108809,0.36525,0,0
5462,0.65945493452302,0.3655,0,0
5463,0.65947490795795,0.36575,0,0
5464,0.65949488139288,0.366,0,0
5465,0.65951485482781,0.36625,0,0
5466,0.65953482826274,0.3665,0,0
5467,0.65955480169766,0.36675,0,0
5468,0.65957477513259,0.367,0,0
5469,0.65959474856752,0.36725,0,0
5470,0.65961472200245,0.3675,0,0
5471,0.65963469543738,0.36775,0,0
5472,0.65965466887231,0.368,0,0
5473,0.65967464230724,0.36825,0,0
5474,0.65969461574216,0.3685,0,0
5475,0.65971458917709,0.36875,0,0
5476,0.65973456261202,0.369,0,0
5477,0.65975453604695,0.36925,0,0
5478,0.65977450948188,0.3695,0,0
5479,0.65979448291681,0.36975,0,0
5480,0.65981445635174,0.37,0,0
5481,0.65983442978667,0.37025,0,0
5482,0.65985440322159,0.3705,0,0
5483,0.65987437665652,0.37075,0,0
5484,0.65989435009145,0.371,0,0
5485,0.65991432352638,0.37125,0,0
5486,0.65993429696131,0.3715,0,0
5487,0.65995427039624,0.37175,0,0
5488,0.65997424383117,0.372,0,0
5489,0.65999421726609,0.37225,0,0
5490,0.66001419070102,0.3725,0,0
5491,0.66003416413595,0.37275,0,0
5492,0.66005413757088,0.373,0,0
5493,0.66007411100581,0.37325,0,0
5494,0.66009408444074,0.3735,0,0
5495,0.66011405787567,0.37375,0,0
5496,0.6601340313106,0.374,0,0
5497,0.66015400474552,0.37425,0,0
5498,0.66017397818045,0.3745,0,0
5499,0.66019395161538,0.37475,0,0
5500,0.66021392505031,0.375,0,0
5501,0.66023389848524,0.37525,0,0
5502,0.66025387192017,0.3755,0,0
5503,0.6602738453551,0.37575,0,0
5504,0.66029381879003,0.376,0,0
5505,0.66031379222495,0.37625,0,0
5506,0.66033376565988,0.3765,0,0
5507,0.66035373909481,0.37675,0,0
5508,0.66037371252974,0.377,0,0
5509,0.66039368596467,0.37725,0,0
5510,0.6604136593996,0.3775,0,0
5511,0.66043363283453,0.37775,0,0
5512,0.66045360626945,0.378,0,0
5513,0.66047357970438,0.37825,0,0
5514,0.66049355313931,0.3785,0,0
5515,0.66051352657424,0.37875,0,0
5516,0.66053350000917,0.379,0,0
5517,0.6605534734441,0.37925,0,0
5518,0.66057344687903,0.3795,0,0
5519,0.66059342031396,0.37975,0,0
5520,0.66061339374888,0.38,0,0
5521,0.66063336718381,0.38025,0,0
5522,0.66065334061874,0.3805,0,0
5523,0.66067331405367,0.38075,0,0
5524,0.6606932874886,0.381,0,0
5525,0.66071326092353,0.38125,0,0
5526,0.66073323435846,0.3815,0,0
5527,0.66075320779338,0.38175,0,0
5528,0.66077318122831,0.382,0,0
5529,0.66079315466324,0.38225,0,0
5530,0.66081312809817,0.3825,0,0
5531,0.6608331015331,0.38275,0,0
5532,0.66085307496803,0.383,0,0
5533,0.66087304840296,0.38325,0,0
5534,0.66089302183789,0.3835,0,0
5535,0.66091299527281,0.38375,0,0
5536,0.66093296870774,0.384,0,0
5537,0.66095294214267,0.38425,0,0
5538,0.6609729155776,0.3845,0,0
5539,0.66099288901253,0.38475,0,0
5540,0.66101286244746,0.385,0,0
5541,0.66103283588239,0.38525,0,0
5542,0.66105280931731,0.3855,0,0
5543,0.66107278275224,0.38575,0,0
5544,0.66109275618717,0.386,0,0
5545,0.6611127296221,0.38625,0,0
5546,0.66113270305703,0.3865,0,0
5547,0.66115267649196,0.38675,0,0
5548,0.66117264992689,0.387,0,0
5549,0.66119262336182,0.38725,0,0
5550,0.66121259679674,0.3875,0,0
5551,0.66123257023167,0.38775,0,0
5552,0.6612525436666,0.388,0,0
5553,0.66127251710153,0.38825,0,0
5554,0.66129249053646,0.3885,0,0
5555,0.66131246397139,0.38875,0,0
5556,0.66133243740632,0.389,0,0
5557,0.66135241084124,0.38925,0,0
5558,0.66137238427617,0.3895,0,0
5559,0.6613923577111,0.38975,0,0
5560,0.66141233114603,0.39,0,0
5561,0.66143230458096,0.39025,0,0
5562,0.66145227801589,0.3905,0,0
5563,0.66147225145082,0.39075,0,0
5564,0.66149222488575,0.391,0,0
5565,0.66151219832067,0.39125,0,0
5566,0.6615321717556,0.3915,0,0
5567,0.66155214519053,0.39175,0,0
5568,0.66157211862546,0.392,0,0
5569,0.66159209206039,0.39225,0,0
5570,0.66161206549532,0.3925,0,0
5571,0.66163203893025,0.39275,0,0
5572,0.66165201236517,0.393,0,0
5573,0.6616719858001,0.39325,0,0
5574,0.66169195923503,0.3935,0,0
5575,0.66171193266996,0.39375,0,0
5576,0.66173190610489,0.394,0,0
5577,0.66175187953982,0.39425,0,0
5578,0.66177185297475,0.3945,0,0
5579,0.66179182640968,0.39475,0,0
5580,0.6618117998446,0.395,0,0
5581,0.66183177327953,0.39525,0,0
5582,0.66185174671446,0.3955,0,0
5583,0.66187172014939,0.39575,0,0
5584,0.66189169358432,0.396,0,0
5585,0.66191166701925,0.39625,0,0
5586,0.66193164045418,0.3965,0,0
5587,0.6619516138891,0.39675,0,0
5588,0.66197158732403,0.397,0,0
5589,0.66199156075896,0.39725,0,0
5590,0.66201153419389,0.3975,0,0
5591,0.66203150762882,0.39775,0,0
5592,0.66205148106375,0.398,0,0
5593,0.66207145449868,0.39825,0,0
5594,0.66209142793361,0.3985,0,0
5595,0.66211140136853,0.39875,0,0
5596,0.66213137480346,0.399,0,0
5597,0.66215134823839,0.39925,0,0
5598,0.66217132167332,0.3995,0,0
5599,0.66219129510825,0.39975,0,0
5600,0.66221126854318,0.4,0,0
5601,0.66223124197811,0.40025,0,0
5602,0.66225121541303,0.4005,0,0
5603,0.66227118884796,0.40075,0,0
5604,0.66229116228289,0.401,0,0
5605,0.66231113571782,0.40125,0,0
5606,0.66233110915275,0.4015,0,0
5607,0.66235108258768,0.40175,0,0
5608,0.66237105602261,0.402,0,0
5609,0.66239102945754,0.40225,0,0
5610,0.66241100289246,0.4025,0,0
5611,0.66243097632739,0.40275,0,0
5612,0.66245094976232,0.403,0,0
5613,0.66247092319725,0.40325,0,0
5614,0.66249089663218,0.4035,0,0
5615,0.66251087006711,0.40375,0,0
5616,0.66253084350204,0.404,0,0
5617,0.66255081693696,0.40425,0,0
5618,0.66257079037189,0.4045,0,0
5619,0.66259076380682,0.40475,0,0
5620,0.66261073724175,0.405,0,0
5621,0.66263071067668,0.40525,0,0
5622,0.66265068411161,0.4055,0,0
5623,0.66267065754654,0.40575,0,0
5624,0.66269063098147,0.406,0,0
5625,0.66271060441639,0.40625,0,0
5626,0.66273057785132,0.4065,0,0
5627,0.66275055128625,0.40675,0,0
5628,0.66277052472118,0.407,0,0
5629,0.66279049815611,0.40725,0,0
5630,0.66281047159104,0.4075,0,0
5631,0.66283044502597,0.40775,0,0
5632,0.6628504184609,0.408,0,0
5633,0.66287039189582,0.40825,0,0
5634,0.66289036533075,0.4085,0,0
5635,0.66291033876568,0.40875,0,0
5636,0.66293031220061,0.409,0,0
5637,0.66295028563554,0.40925,0,0
5638,0.66297025907047,0.4095,0,0
5639,0.6629902325054,0.40975,0,0
5640,0.66301020594032,0.41,0,0
5641,0.66303017937525,0.41025,0,0
5642,0.66305015281018,0.4105,0,0
5643,0.66307012624511,0.41075,0,0
5644,0.66309009968004,0.411,0,0
5645,0.66311007311497,0.41125,0,0
5646,0.6631300465499,0.4115,0,0
5647,0.66315001998483,0.41175,0,0
5648,0.66316999341975,0.412,0,0
5649,0.66318996685468,0.41225,0,0
5650,0.66320994028961,0.4125,0,0
5651,0.66322991372454,0.41275,0,0
5652,0.66324988715947,0.413,0,0
5653,0.6632698605944,0.41325,0,0
5654,0.66328983402933,0.4135,0,0
5655,0.66330980746425,0.41375,0,0
5656,0.66332978089918,0.414,0,0
5657,0.66334975433411,0.41425,0,0
5658,0.66336972776904,0.4145,0,0
5659,0.66338970120397,0.41475,0,0
5660,0.6634096746389,0.415,0,0
5661,0.66342964807383,0.41525,0,0
5662,0.66344962150876,0.4155,0,0
5663,0.66346959494368,0.41575,0,0
5664,0.66348956837861,0.416,0,0
5665,0.66350954181354,0.41625,0,0
5666,0.66352951524847,0.4165,0,0
5667,0.6635494886834,0.41675,0,0
5668,0.66356946211833,0.417,0,0
5669,0.66358943555326,0.41725,0,0
5670,0.66360940898818,0.4175,0,0
5671,0.66362938242311,0.41775,0,0
5672,0.66364935585804,0.418,0,0
5673,0.66366932929297,0.41825,0,0
5674,0.6636893027279,0.4185,0,0
5675,0.66370927616283,0.41875,0,0
5676,0.66372924959776,0.419,0,0
5677,0.66374922303268,0.41925,0,0
5678,0.66376919646761,0.4195,0,0
5679,0.66378916990254,0.41975,0,0
5680,0.66380914333747,0.42,0,0
5681,0.6638291167724,0.42025,0,0
5682,0.66384909020733,0.4205,0,0
5683,0.66386906364226,0.42075,0,0
5684,0.66388903707719,0.421,0,0
5685,0.66390901051211,0.42125,0,0
5686,0.66392898394704,0.4215,0,0
5687,0.66394895738197,0.42175,0,0
5688,0.6639689308169,0.422,0,0
5689,0.66398890425183,0.42225,0,0
5690,0.66400887768676,0.4225,0,0
5691,0.66402885112169,0.42275,0,0
5692,0.66404882455661,0.423,0,0
5693,0.66406879799154,0.42325,0,0
5694,0.66408877142647,0.4235,0,0
5695,0.6641087448614,0.42375,0,0
5696,0.66412871829633,0.424,0,0
5697,0.66414869173126,0.42425,0,0
5698,0.66416866516619,0.4245,0,0
5699,0.66418863860112,0.42475,0,0
5700,0.66420861203604,0.425,0,0
5701,0.66422858547097,0.42525,0,0
5702,0.6642485589059,0.4255,0,0
5703,0.66426853234083,0.42575,0,0
5704,0.66428850577576,0.426,0,0
5705,0.66430847921069,0.42625,0,0
5706,0.66432845264562,0.4265,0,0
5707,0.66434842608054,0.42675,0,0
5708,0.66436839951547,0.427,0,0
5709,0.6643883729504,0.42725,0,0
5710,0.66440834638533,0.4275,0,0
5711,0.66442831982026,0.42775,0,0
5712,0.66444829325519,0.428,0,0
5713,0.66446826669012,0.42825,0,0
5714,0.66448824012505,0.4285,0,0
5715,0.66450821355997,0.42875,0,0
5716,0.6645281869949,0.429,0,0
5717,0.66454816042983,0.42925,0,0
5718,0.66456813386476,0.4295,0,0
5719,0.66458810729969,0.42975,0,0
5720,0.66460808073462,0.43,0,0
5721,0.66462805416955,0.43025,0,0
5722,0.66464802760447,0.4305,0,0
5723,0.6646680010394,0.43075,0,0
5724,0.66468797447433,0.431,0,0
5725,0.66470794790926,0.43125,0,0
5726,0.66472792134419,0.4315,0,0
5727,0.66474789477912,0.43175,0,0
5728,0.66476786821405,0.432,0,0
5729,0.66478784164898,0.43225,0,0
5730,0.6648078150839,0.4325,0,0
5731,0.66482778851883,0.43275,0,0
5732,0.66484776195376,0.433,0,0
5733,0.66486773538869,0.43325,0,0
5734,0.66488770882362,0.4335,0,0
5735,0.66490768225855,0.43375,0,0
5736,0.66492765569348,0.434,0,0
5737,0.6649476291284,0.43425,0,0
5738,0.66496760256333,0.4345,0,0
5739,0.66498757599826,0.43475,0,0
5740,0.66500754943319,0.435,0,0
5741,0.66502752286812,0.43525,0,0
5742,0.66504749630305,0.4355,0,0
5743,0.66506746973798,0.43575,0,0
5744,0.66508744317291,0.436,0,0
5745,0.66510741660783,0.43625,0,0
5746,0.66512739004276,0.4365,0,0
5747,0.66514736347769,0.43675,0,0
5748,0.66516733691262,0.437,0,0
5749,0.66518731034755,0.43725,0,0
5750,0.66520728378248,0.4375,0,0
5751,0.66522725721741,0.43775,0,0
5752,0.66524723065233,0.438,0,0
5753,0.66526720408726,0.43825,0,0
5754,0.66528717752219,0.4385,0,0
5755,0.66530715095712,0.43875,0,0
5756,0.66532712439205,0.439,0,0
5757,0.66534709782698,0.43925,0,0
5758,0.66536707126191,0.4395,0,0
5759,0.66538704469684,0.43975,0,0
5760,0.66540701813176,0.44,0,0
5761,0.66542699156669,0.44025,0,0
5762,0.66544696500162,0.4405,0,0
5763,0.66546693843655,0.44075,0,0
5764,0.66548691187148,0.441,0,0
5765,0.66550688530641,0.44125,0,0
5766,0.66552685874134,0.4415,0,0
5767,0.66554683217626,0.44175,0,0
5768,0.66556680561119,0.442,0,0
5769,0.66558677904612,0.44225,0,0
5770,0.66560675248105,0.4425,0,0
5771,0.66562672591598,0.44275,0,0
5772,0.66564669935091,0.443,0,0
5773,0.66566667278584,0.44325,0,0
5774,0.66568664622077,0.4435,0,0
5775,0.66570661965569,0.44375,0,0
5776,0.66572659309062,0.444,0,0
5777,0.66574656652555,0.44425,0,0
5778,0.66576653996048,0.4445,0,0
5779,0.66578651339541,0.44475,0,0
5780,0.66580648683034,0.445,0,0
5781,0.66582646026527,0.44525,0,0
5782,0.66584643370019,0.4455,0,0
5783,0.66586640713512,0.44575,0,0
5784,0.66588638057005,0.446,0,0
5785,0.66590635400498,0.44625,0,0
5786,0.66592632743991,0.4465,0,0
5787,0.66594630087484,0.44675,0,0
5788,0.66596627430977,0.447,0,0
5789,0.6659862477447,0.44725,0,0
5790,0.66600622117962,0.4475,0,0
5791,0.66602619461455,0.44775,0,0
5792,0.66604616804948,0.448,0,0
5793,0.66606614148441,0.44825,0,0
5794,0.66608611491934,0.4485,0,0
5795,0.66610608835427,0.44875,0,0
5796,0.6661260617892,0.449,0,0
5797,0.66614603522412,0.44925,0,0
5798,0.66616600865905,0.4495,0,0
5799,0.66618598209398,0.44975,0,0
5800,0.66620595552891,0.45,0,0
5801,0.66622592896384,0.45025,0,0
5802,0.66624590239877,0.4505,0,0
5803,0.6662658758337,0.45075,0,0
5804,0.66628584926863,0.451,0,0
5805,0.66630582270355,0.45125,0,0
5806,0.66632579613848,0.4515,0,0
5807,0.66634576957341,0.45175,0,0
5808,0.66636574300834,0.452,0,0
5809,0.66638571644327,0.45225,0,0
5810,0.6664056898782,0.4525,0,0
5811,0.66642566331313,0.45275,0,0
5812,0.66644563674805,0.453,0,0
5813,0.66646561018298,0.45325,0,0
5814,0.66648558361791,0.4535,0,0
5815,0.66650555705284,0.45375,0,0
5816,0.66652553048777,0.454,0,0
5817,0.6665455039227,0.45425,0,0
5818,0.66656547735763,0.4545,0,0
5819,0.66658545079256,0.45475,0,0
5820,0.66660542422748,0.455,0,0
5821,0.66662539766241,0.45525,0,0
5822,0.66664537109734,0.4555,0,0
5823,0.66666534453227,0.45575,0,0
5824,0.6666853179672,0.456,0,0
5825,0.66670529140213,0.45625,0,0
5826,0.66672526483706,0.4565,0,0
5827,0.66674523827198,0.45675,0,0
5828,0.66676521170691,0.457,0,0
5829,0.66678518514184,0.45725,0,0
5830,0.66680515857677,0.4575,0,0
5831,0.6668251320117,0.45775,0,0
5832,0.66684510544663,0.458,0,0
5833,0.66686507888156,0.45825,0,0
5834,0.66688505231649,0.4585,0,0
5835,0.66690502575141,0.45875,0,0
5836,0.66692499918634,0.459,0,0
5837,0.66694497262127,0.45925,0,0
5838,0.6669649460562,0.4595,0,0
5839,0.66698491949113,0.45975,0,0
5840,0.66700489292606,0.46,0,0
5841,0.66702486636099,0.46025,0,0
5842,0.66704483979592,0.4605,0,0
5843,0.66706481323084,0.46075,0,0
5844,0.66708478666577,0.461,0,0
5845,0.6671047601007,0.46125,0,0
5846,0.66712473353563,0.4615,0,0
5847,0.66714470697056,0.46175,0,0
5848,0.66716468040549,0.462,0,0
5849,0.66718465384042,0.46225,0,0
5850,0.66720462727534,0.4625,0,0
5851,0.66722460071027,0.46275,0,0
5852,0.6672445741452,0.463,0,0
5853,0.66726454758013,0.46325,0,0
5854,0.66728452101506,0.4635,0,0
5855,0.66730449444999,0.46375,0,0
5856,0.66732446788492,0.464,0,0
5857,0.66734444131984,0.46425,0,0
5858,0.66736441475477,0.4645,0,0
5859,0.6673843881897,0.46475,0,0
5860,0.66740436162463,0.465,0,0
5861,0.66742433505956,0.46525,0,0
5862,0.66744430849449,0.4655,0,0
5863,0.66746428192942,0.46575,0,0
5864,0.66748425536435,0.466,0,0
5865,0.66750422879927,0.46625,0,0
5866,0.6675242022342,0.4665,0,0
5867,0.66754417566913,0.46675,0,0
5868,0.66756414910406,0.467,0,0
5869,0.66758412253899,0.46725,0,0
5870,0.66760409597392,0.4675,0,0
5871,0.66762406940885,0.46775,0,0
5872,0.66764404284377,0.468,0,0
5873,0.6676640162787,0.46825,0,0
5874,0.66768398971363,0.4685,0,0
5875,0.66770396314856,0.46875,0,0
5876,0.66772393658349,0.469,0,0
5877,0.66774391001842,0.46925,0,0
5878,0.66776388345335,0.4695,0,0
5879,0.66778385688828,0.46975,0,0
5880,0.6678038303232,0.47,0,0
5881,0.66782380375813,0.47025,0,0
5882,0.66784377719306,0.4705,0,0
5883,0.66786375062799,0.47075,0,0
5884,0.66788372406292,0.471,0,0
5885,0.66790369749785,0.47125,0,0
5886,0.66792367093278,0.4715,0,0
5887,0.66794364436771,0.47175,0,0
5888,0.66796361780263,0.472,0,0
5889,0.66798359123756,0.47225,0,0
5890,0.66800356467249,0.4725,0,0
5891,0.66802353810742,0.47275,0,0
5892,0.66804351154235,0.473,0,0
5893,0.66806348497728,0.47325,0,0
5894,0.66808345841221,0.4735,0,0
5895,0.66810343184713,0.47375,0,0
5896,0.66812340528206,0.474,0,0
5897,0.66814337871699,0.47425,0,0
5898,0.66816335215192,0.4745,0,0
5899,0.66818332558685,0.47475,0,0
5900,0.66820329902178,0.475,0,0
5901,0.66822327245671,0.47525,0,0
5902,0.66824324589163,0.4755,0,0
5903,0.66826321932656,0.47575,0,0
5904,0.66828319276149,0.476,0,0
5905,0.66830316619642,0.47625,0,0
5906,0.66832313963135,0.4765,0,0
5907,0.66834311306628,0.47675,0,0
5908,0.66836308650121,0.477,0,0
5909,0.66838305993614,0.47725,0,0
5910,0.66840303337106,0.4775,0,0
5911,0.66842300680599,0.47775,0,0
5912,0.66844298024092,0.478,0,0
5913,0.66846295367585,0.47825,0,0
5914,0.66848292711078,0.4785,0,0
5915,0.66850290054571,0.47875,0,0
5916,0.66852287398064,0.479,0,0
5917,0.66854284741556,0.47925,0,0
5918,0.66856282085049,0.4795,0,0
5919,0.66858279428542,0.47975,0,0
5920,0.66860276772035,0.48,0,0
5921,0.66862274115528,0.48025,0,0
5922,0.66864271459021,0.4805,0,0
5923,0.66866268802514,0.48075,0,0
5924,0.66868266146007,0.481,0,0
5925,0.66870263489499,0.48125,0,0
5926,0.66872260832992,0.4815,0,0
5927,0.66874258176485,0.48175,0,0
5928,0.66876255519978,0.482,0,0
5929,0.66878252863471,0.48225,0,0
5930,0.66880250206964,0.4825,0,0
5931,0.66882247550457,0.48275,0,0
5932,0.66884244893949,0.483,0,0
5933,0.66886242237442,0.48325,0,0
5934,0.66888239580935,0.4835,0,0
5935,0.66890236924428,0.48375,0,0
5936,0.66892234267921,0.484,0,0
5937,0.66894231611414,0.48425,0,0
5938,0.66896228954907,0.4845,0,0
5939,0.668982262984,0.48475,0,0
5940,0.66900223641892,0.485,0,0
5941,0.66902220985385,0.48525,0,0
5942,0.66904218328878,0.4855,0,0
5943,0.66906215672371,0.48575,0,0
5944,0.66908213015864,0.486,0,0
5945,0.66910210359357,0.48625,0,0
5946,0.6691220770285,0.4865,0,0
5947,0.66914205046342,0.48675,0,0
5948,0.66916202389835,0.487,0,0
5949,0.66918199733328,0.48725,0,0
5950,0.66920197076821,0.4875,0,0
5951,0.66922194420314,0.48775,0,0
5952,0.66924191763807,0.488,0,0
5953,0.669261891073,0.48825,0,0
5954,0.66928186450793,0.4885,0,0
5955,0.66930183794285,0.48875,0,0
5956,0.66932181137778,0.489,0,0
5957,0.66934178481271,0.48925,0,0
5958,0.66936175824764,0.4895,0,0
5959,0.66938173168257,0.48975,0,0
5960,0.6694017051175,0.49,0,0
5961,0.66942167855243,0.49025,0,0
5962,0.66944165198735,0.4905,0,0
5963,0.66946162542228,0.49075,0,0
5964,0.66948159885721,0.491,0,0
5965,0.66950157229214,0.49125,0,0
5966,0.66952154572707,0.4915,0,0
5967,0.669541519162,0.49175,0,0
5968,0.66956149259693,0.492,0,0
5969,0.66958146603186,0.49225,0,0
5970,0.66960143946678,0.4925,0,0
5971,0.66962141290171,0.49275,0,0
5972,0.66964138633664,0.493,0,0
5973,0.66966135977157,0.49325,0,0
5974,0.6696813332065,0.4935,0,0
5975,0.66970130664143,0.49375,0,0
5976,0.66972128007636,0.494,0,0
5977,0.66974125351128,0.49425,0,0
5978,0.66976122694621,0.4945,0,0
5979,0.66978120038114,0.49475,0,0
5980,0.66980117381607,0.495,0,0
5981,0.669821147251,0.49525,0,0
5982,0.66984112068593,0.4955,0,0
5983,0.66986109412086,0.49575,0,0
5984,0.66988106755579,0.496,0,0
5985,0.66990104099071,0.49625,0,0
5986,0.66992101442564,0.4965,0,0
5987,0.66994098786057,0.49675,0,0
5988,0.6699609612955,0.497,0,0
5989,0.66998093473043,0.49725,0,0
5990,0.67000090816536,0.4975,0,0
5991,0.67002088160029,0.49775,0,0
5992,0.67004085503521,0.498,0,0
5993,0.67006082847014,0.49825,0,0
5994,0.67008080190507,0.4985,0,0
5995,0.67010077534,0.49875,0,0
5996,0.67012074877493,0.499,0,0
5997,0.67014072220986,0.49925,0,0
5998,0.67016069564479,0.4995,0,0
5999,0.67018066907972,0.49975,0,0
6000,0.67020064251464,0.5,0,0
6001,0.67022061594957,0.50025,0,0
6002,0.6702405893845,0.5005,0,0
6003,0.67026056281943,0.50075,0,0
6004,0.67028053625436,0.501,0,0
6005,0.67030050968929,0.50125,0,0
6006,0.67032048312422,0.5015,0,0
6007,0.67034045655914,0.50175,0,0
6008,0.67036042999407,0.502,0,0
6009,0.670380403429,0.50225,0,0
6010,0.67040037686393,0.5025,0,0
6011,0.67042035029886,0.50275,0,0
6012,0.67044032373379,0.503,0,0
6013,0.67046029716872,0.50325,0,0
6014,0.67048027060365,0.5035,0,0
6015,0.67050024403857,0.50375,0,0
6016,0.6705202174735,0.504,0,0
6017,0.67054019090843,0.50425,0,0
6018,0.67056016434336,0.5045,0,0
6019,0.67058013777829,0.50475,0,0
6020,0.67060011121322,0.505,0,0
6021,0.67062008464815,0.50525,0,0
6022,0.67064005808307,0.5055,0,0
6023,0.670660031518,0.50575,0,0
6024,0.67068000495293,0.506,0,0
6025,0.67069997838786,0.50625,0,0
6026,0.67071995182279,0.5065,0,0
6027,0.67073992525772,0.50675,0,0
6028,0.67075989869265,0.507,0,0
6029,0.67077987212757,0.50725,0,0
6030,0.6707998455625,0.5075,0,0
6031,0.67081981899743,0.50775,0,0
6032,0.67083979243236,0.508,0,0
6033,0.67085976586729,0.50825,0,0
6034,0.67087973930222,0.5085,0,0
6035,0.67089971273715,0.50875,0,0
6036,0.67091968617208,0.509,0,0
6037,0.670939659607,0.50925,0,0
6038,0.67095963304193,0.5095,0,0
6039,0.67097960647686,0.50975,0,0
6040,0.67099957991179,0.51,0,0
6041,0.67101955334672,0.51025,0,0
6042,0.67103952678165,0.5105,0,0
6043,0.67105950021658,0.51075,0,0
6044,0.6710794736515,0.511,0,0
6045,0.67109944708643,0.51125,0,0
6046,0.67111942052136,0.5115,0,0
6047,0.67113939395629,0.51175,0,0
6048,0.67115936739122,0.512,0,0
6049,0.67117934082615,0.51225,0,0
6050,0.67119931426108,0.5125,0,0
6051,0.67121928769601,0.51275,0,0
6052,0.67123926113093,0.513,0,0
6053,0.67125923456586,0.51325,0,0
6054,0.67127920800079,0.5135,0,0
6055,0.67129918143572,0.51375,0,0
6056,0.67131915487065,0.514,0,0
6057,0.67133912830558,0.51425,0,0
6058,0.67135910174051,0.5145,0,0
6059,0.67137907517544,0.51475,0,0
6060,0.67139904861036,0.515,0,0
6061,0.67141902204529,0.51525,0,0
6062,0.67143899548022,0.5155,0,0
6063,0.67145896891515,0.51575,0,0
6064,0.67147894235008,0.516,0,0
6065,0.67149891578501,0.51625,0,0
6066,0.67151888921994,0.5165,0,0
6067,0.67153886265486,0.51675,0,0
6068,0.67155883608979,0.517,0,0
6069,0.67157880952472,0.51725,0,0
6070,0.67159878295965,0.5175,0,0
6071,0.67161875639458,0.51775,0,0
6072,0.67163872982951,0.518,0,0
6073,0.67165870326444,0.51825,0,0
6074,0.67167867669937,0.5185,0,0
6075,0.67169865013429,0.51875,0,0
6076,0.67171862356922,0.519,0,0
6077,0.67173859700415,0.51925,0,0
6078,0.67175857043908,0.5195,0,0
6079,0.67177854387401,0.51975,0,0
6080,0.67179851730894,0.52,0,0
6081,0.67181849074387,0.52025,0,0
6082,0.67183846417879,0.5205,0,0
6083,0.67185843761372,0.52075,0,0
6084,0.67187841104865,0.521,0,0
6085,0.67189838448358,0.52125,0,0
6086,0.67191835791851,0.5215,0,0
6087,0.67193833135344,0.52175,0,0
6088,0.67195830478837,0.522,0,0
6089,0.6719782782233,0.52225,0,0
6090,0.67199825165822,0.5225,0,0
6091,0.67201822509315,0.52275,0,0
6092,0.67203819852808,0.523,0,0
6093,0.67205817196301,0.52325,0,0
6094,0.67207814539794,0.5235,0,0
6095,0.67209811883287,0.52375,0,0
6096,0.6721180922678,0.524,0,0
6097,0.67213806570272,0.52425,0,0
6098,0.67215803913765,0.5245,0,0
6099,0.67217801257258,0.52475,0,0
6100,0.67219798600751,0.525,0,0
6101,0.67221795944244,0.52525,0,0
6102,0.67223793287737,0.5255,0,0
6103,0.6722579063123,0.52575,0,0
6104,0.67227787974723,0.526,0,0
6105,0.67229785318215,0.52625,0,0
6106,0.67231782661708,0.5265,0,0
6107,0.67233780005201,0.52675,0,0
6108,0.67235777348694,0.527,0,0
6109,0.67237774692187,0.52725,0,0
6110,0.6723977203568,0.5275,0,0
6111,0.67241769379173,0.52775,0,0
6112,0.67243766722665,0.528,0,0
6113,0.67245764066158,0.52825,0,0
6114,0.67247761409651,0.5285,0,0
6115,0.67249758753144,0.52875,0,0
6116,0.67251756096637,0.529,0,0
6117,0.6725375344013,0.52925,0,0
6118,0.67255750783623,0.5295,0,0
6119,0.67257748127116,0.52975,0,0
6120,0.67259745470608,0.53,0,0
6121,0.67261742814101,0.53025,0,0
6122,0.67263740157594,0.5305,0,0
6123,0.67265737501087,0.53075,0,0
6124,0.6726773484458,0.531,0,0
6125,0.67269732188073,0.53125,0,0
6126,0.67271729531566,0.5315,0,0
6127,0.67273726875059,0.53175,0,0
6128,0.67275724218551,0.532,0,0
6129,0.67277721562044,0.53225,0,0
6130,0.67279718905537,0.5325,0,0
6131,0.6728171624903,0.53275,0,0
6132,0.67283713592523,0.533,0,0
6133,0.67285710936016,0.53325,0,0
6134,0.67287708279509,0.5335,0,0
6135,0.67289705623001,0.53375,0,0
6136,0.67291702966494,0.534,0,0
6137,0.67293700309987,0.53425,0,0
6138,0.6729569765348,0.5345,0,0
6139,0.67297694996973,0.53475,0,0
6140,0.67299692340466,0.535,0,0
6141,0.67301689683959,0.53525,0,0
6142,0.67303687027451,0.5355,0,0
6143,0.67305684370944,0.53575,0,0
6144,0.67307681714437,0.536,0,0
6145,0.6730967905793,0.53625,0,0
6146,0.67311676401423,0.5365,0,0
6147,0.67313673744916,0.53675,0,0
6148,0.67315671088409,0.537,0,0
6149,0.67317668431902,0.53725,0,0
6150,0.67319665775394,0.5375,0,0
6151,0.67321663118887,0.53775,0,0
6152,0.6732366046238,0.538,0,0
6153,0.67325657805873,0.53825,0,0
6154,0.67327655149366,0.5385,0,0
6155,0.67329652492859,0.53875,0,0
6156,0.67331649836352,0.539,0,0
6157,0.67333647179844,0.53925,0,0
6158,0.67335644523337,0.5395,0,0
6159,0.6733764186683,0.53975,0,0
6160,0.67339639210323,0.54,0,0
6161,0.67341636553816,0.54025,0,0
6162,0.67343633897309,0.5405,0,0
6163,0.67345631240802,0.54075,0,0
6164,0.67347628584295,0.541,0,0
6165,0.67349625927787,0.54125,0,0
6166,0.6735162327128,0.5415,0,0
6167,0.67353620614773,0.54175,0,0
6168,0.67355617958266,0.542,0,0
6169,0.67357615301759,0.54225,0,0
6170,0.67359612645252,0.5425,0,0
6171,0.67361609988745,0.54275,0,0
6172,0.67363607332237,0.543,0,0
6173,0.6736560467573,0.54325,0,0
6174,0.67367602019223,0.5435,0,0
6175,0.67369599362716,0.54375,0,0
6176,0.67371596706209,0.544,0,0
6177,0.67373594049702,0.54425,0,0
6178,0.67375591393195,0.5445,0,0
6179,0.67377588736688,0.54475,0,0
6180,0.6737958608018,0.545,0,0
6181,0.67381583423673,0.54525,0,0
6182,0.67383580767166,0.5455,0,0
6183,0.67385578110659,0.54575,0,0
6184,0.67387575454152,0.546,0,0
6185,0.67389572797645,0.54625,0,0
6186,0.67391570141138,0.5465,0,0
6187,0.6739356748463,0.54675,0,0
6188,0.67395564828123,0.547,0,0
6189,0.67397562171616,0.54725,0,0
6190,0.67399559515109,0.5475,0,0
6191,0.67401556858602,0.54775,0,0
6192,0.67403554202095,0.548,0,0
6193,0.67405551545588,0.54825,0,0
6194,0.67407548889081,0.5485,0,0
6195,0.67409546232573,0.54875,0,0
6196,0.67411543576066,0.549,0,0
6197,0.67413540919559,0.54925,0,0
6198,0.67415538263052,0.5495,0,0
6199,0.67417535606545,0.54975,0,0
6200,0.67419532950038,0.55,0,0
6201,0.67421530293531,0.55025,0,0
6202,0.67423527637023,0.5505,0,0
6203,0.67425524980516,0.55075,0,0
6204,0.67427522324009,0.551,0,0
6205,0.67429519667502,0.55125,0,0
6206,0.67431517010995,0.5515,0,0
6207,0.67433514354488,0.55175,0,0
6208,0.67435511697981,0.552,0,0
6209,0.67437509041474,0.55225,0,0
6210,0.67439506384966,0.5525,0,0
6211,0.67441503728459,0.55275,0,0
6212,0.67443501071952,0.553,0,0
6213,0.67445498415445,0.55325,0,0
6214,0.67447495758938,0.5535,0,0
6215,0.67449493102431,0.55375,0,0
6216,0.67451490445924,0.554,0,0
6217,0.67453487789416,0.55425,0,0
6218,0.67455485132909,0.5545,0,0
6219,0.67457482476402,0.55475,0,0
6220,0.67459479819895,0.555,0,0
6221,0.67461477163388,0.55525,0,0
6222,0.67463474506881,0.5555,0,0
6223,0.67465471850374,0.55575,0,0
6224,0.67467469193867,0.556,0,0
6225,0.67469466537359,0.55625,0,0
6226,0.67471463880852,0.5565,0,0
6227,0.67473461224345,0.55675,0,0
6228,0.67475458567838,0.557,0,0
6229,0.67477455911331,0.55725,0,0
6230,0.67479453254824,0.5575,0,0
6231,0.67481450598317,0.55775,0,0
6232,0.67483447941809,0.558,0,0
6233,0.67485445285302,0.55825,0,0
6234,0.67487442628795,0.5585,0,0
6235,0.67489439972288,0.55875,0,0
6236,0.67491437315781,0.559,0,0
6237,0.67493434659274,0.55925,0,0
6238,0.67495432002767,0.5595,0,0
6239,0.6749742934626,0.55975,0,0
6240,0.67499426689752,0.56,0,0
6241,0.67501424033245,0.56025,0,0
6242,0.67503421376738,0.5605,0,0
6243,0.67505418720231,0.56075,0,0
6244,0.67507416063724,0.561,0,0
6245,0.67509413407217,0.56125,0,0
6246,0.6751141075071,0.5615,0,0
6247,0.67513408094202,0.56175,0,0
6248,0.67515405437695,0.562,0,0
6249,0.67517402781188,0.56225,0,0
6250,0.67519400124681,0.5625,0,0
6251,0.67521397468174,0.56275,0,0
6252,0.67523394811667,0.563,0,0
6253,0.6752539215516,0.56325,0,0
6254,0.67527389498652,0.5635,0,0
6255,0.67529386842145,0.56375,0,0
6256,0.67531384185638,0.564,0,0
6257,0.67533381529131,0.56425,0,0
6258,0.67535378872624,0.5645,0,0
6259,0.67537376216117,0.56475,0,0
6260,0.6753937355961,0.565,0,0
6261,0.67541370903103,0.56525,0,0
6262,0.67543368246595,0.5655,0,0
6263,0.67545365590088,0.56575,0,0
6264,0.67547362933581,0.566,0,0
6265,0.67549360277074,0.56625,0,0
6266,0.67551357620567,0.5665,0,0
6267,0.6755335496406,0.56675,0,0
6268,0.67555352307553,0.567,0,0
6269,0.67557349651045,0.56725,0,0
6270,0.67559346994538,0.5675,0,0
6271,0.67561344338031,0.56775,0,0
6272,0.67563341681524,0.568,0,0
6273,0.67565339025017,0.56825,0,0
6274,0.6756733636851,0.5685,0,0
6275,0.67569333712003,0.56875,0,0
6276,0.67571331055496,0.569,0,0
6277,0.67573328398988,0.56925,0,0
6278,0.67575325742481,0.5695,0,0
6279,0.67577323085974,0.56975,0,0
6280,0.67579320429467,0.57,0,0
6281,0.6758131777296,0.57025,0,0
6282,0.67583315116453,0.5705,0,0
6283,0.67585312459946,0.57075,0,0
6284,0.67587309803438,0.571,0,0
6285,0.67589307146931,0.57125,0,0
6286,0.67591304490424,0.5715,0,0
6287,0.67593301833917,0.57175,0,0
6288,0.6759529917741,0.572,0,0
6289,0.67597296520903,0.57225,0,0
6290,0.67599293864396,0.5725,0,0
6291,0.67601291207889,0.57275,0,0
6292,0.67603288551381,0.573,0,0
6293,0.67605285894874,0.57325,0,0
6294,0.67607283238367,0.5735,0,0
6295,0.6760928058186,0.57375,0,0
6296,0.67611277925353,0.574,0,0
6297,0.67613275268846,0.57425,0,0
6298,0.67615272612339,0.5745,0,0
6299,0.67617269955831,0.57475,0,0
6300,0.67619267299324,0.575,0,0
6301,0.67621264642817,0.57525,0,0
6302,0.6762326198631,0.5755,0,0
6303,0.67625259329803,0.57575,0,0
6304,0.67627256673296,0.576,0,0
6305,0.67629254016789,0.57625,0,0
6306,0.67631251360282,0.5765,0,0
6307,0.67633248703774,0.57675,0,0
6308,0.67635246047267,0.577,0,0
6309,0.6763724339076,0.57725,0,0
6310,0.67639240734253,0.5775,0,0
6311,0.67641238077746,0.57775,0,0
6312,0.67643235421239,0.578,0,0
6313,0.67645232764732,0.57825,0,0
6314,0.67647230108224,0.5785,0,0
6315,0.67649227451717,0.57875,0,0
6316,0.6765122479521,0.579,0,0
6317,0.67653222138703,0.57925,0,0
6318,0.67655219482196,0.5795,0,0
6319,0.67657216825689,0.57975,0,0
6320,0.67659214169182,0.58,0,0
6321,0.67661211512675,0.58025,0,0
6322,0.67663208856167,0.5805,0,0
6323,0.6766520619966,0.58075,0,0
6324,0.67667203543153,0.581,0,0
6325,0.67669200886646,0.58125,0,0
6326,0.67671198230139,0.5815,0,0
6327,0.67673195573632,0.58175,0,0
6328,0.67675192917125,0.582,0,0
6329,0.67677190260617,0.58225,0,0
6330,0.6767918760411,0.5825,0,0
6331,0.67681184947603,0.58275,0,0
6332,0.67683182291096,0.583,0,0
6333,0.67685179634589,0.58325,0,0
6334,0.67687176978082,0.5835,0,0
6335,0.67689174321575,0.58375,0,0
6336,0.67691171665068,0.584,0,0
6337,0.6769316900856,0.58425,0,0
6338,0.67695166352053,0.5845,0,0
6339,0.67697163695546,0.58475,0,0
6340,0.67699161039039,0.585,0,0
6341,0.67701158382532,0.58525,0,0
6342,0.67703155726025,0.5855,0,0
6343,0.67705153069518,0.58575,0,0
6344,0.6770715041301,0.586,0,0
6345,0.67709147756503,0.58625,0,0
6346,0.67711145099996,0.5865,0,0
6347,0.67713142443489,0.58675,0,0
6348,0.67715139786982,0.587,0,0
6349,0.67717137130475,0.58725,0,0
6350,0.67719134473968,0.5875,0,0
6351,0.67721131817461,0.58775,0,0
6352,0.67723129160953,0.588,0,0
6353,0.67725126504446,0.58825,0,0
6354,0.67727123847939,0.5885,0,0
6355,0.67729121191432,0.58875,0,0
6356,0.67731118534925,0.589,0,0
6357,0.67733115878418,0.58925,0,0
6358,0.67735113221911,0.5895,0,0
6359,0.67737110565403,0.58975,0,0
6360,0.67739107908896,0.59,0,0
6361,0.67741105252389,0.59025,0,0
6362,0.67743102595882,0.5905,0,0
6363,0.67745099939375,0.59075,0,0
6364,0.67747097282868,0.591,0,0
6365,0.67749094626361,0.59125,0,0
6366,0.67751091969854,0.5915,0,0
6367,0.67753089313346,0.59175,0,0
6368,0.67755086656839,0.592,0,0
6369,0.67757084000332,0.59225,0,0
6370,0.67759081343825,0.5925,0,0
6371,0.67761078687318,0.59275,0,0
6372,0.67763076030811,0.593,0,0
6373,0.67765073374304,0.59325,0,0
6374,0.67767070717796,0.5935,0,0
6375,0.67769068061289,0.59375,0,0
6376,0.67771065404782,0.594,0,0
6377,0.67773062748275,0.59425,0,0
6378,0.67775060091768,0.5945,0,0
6379,0.67777057435261,0.59475,0,0
6380,0.67779054778754,0.595,0,0
6381,0.67781052122247,0.59525,0,0
6382,0.67783049465739,0.5955,0,0
6383,0.67785046809232,0.59575,0,0
6384,0.67787044152725,0.596,0,0
6385,0.67789041496218,0.59625,0,0
6386,0.67791038839711,0.5965,0,0
6387,0.67793036183204,0.59675,0,0
6388,0.67795033526697,0.597,0,0
6389,0.67797030870189,0.59725,0,0
6390,0.67799028213682,0.5975,0,0
6391,0.67801025557175,0.59775,0,0
6392,0.67803022900668,0.598,0,0
6393,0.67805020244161,0.59825,0,0
6394,0.67807017587654,0.5985,0,0
6395,0.67809014931147,0.59875,0,0
6396,0.6781101227464,0.599,0,0
6397,0.67813009618132,0.59925,0,0
6398,0.67815006961625,0.5995,0,0
6399,0.67817004305118,0.59975,0,0
6400,0.67819001648611,0.6,0,0
6401,0.67820998992104,0.60025,0,0
6402,0.67822996335597,0.6005,0,0
6403,0.6782499367909,0.60075,0,0
6404,0.67826991022582,0.601,0,0
6405,0.67828988366075,0.60125,0,0
6406,0.67830985709568,0.6015,0,0
6407,0.67832983053061,0.60175,0,0
6408,0.67834980396554,0.602,0,0
6409,0.67836977740047,0.60225,0,0
6410,0.6783897508354,0.6025,0,0
6411,0.67840972427033,0.60275,0,0
6412,0.67842969770525,0.603,0,0
6413,0.67844967114018,0.60325,0,0
6414,0.67846964457511,0.6035,0,0
6415,0.67848961801004,0.60375,0,0
6416,0.67850959144497,0.604,0,0
6417,0.6785295648799,0.60425,0,0
6418,0.67854953831483,0.6045,0,0
6419,0.67856951174975,0.60475,0,0
6420,0.67858948518468,0.605,0,0
6421,0.67860945861961,0.60525,0,0
6422,0.67862943205454,0.6055,0,0
6423,0.67864940548947,0.60575,0,0
6424,0.6786693789244,0.606,0,0
6425,0.67868935235933,0.60625,0,0
6426,0.67870932579426,0.6065,0,0
6427,0.67872929922918,0.60675,0,0
6428,0.67874927266411,0.607,0,0
6429,0.67876924609904,0.60725,0,0
6430,0.67878921953397,0.6075,0,0
6431,0.6788091929689,0.60775,0,0
6432,0.67882916640383,0.608,0,0
6433,0.67884913983876,0.60825,0,0
6434,0.67886911327368,0.6085,0,0
6435,0.67888908670861,0.60875,0,0
6436,0.67890906014354,0.609,0,0
6437,0.67892903357847,0.60925,0,0
6438,0.6789490070134,0.6095,0,0
6439,0.67896898044833,0.60975,0,0
6440,0.67898895388326,0.61,0,0
6441,0.67900892731819,0.61025,0,0
6442,0.67902890075311,0.6105,0,0
6443,0.67904887418804,0.61075,0,0
6444,0.67906884762297,0.611,0,0
6445,0.6790888210579,0.61125,0,0
6446,0.67910879449283,0.6115,0,0
6447,0.67912876792776,0.61175,0,0
6448,0.67914874136269,0.612,0,0
6449,0.67916871479761,0.61225,0,0
6450,0.67918868823254,0.6125,0,0
6451,0.67920866166747,0.61275,0,0
6452,0.6792286351024,0.613,0,0
6453,0.67924860853733,0.61325,0,0
6454,0.67926858197226,0.6135,0,0
6455,0.67928855540719,0.61375,0,0
6456,0.67930852884212,0.614,0,0
6457,0.67932850227704,0.61425,0,0
6458,0.67934847571197,0.6145,0,0
6459,0.6793684491469,0.61475,0,0
6460,0.67938842258183,0.615,0,0
6461,0.67940839601676,0.61525,0,0
6462,0.67942836945169,0.6155,0,0
6463,0.67944834288662,0.61575,0,0
6464,0.67946831632154,0.616,0,0
6465,0.67948828975647,0.61625,0,0
6466,0.6795082631914,0.6165,0,0
6467,0.67952823662633,0.61675,0,0
6468,0.67954821006126,0.617,0,0
6469,0.67956818349619,0.61725,0,0
6470,0.67958815693112,0.6175,0,0
6471,0.67960813036605,0.61775,0,0
6472,0.67962810380097,0.618,0,0
6473,0.6796480772359,0.61825,0,0
6474,0.67966805067083,0.6185,0,0
6475,0.67968802410576,0.61875,0,0
6476,0.67970799754069,0.619,0,0
6477,0.67972797097562,0.61925,0,0
6478,0.67974794441055,0.6195,0,0
6479,0.67976791784547,0.61975,0,0
6480,0.6797878912804,0.62,0,0
6481,0.67980786471533,0.62025,0,0
6482,0.67982783815026,0.6205,0,0
6483,0.67984781158519,0.62075,0,0
6484,0.67986778502012,0.621,0,0
6485,0.67988775845505,0.62125,0,0
6486,0.67990773188998,0.6215,0,0
6487,0.6799277053249,0.62175,0,0
6488,0.67994767875983,0.622,0,0
6489,0.67996765219476,0.62225,0,0
6490,0.67998762562969,0.6225,0,0
6491,0.68000759906462,0.62275,0,0
6492,0.68002757249955,0.623,0,0
6493,0.68004754593448,0.62325,0,0
6494,0.6800675193694,0.6235,0,0
6495,0.68008749280433,0.62375,0,0
6496,0.68010746623926,0.624,0,0
6497,0.68012743967419,0.62425,0,0
6498,0.68014741310912,0.6245,0,0
6499,0.68016738654405,0.62475,0,0
6500,0.68018735997898,0.625,0,0
6501,0.68020733341391,0.62525,0,0
6502,0.68022730684883,0.6255,0,0
6503,0.68024728028376,0.62575,0,0
6504,0.68026725371869,0.626,0,0
6505,0.68028722715362,0.62625,0,0
6506,0.68030720058855,0.6265,0,0
6507,0.68032717402348,0.62675,0,0
6508,0.68034714745841,0.627,0,0
6509,0.68036712089333,0.62725,0,0
6510,0.68038709432826,0.6275,0,0
6511,0.68040706776319,0.62775,0,0
6512,0.68042704119812,0.628,0,0
6513,0.68044701463305,0.62825,0,0
6514,0.68046698806798,0.6285,0,0
6515,0.68048696150291,0.62875,0,0
6516,0.68050693493784,0.629,0,0
6517,0.68052690837276,0.62925,0,0
6518,0.68054688180769,0.6295,0,0
6519,0.68056685524262,0.62975,0,0
6520,0.68058682867755,0.63,0,0
6521,0.68060680211248,0.63025,0,0
6522,0.68062677554741,0.6305,0,0
6523,0.68064674898234,0.63075,0,0
6524,0.68066672241726,0.631,0,0
6525,0.68068669585219,0.63125,0,0
6526,0.68070666928712,0.6315,0,0
6527,0.68072664272205,0.63175,0,0
6528,0.68074661615698,0.632,0,0
6529,0.68076658959191,0.63225,0,0
6530,0.68078656302684,0.6325,0,0
6531,0.68080653646177,0.63275,0,0
6532,0.68082650989669,0.633,0,0
6533,0.68084648333162,0.63325,0,0
6534,0.68086645676655,0.6335,0,0
6535,0.68088643020148,0.63375,0,0
6536,0.68090640363641,0.634,0,0
6537,0.68092637707134,0.63425,0,0
6538,0.68094635050627,0.6345,0,0
6539,0.68096632394119,0.63475,0,0
6540,0.68098629737612,0.635,0,0
6541,0.68100627081105,0.63525,0,0
6542,0.68102624424598,0.6355,0,0
6543,0.68104621768091,0.63575,0,0
6544,0.68106619111584,0.636,0,0
6545,0.68108616455077,0.63625,0,0
6546,0.6811061379857,0.6365,0,0
6547,0.68112611142062,0.63675,0,0
6548,0.68114608485555,0.637,0,0
6549,0.68116605829048,0.63725,0,0
6550,0.68118603172541,0.6375,0,0
6551,0.68120600516034,0.63775,0,0
6552,0.68122597859527,0.638,0,0
6553,0.6812459520302,0.63825,0,0
6554,0.68126592546512,0.6385,0,0
6555,0.68128589890005,0.63875,0,0
6556,0.68130587233498,0.639,0,0
6557,0.68132584576991,0.63925,0,0
6558,0.68134581920484,0.6395,0,0
6559,0.68136579263977,0.63975,0,0
6560,0.6813857660747,0.64,0,0
6561,0.68140573950963,0.64025,0,0
6562,0.68142571294455,0.6405,0,0
6563,0.68144568637948,0.64075,0,0
6564,0.68146565981441,0.641,0,0
6565,0.68148563324934,0.64125,0,0
6566,0.68150560668427,0.6415,0,0
6567,0.6815255801192,0.64175,0,0
6568,0.68154555355413,0.642,0,0
6569,0.68156552698906,0.64225,0,0
6570,0.68158550042398,0.6425,0,0
6571,0.68160547385891,0.64275,0,0
6572,0.68162544729384,0.643,0,0
6573,0.68164542072877,0.64325,0,0
6574,0.6816653941637,0.6435,0,0
6575,0.68168536759863,0.64375,0,0
6576,0.68170534103356,0.644,0,0
6577,0.68172531446848,0.64425,0,0
6578,0.68174528790341,0.6445,0,0
6579,0.68176526133834,0.64475,0,0
6580,0.68178523477327,0.645,0,0
6581,0.6818052082082,0.64525,0,0
6582,0.68182518164313,0.6455,0,0
6583,0.68184515507806,0.64575,0,0
6584,0.68186512851299,0.646,0,0
6585,0.68188510194791,0.64625,0,0
6586,0.68190507538284,0.6465,0,0
6587,0.68192504881777,0.64675,0,0
6588,0.6819450222527,0.647,0,0
6589,0.68196499568763,0.64725,0,0
6590,0.68198496912256,0.6475,0,0
6591,0.68200494255749,0.64775,0,0
6592,0.68202491599241,0.648,0,0
6593,0.68204488942734,0.64825,0,0
6594,0.68206486286227,0.6485,0,0
6595,0.6820848362972,0.64875,0,0
6596,0.68210480973213,0.649,0,0
6597,0.68212478316706,0.64925,0,0
6598,0.68214475660199,0.6495,0,0
6599,0.68216473003692,0.64975,0,0
6600,0.68218470347184,0.65,0,0
6601,0.68220467690677,0.65025,0,0
6602,0.6822246503417,0.6505,0,0
6603,0.68224462377663,0.65075,0,0
6604,0.68226459721156,0.651,0,0
6605,0.68228457064649,0.65125,0,0
6606,0.68230454408142,0.6515,0,0
6607,0.68232451751634,0.65175,0,0
6608,0.68234449095127,0.652,0,0
6609,0.6823644643862,0.65225,0,0
6610,0.68238443782113,0.6525,0,0
6611,0.68240441125606,0.65275,0,0
6612,0.68242438469099,0.653,0,0
6613,0.68244435812592,0.65325,0,0
6614,0.68246433156085,0.6535,0,0
6615,0.68248430499577,0.65375,0,0
6616,0.6825042784307,0.654,0,0
6617,0.68252425186563,0.65425,0,0
6618,0.68254422530056,0.6545,0,0
6619,0.68256419873549,0.65475,0,0
6620,0.68258417217042,0.655,0,0
6621,0.68260414560535,0.65525,0,0
6622,0.68262411904027,0.6555,0,0
6623,0.6826440924752,0.65575,0,0
6624,0.68266406591013,0.656,0,0
6625,0.68268403934506,0.65625,0,0
6626,0.68270401277999,0.6565,0,0
6627,0.68272398621492,0.65675,0,0
6628,0.68274395964985,0.657,0,0
6629,0.68276393308478,0.65725,0,0
6630,0.6827839065197,0.6575,0,0
6631,0.68280387995463,0.65775,0,0
6632,0.68282385338956,0.658,0,0
6633,0.68284382682449,0.65825,0,0
6634,0.68286380025942,0.6585,0,0
6635,0.68288377369435,0.65875,0,0
6636,0.68290374712928,0.659,0,0
6637,0.6829237205642,0.65925,0,0
6638,0.68294369399913,0.6595,0,0
6639,0.68296366743406,0.65975,0,0
6640,0.68298364086899,0.66,0,0
6641,0.68300361430392,0.66025,0,0
6642,0.68302358773885,0.6605,0,0
6643,0.68304356117378,0.66075,0,0
6644,0.6830635346087,0.661,0,0
6645,0.68308350804363,0.66125,0,0
6646,0.68310348147856,0.6615,0,0
6647,0.68312345491349,0.66175,0,0
6648,0.68314342834842,0.662,0,0
6649,0.68316340178335,0.66225,0,0
6650,0.68318337521828,0.6625,0,0
6651,0.68320334865321,0.66275,0,0
6652,0.68322332208813,0.663,0,0
6653,0.68324329552306,0.66325,0,0
6654,0.68326326895799,0.6635,0,0
6655,0.68328324239292,0.66375,0,0
6656,0.68330321582785,0.664,0,0
6657,0.68332318926278,0.66425,0,0
6658,0.68334316269771,0.6645,0,0
6659,0.68336313613263,0.66475,0,0
6660,0.68338310956756,0.665,0,0
6661,0.68340308300249,0.66525,0,0
6662,0.68342305643742,0.6655,0,0
6663,0.68344302987235,0.66575,0,0
6664,0.68346300330728,0.666,0,0
6665,0.68348297674221,0.66625,0,0
6666,0.68350295017714,0.6665,0,0
6667,0.68352292361206,0.66675,0,0
6668,0.68354289704699,0.667,0,0
6669,0.68356287048192,0.66725,0,0
6670,0.68358284391685,0.6675,0,0
6671,0.68360281735178,0.66775,0,0
6672,0.68362279078671,0.668,0,0
6673,0.68364276422164,0.66825,0,0
6674,0.68366273765656,0.6685,0,0
6675,0.68368271109149,0.66875,0,0
6676,0.68370268452642,0.669,0,0
6677,0.68372265796135,0.66925,0,0
6678,0.68374263139628,0.6695,0,0
6679,0.68376260483121,0.66975,0,0
6680,0.68378257826614,0.67,0,0
6681,0.68380255170107,0.67025,0,0
6682,0.68382252513599,0.6705,0,0
6683,0.68384249857092,0.67075,0,0
6684,0.68386247200585,0.671,0,0
6685,0.68388244544078,0.67125,0,0
6686,0.68390241887571,0.6715,0,0
6687,0.68392239231064,0.67175,0,0
6688,0.68394236574557,0.672,0,0
6689,0.68396233918049,0.67225,0,0
6690,0.68398231261542,0.6725,0,0
6691,0.68400228605035,0.67275,0,0
6692,0.68402225948528,0.673,0,0
6693,0.68404223292021,0.67325,0,0
6694,0.68406220635514,0.6735,0,0
6695,0.68408217979007,0.67375,0,0
6696,0.684102153225,0.674,0,0
6697,0.68412212665992,0.67425,0,0
6698,0.68414210009485,0.6745,0,0
6699,0.68416207352978,0.67475,0,0
6700,0.68418204696471,0.675,0,0
6701,0.68420202039964,0.67525,0,0
6702,0.68422199383457,0.6755,0,0
6703,0.6842419672695,0.67575,0,0
6704,0.68426194070442,0.676,0,0
6705,0.68428191413935,0.67625,0,0
6706,0.68430188757428,0.6765,0,0
6707,0.68432186100921,0.67675,0,0
6708,0.68434183444414,0.677,0,0
6709,0.68436180787907,0.67725,0,0
6710,0.684381781314,0.6775,0,0
6711,0.68440175474893,0.67775,0,0
6712,0.68442172818385,0.678,0,0
6713,0.68444170161878,0.67825,0,0
6714,0.68446167505371,0.6785,0,0
6715,0.68448164848864,0.67875,0,0
6716,0.68450162192357,0.679,0,0
6717,0.6845215953585,0.67925,0,0
6718,0.68454156879343,0.6795,0,0
6719,0.68456154222835,0.67975,0,0
6720,0.68458151566328,0.68,0,0
6721,0.68460148909821,0.68025,0,0
6722,0.68462146253314,0.6805,0,0
6723,0.68464143596807,0.68075,0,0
6724,0.684661409403,0.681,0,0
6725,0.68468138283793,0.68125,0,0
6726,0.68470135627286,0.6815,0,0
6727,0.68472132970778,0.68175,0,0
6728,0.68474130314271,0.682,0,0
6729,0.68476127657764,0.68225,0,0
6730,0.68478125001257,0.6825,0,0
6731,0.6848012234475,0.68275,0,0
6732,0.68482119688243,0.683,0,0
6733,0.68484117031736,0.68325,0,0
6734,0.68486114375228,0.6835,0,0
6735,0.68488111718721,0.68375,0,0
6736,0.68490109062214,0.684,0,0
6737,0.68492106405707,0.68425,0,0
6738,0.684941037492,0.6845,0,0
6739,0.68496101092693,0.68475,0,0
6740,0.68498098436186,0.685,0,0
6741,0.68500095779679,0.68525,0,0
6742,0.68502093123171,0.6855,0,0
6743,0.68504090466664,0.68575,0,0
6744,0.68506087810157,0.686,0,0
6745,0.6850808515365,0.68625,0,0
6746,0.68510082497143,0.6865,0,0
6747,0.68512079840636,0.68675,0,0
6748,0.68514077184129,0.687,0,0
6749,0.68516074527621,0.68725,0,0
6750,0.68518071871114,0.6875,0,0
6751,0.68520069214607,0.68775,0,0
6752,0.685220665581,0.688,0,0
6753,0.68524063901593,0.68825,0,0
6754,0.68526061245086,0.6885,0,0
6755,0.68528058588579,0.68875,0,0
6756,0.68530055932072,0.689,0,0
6757,0.68532053275564,0.68925,0,0
6758,0.68534050619057,0.6895,0,0
6759,0.6853604796255,0.68975,0,0
6760,0.68538045306043,0.69,0,0
6761,0.68540042649536,0.69025,0,0
6762,0.68542039993029,0.6905,0,0
6763,0.68544037336522,0.69075,0,0
6764,0.68546034680014,0.691,0,0
6765,0.68548032023507,0.69125,0,0
6766,0.68550029367,0.6915,0,0
6767,0.68552026710493,0.69175,0,0
6768,0.68554024053986,0.692,0,0
6769,0.68556021397479,0.69225,0,0
6770,0.68558018740972,0.6925,0,0
6771,0.68560016084465,0.69275,0,0
6772,0.68562013427957,0.693,0,0
6773,0.6856401077145,0.69325,0,0
6774,0.68566008114943,0.6935,0,0
6775,0.68568005458436,0.69375,0,0
6776,0.68570002801929,0.694,0,0
6777,0.68572000145422,0.69425,0,0
6778,0.68573997488915,0.6945,0,0
6779,0.68575994832407,0.69475,0,0
6780,0.685779921759,0.695,0,0
6781,0.68579989519393,0.69525,0,0
6782,0.68581986862886,0.6955,0,0
6783,0.68583984206379,0.69575,0,0
6784,0.68585981549872,0.696,0,0
6785,0.68587978893365,0.69625,0,0
6786,0.68589976236858,0.6965,0,0
6787,0.6859197358035,0.69675,0,0
6788,0.68593970923843,0.697,0,0
6789,0.68595968267336,0.69725,0,0
6790,0.68597965610829,0.6975,0,0
6791,0.68599962954322,0.69775,0,0
6792,0.68601960297815,0.698,0,0
6793,0.68603957641308,0.69825,0,0
6794,0.686059549848,0.6985,0,0
6795,0.68607952328293,0.69875,0,0
6796,0.68609949671786,0.699,0,0
6797,0.68611947015279,0.69925,0,0
6798,0.68613944358772,0.6995,0,0
6799,0.68615941702265,0.69975,0,0
6800,0.68617939045758,0.7,0,0
6801,0.68619936389251,0.70025,0,0
6802,0.68621933732743,0.7005,0,0
6803,0.68623931076236,0.70075,0,0
6804,0.68625928419729,0.701,0,0
6805,0.68627925763222,0.70125,0,0
6806,0.68629923106715,0.7015,0,0
6807,0.68631920450208,0.70175,0,0
6808,0.68633917793701,0.702,0,0
6809,0.68635915137193,0.70225,0,0
6810,0.68637912480686,0.7025,0,0
6811,0.68639909824179,0.70275,0,0
6812,0.68641907167672,0.703,0,0
6813,0.68643904511165,0.70325,0,0
6814,0.68645901854658,0.7035,0,0
6815,0.68647899198151,0.70375,0,0
6816,0.68649896541644,0.704,0,0
6817,0.68651893885136,0.70425,0,0
6818,0.68653891228629,0.7045,0,0
6819,0.68655888572122,0.70475,0,0
6820,0.68657885915615,0.705,0,0
6821,0.68659883259108,0.70525,0,0
6822,0.68661880602601,0.7055,0,0
6823,0.68663877946094,0.70575,0,0
6824,0.68665875289586,0.706,0,0
6825,0.68667872633079,0.70625,0,0
6826,0.68669869976572,0.7065,0,0
6827,0.68671867320065,0.70675,0,0
6828,0.68673864663558,0.707,0,0
6829,0.68675862007051,0.70725,0,0
6830,0.68677859350544,0.7075,0,0
6831,0.68679856694037,0.70775,0,0
6832,0.68681854037529,0.708,0,0
6833,0.68683851381022,0.70825,0,0
6834,0.68685848724515,0.7085,0,0
6835,0.68687846068008,0.70875,0,0
6836,0.68689843411501,0.709,0,0
6837,0.68691840754994,0.70925,0,0
6838,0.68693838098487,0.7095,0,0
6839,0.68695835441979,0.70975,0,0
6840,0.68697832785472,0.71,0,0
6841,0.68699830128965,0.71025,0,0
6842,0.68701827472458,0.7105,0,0
6843,0.68703824815951,0.71075,0,0
6844,0.68705822159444,0.711,0,0
6845,0.68707819502937,0.71125,0,0
6846,0.6870981684643,0.7115,0,0
6847,0.68711814189922,0.71175,0,0
6848,0.68713811533415,0.712,0,0
6849,0.68715808876908,0.71225,0,0
6850,0.68717806220401,0.7125,0,0
6851,0.68719803563894,0.71275,0,0
6852,0.68721800907387,0.713,0,0
6853,0.6872379825088,0.71325,0,0
6854,0.68725795594372,0.7135,0,0
6855,0.68727792937865,0.71375,0,0
6856,0.68729790281358,0.714,0,0
6857,0.68731787624851,0.71425,0,0
6858,0.68733784968344,0.7145,0,0
6859,0.68735782311837,0.71475,0,0
6860,0.6873777965533,0.715,0,0
6861,0.68739776998823,0.71525,0,0
6862,0.68741774342315,0.7155,0,0
6863,0.68743771685808,0.71575,0,0
6864,0.68745769029301,0.716,0,0
6865,0.68747766372794,0.71625,0,0
6866,0.68749763716287,0.7165,0,0
6867,0.6875176105978,0.71675,0,0
6868,0.68753758403273,0.717,0,0
6869,0.68755755746765,0.71725,0,0
6870,0.68757753090258,0.7175,0,0
6871,0.68759750433751,0.71775,0,0
6872,0.68761747777244,0.718,0,0
6873,0.68763745120737,0.71825,0,0
6874,0.6876574246423,0.7185,0,0
6875,0.68767739807723,0.71875,0,0
6876,0.68769737151216,0.719,0,0
6877,0.68771734494708,0.71925,0,0
6878,0.68773731838201,0.7195,0,0
6879,0.68775729181694,0.71975,0,0
6880,0.68777726525187,0.72,0,0
6881,0.6877972386868,0.72025,0,0
6882,0.68781721212173,0.7205,0,0
6883,0.68783718555666,0.72075,0,0
6884,0.68785715899158,0.721,0,0
6885,0.68787713242651,0.72125,0,0
6886,0.68789710586144,0.7215,0,0
6887,0.68791707929637,0.72175,0,0
6888,0.6879370527313,0.722,0,0
6889,0.68795702616623,0.72225,0,0
6890,0.68797699960116,0.7225,0,0
6891,0.68799697303609,0.72275,0,0
6892,0.68801694647101,0.723,0,0
6893,0.68803691990594,0.72325,0,0
6894,0.68805689334087,0.7235,0,0
6895,0.6880768667758,0.72375,0,0
6896,0.68809684021073,0.724,0,0
6897,0.68811681364566,0.72425,0,0
6898,0.68813678708059,0.7245,0,0
6899,0.68815676051551,0.72475,0,0
6900,0.68817673395044,0.725,0,0
6901,0.68819670738537,0.72525,0,0
6902,0.6882166808203,0.7255,0,0
6903,0.68823665425523,0.72575,0,0
6904,0.68825662769016,0.726,0,0
6905,0.68827660112509,0.72625,0,0
6906,0.68829657456002,0.7265,0,0
6907,0.68831654799494,0.72675,0,0
6908,0.68833652142987,0.727,0,0
6909,0.6883564948648,0.72725,0,0
6910,0.68837646829973,0.7275,0,0
6911,0.68839644173466,0.72775,0,0
6912,0.68841641516959,0.728,0,0
6913,0.68843638860452,0.72825,0,0
6914,0.68845636203944,0.7285,0,0
6915,0.68847633547437,0.72875,0,0
6916,0.6884963089093,0.729,0,0
6917,0.68851628234423,0.72925,0,0
6918,0.68853625577916,0.7295,0,0
6919,0.68855622921409,0.72975,0,0
6920,0.68857620264902,0.73,0,0
6921,0.68859617608395,0.73025,0,0
6922,0.68861614951887,0.7305,0,0
6923,0.6886361229538,0.73075,0,0
6924,0.68865609638873,0.731,0,0
6925,0.68867606982366,0.73125,0,0
6926,0.68869604325859,0.7315,0,0
6927,0.68871601669352,0.73175,0,0
6928,0.68873599012845,0.732,0,0
6929,0.68875596356337,0.73225,0,0
6930,0.6887759369983,0.7325,0,0
6931,0.68879591043323,0.73275,0,0
6932,0.68881588386816,0.733,0,0
6933,0.68883585730309,0.73325,0,0
6934,0.68885583073802,0.7335,0,0
6935,0.68887580417295,0.73375,0,0
6936,0.68889577760788,0.734,0,0
6937,0.6889157510428,0.73425,0,0
6938,0.68893572447773,0.7345,0,0
6939,0.68895569791266,0.73475,0,0
6940,0.68897567134759,0.735,0,0
6941,0.68899564478252,0.73525,0,0
6942,0.68901561821745,0.7355,0,0
6943,0.68903559165238,0.73575,0,0
6944,0.6890555650873,0.736,0,0
6945,0.68907553852223,0.73625,0,0
6946,0.68909551195716,0.7365,0,0
6947,0.68911548539209,0.73675,0,0
6948,0.68913545882702,0.737,0,0
6949,0.68915543226195,0.73725,0,0
6950,0.68917540569688,0.7375,0,0
6951,0.68919537913181,0.73775,0,0
6952,0.68921535256673,0.738,0,0
6953,0.68923532600166,0.73825,0,0
6954,0.68925529943659,0.7385,0,0
6955,0.68927527287152,0.73875,0,0
6956,0.68929524630645,0.739,0,0
6957,0.68931521974138,0.73925,0,0
6958,0.68933519317631,0.7395,0,0
6959,0.68935516661123,0.73975,0,0
6960,0.68937514004616,0.74,0,0
6961,0.68939511348109,0.74025,0,0
6962,0.68941508691602,0.7405,0,0
6963,0.68943506035095,0.74075,0,0
6964,0.68945503378588,0.741,0,0
6965,0.68947500722081,0.74125,0,0
6966,0.68949498065574,0.7415,0,0
6967,0.68951495409066,0.74175,0,0
6968,0.68953492752559,0.742,0,0
6969,0.68955490096052,0.74225,0,0
6970,0.68957487439545,0.7425,0,0
6971,0.68959484783038,0.74275,0,0
6972,0.68961482126531,0.743,0,0
6973,0.68963479470024,0.74325,0,0
6974,0.68965476813516,0.7435,0,0
6975,0.68967474157009,0.74375,0,0
6976,0.68969471500502,0.744,0,0
6977,0.68971468843995,0.74425,0,0
6978,0.68973466187488,0.7445,0,0
6979,0.68975463530981,0.74475,0,0
6980,0.68977460874474,0.745,0,0
6981,0.68979458217967,0.74525,0,0
6982,0.68981455561459,0.7455,0,0
6983,0.68983452904952,0.74575,0,0
6984,0.68985450248445,0.746,0,0
6985,0.68987447591938,0.74625,0,0
6986,0.68989444935431,0.7465,0,0
6987,0.68991442278924,0.74675,0,0
6988,0.68993439622417,0.747,0,0
6989,0.68995436965909,0.74725,0,0
6990,0.68997434309402,0.7475,0,0
6991,0.68999431652895,0.74775,0,0
6992,0.69001428996388,0.748,0,0
6993,0.69003426339881,0.74825,0,0
6994,0.69005423683374,0.7485,0,0
6995,0.69007421026867,0.74875,0,0
6996,0.6900941837036,0.749,0,0
6997,0.69011415713852,0.74925,0,0
6998,0.69013413057345,0.7495,0,0
6999,0.69015410400838,0.74975,0,0
7000,0.69017407744331,0.75,0,0
7001,0.69019405087824,0.75025,0,0
7002,0.69021402431317,0.7505,0,0
7003,0.6902339977481,0.75075,0,0
7004,0.69025397118302,0.751,0,0
7005,0.69027394461795,0.75125,0,0
7006,0.69029391805288,0.7515,0,0
7007,0.69031389148781,0.75175,0,0
7008,0.69033386492274,0.752,0,0
7009,0.69035383835767,0.75225,0,0
7010,0.6903738117926,0.7525,0,0
7011,0.69039378522753,0.75275,0,0
7012,0.69041375866245,0.753,0,0
7013,0.69043373209738,0.75325,0,0
7014,0.69045370553231,0.7535,0,0
7015,0.69047367896724,0.75375,0,0
7016,0.69049365240217,0.754,0,0
7017,0.6905136258371,0.75425,0,0
7018,0.69053359927203,0.7545,0,0
7019,0.69055357270695,0.75475,0,0
7020,0.69057354614188,0.755,0,0
7021,0.69059351957681,0.75525,0,0
7022,0.69061349301174,0.7555,0,0
7023,0.69063346644667,0.75575,0,0
7024,0.6906534398816,0.756,0,0
7025,0.69067341331653,0.75625,0,0
7026,0.69069338675146,0.7565,0,0
7027,0.69071336018638,0.75675,0,0
7028,0.69073333362131,0.757,0,0
7029,0.69075330705624,0.75725,0,0
7030,0.69077328049117,0.7575,0,0
7031,0.6907932539261,0.75775,0,0
7032,0.69081322736103,0.758,0,0
7033,0.69083320079596,0.75825,0,0
7034,0.69085317423088,0.7585,0,0
7035,0.69087314766581,0.75875,0,0
7036,0.69089312110074,0.759,0,0
7037,0.69091309453567,0.75925,0,0
7038,0.6909330679706,0.7595,0,0
7039,0.69095304140553,0.75975,0,0
7040,0.69097301484046,0.76,0,0
7041,0.69099298827539,0.76025,0,0
7042,0.69101296171031,0.7605,0,0
7043,0.69103293514524,0.76075,0,0
7044,0.69105290858017,0.761,0,0
7045,0.6910728820151,0.76125,0,0
7046,0.69109285545003,0.7615,0,0
7047,0.69111282888496,0.76175,0,0
7048,0.69113280231989,0.762,0,0
7049,0.69115277575481,0.76225,0,0
7050,0.69117274918974,0.7625,0,0
7051,0.69119272262467,0.76275,0,0
7052,0.6912126960596,0.763,0,0
7053,0.69123266949453,0.76325,0,0
7054,0.69125264292946,0.7635,0,0
7055,0.69127261636439,0.76375,0,0
7056,0.69129258979932,0.764,0,0
7057,0.69131256323424,0.76425,0,0
7058,0.69133253666917,0.7645,0,0
7059,0.6913525101041,0.76475,0,0
7060,0.69137248353903,0.765,0,0
7061,0.69139245697396,0.76525,0,0
7062,0.69141243040889,0.7655,0,0
7063,0.69143240384382,0.76575,0,0
7064,0.69145237727874,0.766,0,0
7065,0.69147235071367,0.76625,0,0
7066,0.6914923241486,0.7665,0,0
7067,0.69151229758353,0.76675,0,0
7068,0.69153227101846,0.767,0,0
7069,0.69155224445339,0.76725,0,0
7070,0.69157221788832,0.7675,0,0
7071,0.69159219132325,0.76775,0,0
7072,0.69161216475817,0.768,0,0
7073,0.6916321381931,0.76825,0,0
7074,0.69165211162803,0.7685,0,0
7075,0.69167208506296,0.76875,0,0
7076,0.69169205849789,0.769,0,0
7077,0.69171203193282,0.76925,0,0
7078,0.69173200536775,0.7695,0,0
7079,0.69175197880267,0.76975,0,0
7080,0.6917719522376,0.77,0,0
7081,0.69179192567253,0.77025,0,0
7082,0.69181189910746,0.7705,0,0
7083,0.69183187254239,0.77075,0,0
7084,0.69185184597732,0.771,0,0
7085,0.69187181941225,0.77125,0,0
7086,0.69189179284718,0.7715,0,0
7087,0.6919117662821,0.77175,0,0
7088,0.69193173971703,0.772,0,0
7089,0.69195171315196,0.77225,0,0
7090,0.69197168658689,0.7725,0,0
7091,0.69199166002182,0.77275,0,0
7092,0.69201163345675,0.773,0,0
7093,0.69203160689168,0.77325,0,0
7094,0.6920515803266,0.7735,0,0
7095,0.69207155376153,0.77375,0,0
7096,0.69209152719646,0.774,0,0
7097,0.69211150063139,0.77425,0,0
7098,0.69213147406632,0.7745,0,0
7099,0.69215144750125,0.77475,0,0
7100,0.69217142093618,0.775,0,0
7101,0.6921913943711,0.77525,0,0
7102,0.69221136780603,0.7755,0,0
7103,0.69223134124096,0.77575,0,0
7104,0.69225131467589,0.776,0,0
7105,0.69227128811082,0.77625,0,0
7106,0.69229126154575,0.7765,0,0
7107,0.69231123498068,0.77675,0,0
7108,0.69233120841561,0.777,0,0
7109,0.69235118185053,0.77725,0,0
7110,0.69237115528546,0.7775,0,0
7111,0.69239112872039,0.77775,0,0
7112,0.69241110215532,0.778,0,0
7113,0.69243107559025,0.77825,0,0
7114,0.69245104902518,0.7785,0,0
7115,0.69247102246011,0.77875,0,0
7116,0.69249099589504,0.779,0,0
7117,0.69251096932996,0.77925,0,0
7118,0.69253094276489,0.7795,0,0
7119,0.69255091619982,0.77975,0,0
7120,0.69257088963475,0.78,0,0
7121,0.69259086306968,0.78025,0,0
7122,0.69261083650461,0.7805,0,0
7123,0.69263080993954,0.78075,0,0
7124,0.69265078337446,0.781,0,0
7125,0.69267075680939,0.78125,0,0
7126,0.69269073024432,0.7815,0,0
7127,0.69271070367925,0.78175,0,0
7128,0.69273067711418,0.782,0,0
7129,0.69275065054911,0.78225,0,0
7130,0.69277062398404,0.7825,0,0
7131,0.69279059741896,0.78275,0,0
7132,0.69281057085389,0.783,0,0
7133,0.69283054428882,0.78325,0,0
7134,0.69285051772375,0.7835,0,0
7135,0.69287049115868,0.78375,0,0
7136,0.69289046459361,0.784,0,0
7137,0.69291043802854,0.78425,0,0
7138,0.69293041146347,0.7845,0,0
7139,0.69295038489839,0.78475,0,0
7140,0.69297035833332,0.785,0,0
7141,0.69299033176825,0.78525,0,0
7142,0.69301030520318,0.7855,0,0
7143,0.69303027863811,0.78575,0,0
7144,0.69305025207304,0.786,0,0
7145,0.69307022550797,0.78625,0,0
7146,0.69309019894289,0.7865,0,0
7147,0.69311017237782,0.78675,0,0
7148,0.69313014581275,0.787,0,0
7149,0.69315011924768,0.78725,0,0
7150,0.69317009268261,0.7875,0,0
7151,0.69319006611754,0.78775,0,0
7152,0.69321003955247,0.788,0,0
7153,0.6932300129874,0.78825,0,0
7154,0.69324998642232,0.7885,0,0
7155,0.69326995985725,0.78875,0,0
7156,0.69328993329218,0.789,0,0
7157,0.69330990672711,0.78925,0,0
7158,0.69332988016204,0.7895,0,0
7159,0.69334985359697,0.78975,0,0
7160,0.6933698270319,0.79,0,0
7161,0.69338980046682,0.79025,0,0
7162,0.69340977390175,0.7905,0,0
7163,0.69342974733668,0.79075,0,0
7164,0.69344972077161,0.791,0,0
7165,0.69346969420654,0.79125,0,0
7166,0.69348966764147,0.7915,0,0
7167,0.6935096410764,0.79175,0,0
7168,0.69352961451133,0.792,0,0
7169,0.69354958794625,0.79225,0,0
7170,0.69356956138118,0.7925,0,0
7171,0.69358953481611,0.79275,0,0
7172,0.69360950825104,0.793,0,0
7173,0.69362948168597,0.79325,0,0
7174,0.6936494551209,0.7935,0,0
7175,0.69366942855583,0.79375,0,0
7176,0.69368940199076,0.794,0,0
7177,0.69370937542568,0.79425,0,0
7178,0.69372934886061,0.7945,0,0
7179,0.69374932229554,0.79475,0,0
7180,0.69376929573047,0.795,0,0
7181,0.6937892691654,0.79525,0,0
7182,0.69380924260033,0.7955,0,0
7183,0.69382921603526,0.79575,0,0
7184,0.69384918947018,0.796,0,0
7185,0.69386916290511,0.79625,0,0
7186,0.69388913634004,0.7965,0,0
7187,0.69390910977497,0.79675,0,0
7188,0.6939290832099,0.797,0,0
7189,0.69394905664483,0.79725,0,0
7190,0.69396903007976,0.7975,0,0
7191,0.69398900351469,0.79775,0,0
7192,0.69400897694961,0.798,0,0
7193,0.69402895038454,0.79825,0,0
7194,0.69404892381947,0.7985,0,0
7195,0.6940688972544,0.79875,0,0
7196,0.69408887068933,0.799,0,0
7197,0.69410884412426,0.79925,0,0
7198,0.69412881755919,0.7995,0,0
7199,0.69414879099411,0.79975,0,0
7200,0.69416876442904,0.8,0,0
7201,0.69418873786397,0.80025,0,0
7202,0.6942087112989,0.8005,0,0
7203,0.69422868473383,0.80075,0,0
7204,0.69424865816876,0.801,0,0
7205,0.69426863160369,0.80125,0,0
7206,0.69428860503862,0.8015,0,0
7207,0.69430857847354,0.80175,0,0
7208,0.69432855190847,0.802,0,0
7209,0.6943485253434,0.80225,0,0
7210,0.69436849877833,0.8025,0,0
7211,0.69438847221326,0.80275,0,0
7212,0.69440844564819,0.803,0,0
7213,0.69442841908312,0.80325,0,0
7214,0.69444839251804,0.8035,0,0
7215,0.69446836595297,0.80375,0,0
7216,0.6944883393879,0.804,0,0
7217,0.69450831282283,0.80425,0,0
7218,0.69452828625776,0.8045,0,0
7219,0.69454825969269,0.80475,0,0
7220,0.69456823312762,0.805,0,0
7221,0.69458820656255,0.80525,0,0
7222,0.69460817999747,0.8055,0,0
7223,0.6946281534324,0.80575,0,0
7224,0.69464812686733,0.806,0,0
7225,0.69466810030226,0.80625,0,0
7226,0.69468807373719,0.8065,0,0
7227,0.69470804717212,0.80675,0,0
7228,0.69472802060705,0.807,0,0
7229,0.69474799404198,0.80725,0,0
7230,0.6947679674769,0.8075,0,0
7231,0.69478794091183,0.80775,0,0
7232,0.69480791434676,0.808,0,0
7233,0.69482788778169,0.80825,0,0
7234,0.69484786121662,0.8085,0,0
7235,0.69486783465155,0.80875,0,0
7236,0.69488780808648,0.809,0,0
7237,0.6949077815214,0.80925,0,0
7238,0.69492775495633,0.8095,0,0
7239,0.69494772839126,0.80975,0,0
7240,0.69496770182619,0.81,0,0
7241,0.69498767526112,0.81025,0,0
7242,0.69500764869605,0.8105,0,0
7243,0.69502762213098,0.81075,0,0
7244,0.69504759556591,0.811,0,0
7245,0.69506756900083,0.81125,0,0
7246,0.69508754243576,0.8115,0,0
7247,0.69510751587069,0.81175,0,0
7248,0.69512748930562,0.812,0,0
7249,0.69514746274055,0.81225,0,0
7250,0.69516743617548,0.8125,0,0
7251,0.69518740961041,0.81275,0,0
7252,0.69520738304533,0.813,0,0
7253,0.69522735648026,0.81325,0,0
7254,0.69524732991519,0.8135,0,0
7255,0.69526730335012,0.81375,0,0
7256,0.69528727678505,0.814,0,0
7257,0.69530725021998,0.81425,0,0
7258,0.69532722365491,0.8145,0,0
7259,0.69534719708984,0.81475,0,0
7260,0.69536717052476,0.815,0,0
7261,0.69538714395969,0.81525,0,0
7262,0.69540711739462,0.8155,0,0
7263,0.69542709082955,0.81575,0,0
7264,0.69544706426448,0.816,0,0
7265,0.69546703769941,0.81625,0,0
7266,0.69548701113434,0.8165,0,0
7267,0.69550698456926,0.81675,0,0
7268,0.69552695800419,0.817,0,0
7269,0.69554693143912,0.81725,0,0
7270,0.69556690487405,0.8175,0,0
7271,0.69558687830898,0.81775,0,0
7272,0.69560685174391,0.818,0,0
7273,0.69562682517884,0.81825,0,0
7274,0.69564679861377,0.8185,0,0
7275,0.69566677204869,0.81875,0,0
7276,0.69568674548362,0.819,0,0
7277,0.69570671891855,0.81925,0,0
7278,0.69572669235348,0.8195,0,0
7279,0.69574666578841,0.81975,0,0
7280,0.69576663922334,0.82,0,0
7281,0.69578661265827,0.82025,0,0
7282,0.69580658609319,0.8205,0,0
7283,0.69582655952812,0.82075,0,0
7284,0.69584653296305,0.821,0,0
7285,0.69586650639798,0.82125,0,0
7286,0.69588647983291,0.8215,0,0
7287,0.69590645326784,0.82175,0,0
7288,0.69592642670277,0.822,0,0
7289,0.6959464001377,0.82225,0,0
7290,0.69596637357262,0.8225,0,0
7291,0.69598634700755,0.82275,0,0
7292,0.69600632044248,0.823,0,0
7293,0.69602629387741,0.82325,0,0
7294,0.69604626731234,0.8235,0,0
7295,0.69606624074727,0.82375,0,0
7296,0.6960862141822,0.824,0,0
7297,0.69610618761712,0.82425,0,0
7298,0.69612616105205,0.8245,0,0
7299,0.69614613448698,0.82475,0,0
7300,0.69616610792191,0.825,0,0
7301,0.69618608135684,0.82525,0,0
7302,0.69620605479177,0.8255,0,0
7303,0.6962260282267,0.82575,0,0
7304,0.69624600166163,0.826,0,0
7305,0.69626597509655,0.82625,0,0
7306,0.69628594853148,0.8265,0,0
7307,0.69630592196641,0.82675,0,0
7308,0.69632589540134,0.827,0,0
7309,0.69634586883627,0.82725,0,0
7310,0.6963658422712,0.8275,0,0
7311,0.69638581570613,0.82775,0,0
7312,0.69640578914105,0.828,0,0
7313,0.69642576257598,0.82825,0,0
7314,0.69644573601091,0.8285,0,0
7315,0.69646570944584,0.82875,0,0
7316,0.69648568288077,0.829,0,0
7317,0.6965056563157,0.82925,0,0
7318,0.69652562975063,0.8295,0,0
7319,0.69654560318556,0.82975,0,0
7320,0.69656557662048,0.83,0,0
7321,0.69658555005541,0.83025,0,0
7322,0.69660552349034,0.8305,0,0
7323,0.69662549692527,0.83075,0,0
7324,0.6966454703602,0.831,0,0
7325,0.69666544379513,0.83125,0,0
7326,0.69668541723006,0.8315,0,0
7327,0.69670539066498,0.83175,0,0
7328,0.69672536409991,0.832,0,0
7329,0.69674533753484,0.83225,0,0
7330,0.69676531096977,0.8325,0,0
7331,0.6967852844047,0.83275,0,0
7332,0.69680525783963,0.833,0,0
7333,0.69682523127456,0.83325,0,0
7334,0.69684520470948,0.8335,0,0
7335,0.69686517814441,0.83375,0,0
7336,0.69688515157934,0.834,0,0
7337,0.69690512501427,0.83425,0,0
7338,0.6969250984492,0.8345,0,0
7339,0.69694507188413,0.83475,0,0
7340,0.69696504531906,0.835,0,0
7341,0.69698501875399,0.83525,0,0
7342,0.69700499218891,0.8355,0,0
7343,0.69702496562384,0.83575,0,0
7344,0.69704493905877,0.836,0,0
7345,0.6970649124937,0.83625,0,0
7346,0.69708488592863,0.8365,0,0
7347,0.69710485936356,0.83675,0,0
7348,0.69712483279849,0.837,0,0
7349,0.69714480623341,0.83725,0,0
7350,0.69716477966834,0.8375,0,0
7351,0.69718475310327,0.83775,0,0
7352,0.6972047265382,0.838,0,0
7353,0.69722469997313,0.83825,0,0
7354,0.69724467340806,0.8385,0,0
7355,0.69726464684299,0.83875,0,0
7356,0.69728462027792,0.839,0,0
7357,0.69730459371284,0.83925,0,0
7358,0.69732456714777,0.8395,0,0
7359,0.6973445405827,0.83975,0,0
7360,0.69736451401763,0.84,0,0
7361,0.69738448745256,0.84025,0,0
7362,0.69740446088749,0.8405,0,0
7363,0.69742443432242,0.84075,0,0
7364,0.69744440775734,0.841,0,0
7365,0.69746438119227,0.84125,0,0
7366,0.6974843546272,0.8415,0,0
7367,0.69750432806213,0.84175,0,0
7368,0.69752430149706,0.842,0,0
7369,0.69754427493199,0.84225,0,0
7370,0.69756424836692,0.8425,0,0
7371,0.69758422180185,0.84275,0,0
7372,0.69760419523677,0.843,0,0
7373,0.6976241686717,0.84325,0,0
7374,0.69764414210663,0.8435,0,0
7375,0.69766411554156,0.84375,0,0
7376,0.69768408897649,0.844,0,0
7377,0.69770406241142,0.84425,0,0
7378,0.69772403584635,0.8445,0,0
7379,0.69774400928127,0.84475,0,0
7380,0.6977639827162,0.845,0,0
7381,0.69778395615113,0.84525,0,0
7382,0.69780392958606,0.8455,0,0
7383,0.69782390302099,0.84575,0,0
7384,0.69784387645592,0.846,0,0
7385,0.69786384989085,0.84625,0,0
7386,0.69788382332578,0.8465,0,0
7387,0.6979037967607,0.84675,0,0
7388,0.69792377019563,0.847,0,0
7389,0.69794374363056,0.84725,0,0
7390,0.69796371706549,0.8475,0,0
7391,0.69798369050042,0.84775,0,0
7392,0.69800366393535,0.848,0,0
7393,0.69802363737028,0.84825,0,0
7394,0.6980436108052,0.8485,0,0
7395,0.69806358424013,0.84875,0,0
7396,0.69808355767506,0.849,0,0
7397,0.69810353110999,0.84925,0,0
7398,0.69812350454492,0.8495,0,0
7399,0.69814347797985,0.84975,0,0
7400,0.69816345141478,0.85,0,0
7401,0.69818342484971,0.85025,0,0
7402,0.69820339828463,0.8505,0,0
7403,0.69822337171956,0.85075,0,0
7404,0.69824334515449,0.851,0,0
7405,0.69826331858942,0.85125,0,0
7406,0.69828329202435,0.8515,0,0
7407,0.69830326545928,0.85175,0,0
7408,0.69832323889421,0.852,0,0
7409,0.69834321232913,0.85225,0,0
7410,0.69836318576406,0.8525,0,0
7411,0.69838315919899,0.85275,0,0
7412,0.69840313263392,0.853,0,0
7413,0.69842310606885,0.85325,0,0
7414,0.69844307950378,0.8535,0,0
7415,0.69846305293871,0.85375,0,0
7416,0.69848302637364,0.854,0,0
7417,0.69850299980856,0.85425,0,0
7418,0.69852297324349,0.8545,0,0
7419,0.69854294667842,0.85475,0,0
7420,0.69856292011335,0.855,0,0
7421,0.69858289354828,0.85525,0,0
7422,0.69860286698321,0.8555,0,0
7423,0.69862284041814,0.85575,0,0
7424,0.69864281385306,0.856,0,0
7425,0.69866278728799,0.85625,0,0
7426,0.69868276072292,0.8565,0,0
7427,0.69870273415785,0.85675,0,0
7428,0.69872270759278,0.857,0,0
7429,0.69874268102771,0.85725,0,0
7430,0.69876265446264,0.8575,0,0
7431,0.69878262789757,0.85775,0,0
7432,0.69880260133249,0.858,0,0
7433,0.69882257476742,0.85825,0,0
7434,0.69884254820235,0.8585,0,0
7435,0.69886252163728,0.85875,0,0
7436,0.69888249507221,0.859,0,0
7437,0.69890246850714,0.85925,0,0
7438,0.69892244194207,0.8595,0,0
7439,0.69894241537699,0.85975,0,0
7440,0.69896238881192,0.86,0,0
7441,0.69898236224685,0.86025,0,0
7442,0.69900233568178,0.8605,0,0
7443,0.69902230911671,0.86075,0,0
7444,0.69904228255164,0.861,0,0
7445,0.69906225598657,0.86125,0,0
7446,0.6990822294215,0.8615,0,0
7447,0.69910220285642,0.86175,0,0
7448,0.69912217629135,0.862,0,0
7449,0.69914214972628,0.86225,0,0
7450,0.69916212316121,0.8625,0,0
7451,0.69918209659614,0.86275,0,0
7452,0.69920207003107,0.863,0,0
7453,0.699222043466,0.86325,0,0
7454,0.69924201690092,0.8635,0,0
7455,0.69926199033585,0.86375,0,0
7456,0.69928196377078,0.864,0,0
7457,0.69930193720571,0.86425,0,0
7458,0.69932191064064,0.8645,0,0
7459,0.69934188407557,0.86475,0,0
7460,0.6993618575105,0.865,0,0
7461,0.69938183094543,0.86525,0,0
7462,0.69940180438035,0.8655,0,0
7463,0.69942177781528,0.86575,0,0
7464,0.69944175125021,0.866,0,0
7465,0.69946172468514,0.86625,0,0
7466,0.69948169812007,0.8665,0,0
7467,0.699501671555,0.86675,0,0
7468,0.69952164498993,0.867,0,0
7469,0.69954161842485,0.86725,0,0
7470,0.69956159185978,0.8675,0,0
7471,0.69958156529471,0.86775,0,0
7472,0.69960153872964,0.868,0,0
7473,0.69962151216457,0.86825,0,0
7474,0.6996414855995,0.8685,0,0
7475,0.69966145903443,0.86875,0,0
7476,0.69968143246936,0.869,0,0
7477,0.69970140590428,0.86925,0,0
7478,0.69972137933921,0.8695,0,0
7479,0.69974135277414,0.86975,0,0
7480,0.69976132620907,0.87,0,0
7481,0.699781299644,0.87025,0,0
7482,0.69980127307893,0.8705,0,0
7483,0.69982124651386,0.87075,0,0
7484,0.69984121994878,0.871,0,0
7485,0.69986119338371,0.87125,0,0
7486,0.69988116681864,0.8715,0,0
7487,0.69990114025357,0.87175,0,0
7488,0.6999211136885,0.872,0,0
7489,0.69994108712343,0.87225,0,0
7490,0.69996106055836,0.8725,0,0
7491,0.69998103399329,0.87275,0,0
7492,0.70000100742821,0.873,0,0
7493,0.70002098086314,0.87325,0,0
7494,0.70004095429807,0.8735,0,0
7495,0.700060927733,0.87375,0,0
7496,0.70008090116793,0.874,0,0
7497,0.70010087460286,0.87425,0,0
7498,0.70012084803779,0.8745,0,0
7499,0.70014082147271,0.87475,0,0
7500,0.70016079490764,0.875,0,0
7501,0.70018076834257,0.87525,0,0
7502,0.7002007417775,0.8755,0,0
7503,0.70022071521243,0.87575,0,0
7504,0.70024068864736,0.876,0,0
7505,0.70026066208229,0.87625,0,0
7506,0.70028063551722,0.8765,0,0
7507,0.70030060895214,0.87675,0,0
7508,0.70032058238707,0.877,0,0
7509,0.700340555822,0.87725,0,0
7510,0.70036052925693,0.8775,0,0
7511,0.70038050269186,0.87775,0,0
7512,0.70040047612679,0.878,0,0
7513,0.70042044956172,0.87825,0,0
7514,0.70044042299664,0.8785,0,0
7515,0.70046039643157,0.87875,0,0
7516,0.7004803698665,0.879,0,0
7517,0.70050034330143,0.87925,0,0
7518,0.70052031673636,0.8795,0,0
7519,0.70054029017129,0.87975,0,0
7520,0.70056026360622,0.88,0,0
7521,0.70058023704115,0.88025,0,0
7522,0.70060021047607,0.8805,0,0
7523,0.700620183911,0.88075,0,0
7524,0.70064015734593,0.881,0,0
7525,0.70066013078086,0.88125,0,0
7526,0.70068010421579,0.8815,0,0
7527,0.70070007765072,0.88175,0,0
7528,0.70072005108565,0.882,0,0
7529,0.70074002452057,0.88225,0,0
7530,0.7007599979555,0.8825,0,0
7531,0.70077997139043,0.88275,0,0
7532,0.70079994482536,0.883,0,0
7533,0.70081991826029,0.88325,0,0
7534,0.70083989169522,0.8835,0,0
7535,0.70085986513015,0.88375,0,0
7536,0.70087983856508,0.884,0,0
7537,0.700899812,0.88425,0,0
7538,0.70091978543493,0.8845,0,0
7539,0.70093975886986,0.88475,0,0
7540,0.70095973230479,0.885,0,0
7541,0.70097970573972,0.88525,0,0
7542,0.70099967917465,0.8855,0,0
7543,0.70101965260958,0.88575,0,0
7544,0.7010396260445,0.886,0,0
7545,0.70105959947943,0.88625,0,0
7546,0.70107957291436,0.8865,0,0
7547,0.70109954634929,0.88675,0,0
7548,0.70111951978422,0.887,0,0
7549,0.70113949321915,0.88725,0,0
7550,0.70115946665408,0.8875,0,0
7551,0.70117944008901,0.88775,0,0
7552,0.70119941352393,0.888,0,0
7553,0.70121938695886,0.88825,0,0
7554,0.70123936039379,0.8885,0,0
7555,0.70125933382872,0.88875,0,0
7556,0.70127930726365,0.889,0,0
7557,0.70129928069858,0.88925,0,0
7558,0.70131925413351,0.8895,0,0
7559,0.70133922756843,0.88975,0,0
7560,0.70135920100336,0.89,0,0
7561,0.70137917443829,0.89025,0,0
7562,0.70139914787322,0.8905,0,0
7563,0.70141912130815,0.89075,0,0
7564,0.70143909474308,0.891,0,0
7565,0.70145906817801,0.89125,0,0
7566,0.70147904161294,0.8915,0,0
7567,0.70149901504786,0.89175,0,0
7568,0.70151898848279,0.892,0,0
7569,0.70153896191772,0.89225,0,0
7570,0.70155893535265,0.8925,0,0
7571,0.70157890878758,0.89275,0,0
7572,0.70159888222251,0.893,0,0
7573,0.70161885565744,0.89325,0,0
7574,0.70163882909236,0.8935,0,0
7575,0.70165880252729,0.89375,0,0
7576,0.70167877596222,0.894,0,0
7577,0.70169874939715,0.89425,0,0
7578,0.70171872283208,0.8945,0,0
7579,0.70173869626701,0.89475,0,0
7580,0.70175866970194,0.895,0,0
7581,0.70177864313687,0.89525,0,0
7582,0.70179861657179,0.8955,0,0
7583,0.70181859000672,0.89575,0,0
7584,0.70183856344165,0.896,0,0
7585,0.70185853687658,0.89625,0,0
7586,0.70187851031151,0.8965,0,0
7587,0.70189848374644,0.89675,0,0
7588,0.70191845718137,0.897,0,0
7589,0.70193843061629,0.89725,0,0
7590,0.70195840405122,0.8975,0,0
7591,0.70197837748615,0.89775,0,0
7592,0.70199835092108,0.898,0,0
7593,0.70201832435601,0.89825,0,0
7594,0.70203829779094,0.8985,0,0
7595,0.70205827122587,0.89875,0,0
7596,0.7020782446608,0.899,0,0
7597,0.70209821809572,0.89925,0,0
7598,0.70211819153065,0.8995,0,0
7599,0.70213816496558,0.89975,0,0
7600,0.70215813840051,0.9,0,0
7601,0.70217811183544,0.90025,0,0
7602,0.70219808527037,0.9005,0,0
7603,0.7022180587053,0.90075,0,0
7604,0.70223803214022,0.901,0,0
7605,0.70225800557515,0.90125,0,0
7606,0.70227797901008,0.9015,0,0
7607,0.70229795244501,0.90175,0,0
7608,0.70231792587994,0.902,0,0
7609,0.70233789931487,0.90225,0,0
7610,0.7023578727498,0.9025,0,0
7611,0.70237784618472,0.90275,0,0
7612,0.70239781961965,0.903,0,0
7613,0.70241779305458,0.90325,0,0
7614,0.70243776648951,0.9035,0,0
7615,0.70245773992444,0.90375,0,0
7616,0.70247771335937,0.904,0,0
7617,0.7024976867943,0.90425,0,0
7618,0.70251766022923,0.9045,0,0
7619,0.70253763366415,0.90475,0,0
7620,0.70255760709908,0.905,0,0
7621,0.70257758053401,0.90525,0,0
7622,0.70259755396894,0.9055,0,0
7623,0.70261752740387,0.90575,0,0
7624,0.7026375008388,0.906,0,0
7625,0.70265747427373,0.90625,0,0
7626,0.70267744770866,0.9065,0,0
7627,0.70269742114358,0.90675,0,0
7628,0.70271739457851,0.907,0,0
7629,0.70273736801344,0.90725,0,0
7630,0.70275734144837,0.9075,0,0
7631,0.7027773148833,0.90775,0,0
7632,0.70279728831823,0.908,0,0
7633,0.70281726175316,0.90825,0,0
7634,0.70283723518808,0.9085,0,0
7635,0.70285720862301,0.90875,0,0
7636,0.70287718205794,0.909,0,0
7637,0.70289715549287,0.90925,0,0
7638,0.7029171289278,0.9095,0,0
7639,0.70293710236273,0.90975,0,0
7640,0.70295707579766,0.91,0,0
7641,0.70297704923258,0.91025,0,0
7642,0.70299702266751,0.9105,0,0
7643,0.70301699610244,0.91075,0,0
7644,0.70303696953737,0.911,0,0
7645,0.7030569429723,0.91125,0,0
7646,0.70307691640723,0.9115,0,0
7647,0.70309688984216,0.91175,0,0
7648,0.70311686327709,0.912,0,0
7649,0.70313683671201,0.91225,0,0
7650,0.70315681014694,0.9125,0,0
7651,0.70317678358187,0.91275,0,0
7652,0.7031967570168,0.913,0,0
7653,0.70321673045173,0.91325,0,0
7654,0.70323670388666,0.9135,0,0
7655,0.70325667732159,0.91375,0,0
7656,0.70327665075652,0.914,0,0
7657,0.70329662419144,0.91425,0,0
7658,0.70331659762637,0.9145,0,0
7659,0.7033365710613,0.91475,0,0
7660,0.70335654449623,0.915,0,0
7661,0.70337651793116,0.91525,0,0
7662,0.70339649136609,0.9155,0,0
7663,0.70341646480102,0.91575,0,0
7664,0.70343643823594,0.916,0,0
7665,0.70345641167087,0.91625,0,0
7666,0.7034763851058,0.9165,0,0
7667,0.70349635854073,0.91675,0,0
7668,0.70351633197566,0.917,0,0
7669,0.70353630541059,0.91725,0,0
7670,0.70355627884552,0.9175,0,0
7671,0.70357625228044,0.91775,0,0
7672,0.70359622571537,0.918,0,0
7673,0.7036161991503,0.91825,0,0
7674,0.70363617258523,0.9185,0,0
7675,0.70365614602016,0.91875,0,0
7676,0.70367611945509,0.919,0,0
7677,0.70369609289002,0.91925,0,0
7678,0.70371606632495,0.9195,0,0
7679,0.70373603975987,0.91975,0,0
7680,0.7037560131948,0.92,0,0
7681,0.70377598662973,0.92025,0,0
7682,0.70379596006466,0.9205,0,0
7683,0.70381593349959,0.92075,0,0
7684,0.70383590693452,0.921,0,0
7685,0.70385588036945,0.92125,0,0
7686,0.70387585380437,0.9215,0,0
7687,0.7038958272393,0.92175,0,0
7688,0.70391580067423,0.922,0,0
7689,0.70393577410916,0.92225,0,0
7690,0.70395574754409,0.9225,0,0
7691,0.70397572097902,0.92275,0,0
7692,0.70399569441395,0.923,0,0
7693,0.70401566784888,0.92325,0,0
7694,0.7040356412838,0.9235,0,0
7695,0.70405561471873,0.92375,0,0
7696,0.70407558815366,0.924,0,0
7697,0.70409556158859,0.92425,0,0
7698,0.70411553502352,0.9245,0,0
7699,0.70413550845845,0.92475,0,0
7700,0.70415548189338,0.925,0,0
7701,0.7041754553283,0.92525,0,0
7702,0.70419542876323,0.9255,0,0
7703,0.70421540219816,0.92575,0,0
7704,0.70423537563309,0.926,0,0
7705,0.70425534906802,0.92625,0,0
7706,0.70427532250295,0.9265,0,0
7707,0.70429529593788,0.92675,0,0
7708,0.70431526937281,0.927,0,0
7709,0.70433524280773,0.92725,0,0
7710,0.70435521624266,0.9275,0,0
7711,0.70437518967759,0.92775,0,0
7712,0.70439516311252,0.928,0,0
7713,0.70441513654745,0.92825,0,0
7714,0.70443510998238,0.9285,0,0
7715,0.70445508341731,0.92875,0,0
7716,0.70447505685223,0.929,0,0
7717,0.70449503028716,0.92925,0,0
7718,0.70451500372209,0.9295,0,0
7719,0.70453497715702,0.92975,0,0
7720,0.70455495059195,0.93,0,0
7721,0.70457492402688,0.93025,0,0
7722,0.70459489746181,0.9305,0,0
7723,0.70461487089674,0.93075,0,0
7724,0.70463484433166,0.931,0,0
7725,0.70465481776659,0.93125,0,0
7726,0.70467479120152,0.9315,0,0
7727,0.70469476463645,0.93175,0,0
7728,0.70471473807138,0.932,0,0
7729,0.70473471150631,0.93225,0,0
7730,0.70475468494124,0.9325,0,0
7731,0.70477465837617,0.93275,0,0
7732,0.70479463181109,0.933,0,0
7733,0.70481460524602,0.93325,0,0
7734,0.70483457868095,0.9335,0,0
7735,0.70485455211588,0.93375,0,0
7736,0.70487452555081,0.934,0,0
7737,0.70489449898574,0.93425,0,0
7738,0.70491447242067,0.9345,0,0
7739,0.70493444585559,0.93475,0,0
7740,0.70495441929052,0.935,0,0
7741,0.70497439272545,0.93525,0,0
7742,0.70499436616038,0.9355,0,0
7743,0.70501433959531,0.93575,0,0
7744,0.70503431303024,0.936,0,0
7745,0.70505428646517,0.93625,0,0
7746,0.70507425990009,0.9365,0,0
7747,0.70509423333502,0.93675,0,0
7748,0.70511420676995,0.937,0,0
7749,0.70513418020488,0.93725,0,0
7750,0.70515415363981,0.9375,0,0
7751,0.70517412707474,0.93775,0,0
7752,0.70519410050967,0.938,0,0
7753,0.7052140739446,0.93825,0,0
7754,0.70523404737952,0.9385,0,0
7755,0.70525402081445,0.93875,0,0
7756,0.70527399424938,0.939,0,0
7757,0.70529396768431,0.93925,0,0
7758,0.70531394111924,0.9395,0,0
7759,0.70533391455417,0.93975,0,0
7760,0.7053538879891,0.94,0,0
7761,0.70537386142402,0.94025,0,0
7762,0.70539383485895,0.9405,0,0
7763,0.70541380829388,0.94075,0,0
7764,0.70543378172881,0.941,0,0
7765,0.70545375516374,0.94125,0,0
7766,0.70547372859867,0.9415,0,0
7767,0.7054937020336,0.94175,0,0
7768,0.70551367546853,0.942,0,0
7769,0.70553364890345,0.94225,0,0
7770,0.70555362233838,0.9425,0,0
7771,0.70557359577331,0.94275,0,0
7772,0.70559356920824,0.943,0,0
7773,0.70561354264317,0.94325,0,0
7774,0.7056335160781,0.9435,0,0
7775,0.70565348951303,0.94375,0,0
7776,0.70567346294795,0.944,0,0
7777,0.70569343638288,0.94425,0,0
7778,0.70571340981781,0.9445,0,0
7779,0.70573338325274,0.94475,0,0
7780,0.70575335668767,0.945,0,0
7781,0.7057733301226,0.94525,0,0
7782,0.70579330355753,0.9455,0,0
7783,0.70581327699246,0.94575,0,0
7784,0.70583325042738,0.946,0,0
7785,0.70585322386231,0.94625,0,0
7786,0.70587319729724,0.9465,0,0
7787,0.70589317073217,0.94675,0,0
7788,0.7059131441671,0.947,0,0
7789,0.70593311760203,0.94725,0,0
7790,0.70595309103696,0.9475,0,0
7791,0.70597306447188,0.94775,0,0
7792,0.70599303790681,0.948,0,0
7793,0.70601301134174,0.94825,0,0
7794,0.70603298477667,0.9485,0,0
7795,0.7060529582116,0.94875,0,0
7796,0.70607293164653,0.949,0,0
7797,0.70609290508146,0.94925,0,0
7798,0.70611287851639,0.9495,0,0
7799,0.70613285195131,0.94975,0,0
7800,0.70615282538624,0.95,0,0
7801,0.70617279882117,0.95025,0,0
7802,0.7061927722561,0.9505,0,0
7803,0.70621274569103,0.95075,0,0
7804,0.70623271912596,0.951,0,0
7805,0.70625269256089,0.95125,0,0
7806,0.70627266599581,0.9515,0,0
7807,0.70629263943074,0.95175,0,0
7808,0.70631261286567,0.952,0,0
7809,0.7063325863006,0.95225,0,0
7810,0.70635255973553,0.9525,0,0
7811,0.70637253317046,0.95275,0,0
7812,0.70639250660539,0.953,0,0
7813,0.70641248004032,0.95325,0,0
7814,0.70643245347524,0.9535,0,0
7815,0.70645242691017,0.95375,0,0
7816,0.7064724003451,0.954,0,0
7817,0.70649237378003,0.95425,0,0
7818,0.70651234721496,0.9545,0,0
7819,0.70653232064989,0.95475,0,0
7820,0.70655229408482,0.955,0,0
7821,0.70657226751974,0.95525,0,0
7822,0.70659224095467,0.9555,0,0
7823,0.7066122143896,0.95575,0,0
7824,0.70663218782453,0.956,0,0
7825,0.70665216125946,0.95625,0,0
7826,0.70667213469439,0.9565,0,0
7827,0.70669210812932,0.95675,0,0
7828,0.70671208156425,0.957,0,0
7829,0.70673205499917,0.95725,0,0
7830,0.7067520284341,0.9575,0,0
7831,0.70677200186903,0.95775,0,0
7832,0.70679197530396,0.958,0,0
7833,0.70681194873889,0.95825,0,0
7834,0.70683192217382,0.9585,0,0
7835,0.70685189560875,0.95875,0,0
7836,0.70687186904367,0.959,0,0
7837,0.7068918424786,0.95925,0,0
7838,0.70691181591353,0.9595,0,0
7839,0.70693178934846,0.95975,0,0
7840,0.70695176278339,0.96,0,0
7841,0.70697173621832,0.96025,0,0
7842,0.70699170965325,0.9605,0,0
7843,0.70701168308818,0.96075,0,0
7844,0.7070316565231,0.961,0,0
7845,0.70705162995803,0.96125,0,0
7846,0.70707160339296,0.9615,0,0
7847,0.70709157682789,0.96175,0,0
7848,0.70711155026282,0.962,0,0
7849,0.70713152369775,0.96225,0,0
7850,0.70715149713268,0.9625,0,0
7851,0.7071714705676,0.96275,0,0
7852,0.70719144400253,0.963,0,0
7853,0.70721141743746,0.96325,0,0
7854,0.70723139087239,0.9635,0,0
7855,0.70725136430732,0.96375,0,0
7856,0.70727133774225,0.964,0,0
7857,0.70729131117718,0.96425,0,0
7858,0.70731128461211,0.9645,0,0
7859,0.70733125804703,0.96475,0,0
7860,0.70735123148196,0.965,0,0
7861,0.70737120491689,0.96525,0,0
7862,0.70739117835182,0.9655,0,0
7863,0.70741115178675,0.96575,0,0
7864,0.70743112522168,0.966,0,0
7865,0.70745109865661,0.96625,0,0
7866,0.70747107209153,0.9665,0,0
7867,0.70749104552646,0.96675,0,0
7868,0.70751101896139,0.967,0,0
7869,0.70753099239632,0.96725,0,0
7870,0.70755096583125,0.9675,0,0
7871,0.70757093926618,0.96775,0,0
7872,0.70759091270111,0.968,0,0
7873,0.70761088613604,0.96825,0,0
7874,0.70763085957096,0.9685,0,0
7875,0.70765083300589,0.96875,0,0
7876,0.70767080644082,0.969,0,0
7877,0.70769077987575,0.96925,0,0
7878,0.70771075331068,0.9695,0,0
7879,0.70773072674561,0.96975,0,0
7880,0.70775070018054,0.97,0,0
7881,0.70777067361546,0.97025,0,0
7882,0.70779064705039,0.9705,0,0
7883,0.70781062048532,0.97075,0,0
7884,0.70783059392025,0.971,0,0
7885,0.70785056735518,0.97125,0,0
7886,0.70787054079011,0.9715,0,0
7887,0.70789051422504,0.97175,0,0
7888,0.70791048765997,0.972,0,0
7889,0.70793046109489,0.97225,0,0
7890,0.70795043452982,0.9725,0,0
7891,0.70797040796475,0.97275,0,0
7892,0.70799038139968,0.973,0,0
7893,0.70801035483461,0.97325,0,0
7894,0.70803032826954,0.9735,0,0
7895,0.70805030170447,0.97375,0,0
7896,0.70807027513939,0.974,0,0
7897,0.70809024857432,0.97425,0,0
7898,0.70811022200925,0.9745,0,0
7899,0.70813019544418,0.97475,0,0
7900,0.70815016887911,0.975,0,0
7901,0.70817014231404,0.97525,0,0
7902,0.70819011574897,0.9755,0,0
7903,0.7082100891839,0.97575,0,0
7904,0.70823006261882,0.976,0,0
7905,0.70825003605375,0.97625,0,0
7906,0.70827000948868,0.9765,0,0
7907,0.70828998292361,0.97675,0,0
7908,0.70830995635854,0.977,0,0
7909,0.70832992979347,0.97725,0,0
7910,0.7083499032284,0.9775,0,0
7911,0.70836987666332,0.97775,0,0
7912,0.70838985009825,0.978,0,0
7913,0.70840982353318,0.97825,0,0
7914,0.70842979696811,0.9785,0,0
7915,0.70844977040304,0.97875,0,0
7916,0.70846974383797,0.979,0,0
7917,0.7084897172729,0.97925,0,0
7918,0.70850969070783,0.9795,0,0
7919,0.70852966414275,0.97975,0,0
7920,0.70854963757768,0.98,0,0
7921,0.70856961101261,0.98025,0,0
7922,0.70858958444754,0.9805,0,0
7923,0.70860955788247,0.98075,0,0
7924,0.7086295313174,0.981,0,0
7925,0.70864950475233,0.98125,0,0
7926,0.70866947818725,0.9815,0,0
7927,0.70868945162218,0.98175,0,0
7928,0.70870942505711,0.982,0,0
7929,0.70872939849204,0.98225,0,0
7930,0.70874937192697,0.9825,0,0
7931,0.7087693453619,0.98275,0,0
7932,0.70878931879683,0.983,0,0
7933,0.70880929223176,0.98325,0,0
7934,0.70882926566668,0.9835,0,0
7935,0.70884923910161,0.98375,0,0
7936,0.70886921253654,0.984,0,0
7937,0.70888918597147,0.98425,0,0
7938,0.7089091594064,0.9845,0,0
7939,0.70892913284133,0.98475,0,0
7940,0.70894910627626,0.985,0,0
7941,0.70896907971118,0.98525,0,0
7942,0.70898905314611,0.9855,0,0
7943,0.70900902658104,0.98575,0,0
7944,0.70902900001597,0.986,0,0
7945,0.7090489734509,0.98625,0,0
7946,0.70906894688583,0.9865,0,0
7947,0.70908892032076,0.98675,0,0
7948,0.70910889375569,0.987,0,0
7949,0.70912886719061,0.98725,0,0
7950,0.70914884062554,0.9875,0,0
7951,0.70916881406047,0.98775,0,0
7952,0.7091887874954,0.988,0,0
7953,0.70920876093033,0.98825,0,0
7954,0.70922873436526,0.9885,0,0
7955,0.70924870780019,0.98875,0,0
7956,0.70926868123511,0.989,0,0
7957,0.70928865467004,0.98925,0,0
7958,0.70930862810497,0.9895,0,0
7959,0.7093286015399,0.98975,0,0
7960,0.70934857497483,0.99,0,0
7961,0.70936854840976,0.99025,0,0
7962,0.70938852184469,0.9905,0,0
7963,0.70940849527961,0.99075,0,0
7964,0.70942846871454,0.991,0,0
7965,0.70944844214947,0.99125,0,0
7966,0.7094684155844,0.9915,0,0
7967,0.70948838901933,0.99175,0,0
7968,0.70950836245426,0.992,0,0
7969,0.70952833588919,0.99225,0,0
7970,0.70954830932412,0.9925,0,0
7971,0.70956828275904,0.99275,0,0
7972,0.70958825619397,0.993,0,0
7973,0.7096082296289,0.99325,0,0
7974,0.70962820306383,0.9935,0,0
7975,0.70964817649876,0.99375,0,0
7976,0.70966814993369,0.994,0,0
7977,0.70968812336862,0.99425,0,0
7978,0.70970809680355,0.9945,0,0
7979,0.70972807023847,0.99475,0,0
7980,0.7097480436734,0.995,0,0
7981,0.70976801710834,0.99525,0,0
7982,0.70978799054322,0.9955,0,0
7983,0.70980796397838,0.99575,0,0
7984,0.70982793741212,0.996,0,0
7985,0.70984791085312,0.99625,0,0
7986,0.70986788425716,0.9965,0,0
7987,0.70988785784925,0.99675,0,0
7988,0.70990783048442,0.997,0,0
7989,0.70992780798924,0.99725,0,0
7990,0.70994776071297,0.9975,0,0
7991,0.70996783954474,0.99775,0,0
7992,0.70998727662764,0.998,0,0
7993,0.7100099794987,0.99825,0,0
7994,0.71001606324302,0.9985,0,0
7995,0.71010672202331,0.99875,0,0
7996,0.70976704650618,0.999,0,0
7997,0.71161879931092,0.99925,0,0
7998,0.70235748455044,0.9995,0,0
7999,0.75068043804912,0.99975,0,0
8000,0.52978251292452,1,0,0
