ci,id,x,y,z
0.70138516868715,0,-2,0,0
0.70138516875324,1,-1.9995,0,0
0.70138516895149,2,-1.999,0,0
0.70138516928192,3,-1.9985,0,0
0.70138516974452,4,-1.998,0,0
0.70138517033928,5,-1.9975,0,0
0.70138517106622,6,-1.997,0,0
0.70138517192533,7,-1.9965,0,0
0.70138517291661,8,-1.996,0,0
0.70138517404006,9,-1.9955,0,0
0.70138517529568,10,-1.995,0,0
0.70138517668347,11,-1.9945,0,0
0.70138517820343,12,-1.994,0,0
0.70138517985556,13,-1.9935,0,0
0.70138518163986,14,-1.993,0,0
0.70138518355633,15,-1.9925,0,0
0.70138518560497,16,-1.992,0,0
0.70138518778579,17,-1.9915,0,0
0.70138519009877,18,-1.991,0,0
0.70138519254393,19,-1.9905,0,0
0.70138519512125,20,-1.99,0,0
0.70138519783075,21,-1.9895,0,0
0.70138520067241,22,-1.989,0,0
0.70138520364625,23,-1.9885,0,0
0.70138520675225,24,-1.988,0,0
0.70138520999043,25,-1.9875,0,0
0.70138521336078,26,-1.987,0,0
0.7013852168633,27,-1.9865,0,0
0.70138522049798,28,-1.986,0,0
0.70138522426484,29,-1.9855,0,0
0.70138522816387,30,-1.985,0,0
0.70138523219507,31,-1.9845,0,0
0.70138523635844,32,-1.984,0,0
0.70138524065398,33,-1.9835,0,0
0.70138524508169,34,-1.983,0,0
0.70138524964158,35,-1.9825,0,0
0.70138525433363,36,-1.982,0,0
0.70138525915785,37,-1.9815,0,0
0.70138526411424,38,-1.981,0,0
0.70138526920281,39,-1.9805,0,0
0.70138527442354,40,-1.98,0,0
0.70138527977644,41,-1.9795,0,0
0.70138528526152,42,-1.979,0,0
0.70138529087876,43,-1.9785,0,0
0.70138529662818,44,-1.978,0,0
0.70138530250976,45,-1.9775,0,0
0.70138530852352,46,-1.977,0,0
0.70138531466945,47,-1.9765,0,0
0.70138532094754,48,-1.976,0,0
0.70138532735781,49,-1.9755,0,0
0.70138533390025,50,-1.975,0,0
0.70138534057486,51,-1.9745,0,0
0.70138534738163,52,-1.974,0,0
0.70138535432058,53,-1.9735,0,0
0.7013853613917,54,-1.973,0,0
0.70138536859499,55,-1.9725,0,0
0.70138537593045,56,-1.972,0,0
0.70138538339808,57,-1.9715,0,0
0.70138539099788,58,-1.971,0,0
0.70138539872985,59,-1.9705,0,0
0.70138540659399,60,-1.97,0,0
0.7013854145903,61,-1.9695,0,0
0.70138542271878,62,-1.969,0,0
0.70138543097944,63,-1.9685,0,0
0.70138543937226,64,-1.968,0,0
0.70138544789725,65,-1.9675,0,0
0.70138545655441,66,-1.967,0,0
0.70138546534375,67,-1.9665,0,0
0.70138547426525,68,-1.966,0,0
0.70138548331892,69,-1.9655,0,0
0.70138549250477,70,-1.965,0,0
0.70138550182278,71,-1.9645,0,0
0.70138551127296,72,-1.964,0,0
0.70138552085532,73,-1.9635,0,0
0.70138553056984,74,-1.963,0,0
0.70138554041654,75,-1.9625,0,0
0.7013855503954,76,-1.962,0,0
0.70138556050644,77,-1.9615,0,0
0.70138557074964,78,-1.961,0,0
0.70138558112502,79,-1.9605,0,0
0.70138559163256,80,-1.96,0,0
0.70138560227228,81,-1.9595,0,0
0.70138561304416,82,-1.959,0,0
0.70138562394822,83,-1.9585,0,0
0.70138563498445,84,-1.958,0,0
0.70138564615284,85,-1.9575,0,0
0.70138565745341,86,-1.957,0,0
0.70138566888614,87,-1.9565,0,0
0.70138568045105,88,-1.956,0,0
0.70138569214813,89,-1.9555,0,0
0.70138570397737,90,-1.955,0,0
0.70138571593879,91,-1.9545,0,0
0.70138572803238,92,-1.954,0,0
0.70138574025813,93,-1.9535,0,0
0.70138575261606,94,-1.953,0,0
0.70138576510616,95,-1.9525,0,0
0.70138577772842,96,-1.952,0,0
0.70138579048286,97,-1.9515,0,0
0.70138580336947,98,-1.951,0,0
0.70138581638824,99,-1.9505,0,0
0.70138582953919,100,-1.95,0,0
0.70138584282231,101,-1.9495,0,0
0.70138585623759,102,-1.949,0,0
0.70138586978505,103,-1.9485,0,0
0.70138588346468,104,-1.948,0,0
0.70138589727647,105,-1.9475,0,0
0.70138591122044,106,-1.947,0,0
0.70138592529657,107,-1.9465,0,0
0.70138593950488,108,-1.946,0,0
0.70138595384536,109,-1.9455,0,0
0.701385968318,110,-1.945,0,0
0.70138598292282,111,-1.9445,0,0
0.7013859976598,112,-1.944,0,0
0.70138601252896,113,-1.9435,0,0
0.70138602753028,114,-1.943,0,0
0.70138604266378,115,-1.9425,0,0
0.70138605792944,116,-1.942,0,0
0.70138607332728,117,-1.9415,0,0
0.70138608885728,118,-1.941,0,0
0.70138610451945,119,-1.9405,0,0
0.7013861203138,120,-1.94,0,0
0.70138613624031,121,-1.9395,0,0
0.70138615229899,122,-1.939,0,0
0.70138616848984,123,-1.9385,0,0
0.70138618481287,124,-1.938,0,0
0.70138620126806,125,-1.9375,0,0
0.70138621785542,126,-1.937,0,0
0.70138623457495,127,-1.9365,0,0
0.70138625142665,128,-1.936,0,0
0.70138626841052,129,-1.9355,0,0
0.70138628552656,130,-1.935,0,0
0.70138630277477,131,-1.9345,0,0
0.70138632015515,132,-1.934,0,0
0.7013863376677,133,-1.9335,0,0
0.70138635531242,134,-1.933,0,0
0.7013863730893,135,-1.9325,0,0
0.70138639099836,136,-1.932,0,0
0.70138640903959,137,-1.9315,0,0
0.70138642721298,138,-1.931,0,0
0.70138644551855,139,-1.9305,0,0
0.70138646395628,140,-1.93,0,0
0.70138648252619,141,-1.9295,0,0
0.70138650122826,142,-1.929,0,0
0.7013865200625,143,-1.9285,0,0
0.70138653902892,144,-1.928,0,0
0.7013865581275,145,-1.9275,0,0
0.70138657735825,146,-1.927,0,0
0.70138659672117,147,-1.9265,0,0
0.70138661621626,148,-1.926,0,0
0.70138663584352,149,-1.9255,0,0
0.70138665560295,150,-1.925,0,0
0.70138667549454,151,-1.9245,0,0
0.70138669551831,152,-1.924,0,0
0.70138671567425,153,-1.9235,0,0
0.70138673596235,154,-1.923,0,0
0.70138675638263,155,-1.9225,0,0
0.70138677693507,156,-1.922,0,0
0.70138679761968,157,-1.9215,0,0
0.70138681843646,158,-1.921,0,0
0.70138683938542,159,-1.9205,0,0
0.70138686046654,160,-1.92,0,0
0.70138688167982,161,-1.9195,0,0
0.70138690302528,162,-1.919,0,0
0.70138692450291,163,-1.9185,0,0
0.70138694611271,164,-1.918,0,0
0.70138696785467,165,-1.9175,0,0
0.70138698972881,166,-1.917,0,0
0.70138701173511,167,-1.9165,0,0
0.70138703387358,168,-1.916,0,0
0.70138705614422,169,-1.9155,0,0
0.70138707854703,170,-1.915,0,0
0.70138710108201,171,-1.9145,0,0
0.70138712374916,172,-1.914,0,0
0.70138714654848,173,-1.9135,0,0
0.70138716947996,174,-1.913,0,0
0.70138719254362,175,-1.9125,0,0
0.70138721573944,176,-1.912,0,0
0.70138723906743,177,-1.9115,0,0
0.70138726252759,178,-1.911,0,0
0.70138728611992,179,-1.9105,0,0
0.70138730984442,180,-1.91,0,0
0.70138733370109,181,-1.9095,0,0
0.70138735768992,182,-1.909,0,0
0.70138738181093,183,-1.9085,0,0
0.7013874060641,184,-1.908,0,0
0.70138743044944,185,-1.9075,0,0
0.70138745496695,186,-1.907,0,0
0.70138747961663,187,-1.9065,0,0
0.70138750439848,188,-1.906,0,0
0.7013875293125,189,-1.9055,0,0
0.70138755435868,190,-1.905,0,0
0.70138757953703,191,-1.9045,0,0
0.70138760484756,192,-1.904,0,0
0.70138763029025,193,-1.9035,0,0
0.7013876558651,194,-1.903,0,0
0.70138768157213,195,-1.9025,0,0
0.70138770741133,196,-1.902,0,0
0.70138773338269,197,-1.9015,0,0
0.70138775948622,198,-1.901,0,0
0.70138778572192,199,-1.9005,0,0
0.70138781208979,200,-1.9,0,0
0.70138783858983,201,-1.8995,0,0
0.70138786522203,202,-1.899,0,0
0.70138789198641,203,-1.8985,0,0
0.70138791888295,204,-1.898,0,0
0.70138794591166,205,-1.8975,0,0
0.70138797307254,206,-1.897,0,0
0.70138800036558,207,-1.8965,0,0
0.7013880277908,208,-1.896,0,0
0.70138805534818,209,-1.8955,0,0
0.70138808303773,210,-1.895,0,0
0.70138811085945,211,-1.8945,0,0
0.70138813881334,212,-1.894,0,0
0.70138816689939,213,-1.8935,0,0
0.70138819511761,214,-1.893,0,0
0.701388223468,215,-1.8925,0,0
0.70138825195056,216,-1.892,0,0
0.70138828056529,217,-1.8915,0,0
0.70138830931218,218,-1.891,0,0
0.70138833819125,219,-1.8905,0,0
0.70138836720248,220,-1.89,0,0
0.70138839634587,221,-1.8895,0,0
0.70138842562144,222,-1.889,0,0
0.70138845502917,223,-1.8885,0,0
0.70138848456908,224,-1.888,0,0
0.70138851424114,225,-1.8875,0,0
0.70138854404538,226,-1.887,0,0
0.70138857398179,227,-1.8865,0,0
0.70138860405036,228,-1.886,0,0
0.7013886342511,229,-1.8855,0,0
0.70138866458401,230,-1.885,0,0
0.70138869504908,231,-1.8845,0,0
0.70138872564632,232,-1.884,0,0
0.70138875637573,233,-1.8835,0,0
0.70138878723731,234,-1.883,0,0
0.70138881823106,235,-1.8825,0,0
0.70138884935697,236,-1.882,0,0
0.70138888061505,237,-1.8815,0,0
0.7013889120053,238,-1.881,0,0
0.70138894352771,239,-1.8805,0,0
0.70138897518229,240,-1.88,0,0
0.70138900696904,241,-1.8795,0,0
0.70138903888796,242,-1.879,0,0
0.70138907093904,243,-1.8785,0,0
0.70138910312229,244,-1.878,0,0
0.70138913543771,245,-1.8775,0,0
0.7013891678853,246,-1.877,0,0
0.70138920046505,247,-1.8765,0,0
0.70138923317697,248,-1.876,0,0
0.70138926602106,249,-1.8755,0,0
0.70138929899731,250,-1.875,0,0
0.70138933210573,251,-1.8745,0,0
0.70138936534632,252,-1.874,0,0
0.70138939871908,253,-1.8735,0,0
0.701389432224,254,-1.873,0,0
0.70138946586109,255,-1.8725,0,0
0.70138949963034,256,-1.872,0,0
0.70138953353177,257,-1.8715,0,0
0.70138956756536,258,-1.871,0,0
0.70138960173111,259,-1.8705,0,0
0.70138963602903,260,-1.87,0,0
0.70138967045913,261,-1.8695,0,0
0.70138970502138,262,-1.869,0,0
0.70138973971581,263,-1.8685,0,0
0.7013897745424,264,-1.868,0,0
0.70138980950115,265,-1.8675,0,0
0.70138984459208,266,-1.867,0,0
0.70138987981517,267,-1.8665,0,0
0.70138991517042,268,-1.866,0,0
0.70138995065785,269,-1.8655,0,0
0.70138998627744,270,-1.865,0,0
0.70139002202919,271,-1.8645,0,0
0.70139005791311,272,-1.864,0,0
0.7013900939292,273,-1.8635,0,0
0.70139013007746,274,-1.863,0,0
0.70139016635788,275,-1.8625,0,0
0.70139020277047,276,-1.862,0,0
0.70139023931522,277,-1.8615,0,0
0.70139027599214,278,-1.861,0,0
0.70139031280123,279,-1.8605,0,0
0.70139034974248,280,-1.86,0,0
0.7013903868159,281,-1.8595,0,0
0.70139042402149,282,-1.859,0,0
0.70139046135924,283,-1.8585,0,0
0.70139049882916,284,-1.858,0,0
0.70139053643124,285,-1.8575,0,0
0.70139057416549,286,-1.857,0,0
0.70139061203191,287,-1.8565,0,0
0.70139065003049,288,-1.856,0,0
0.70139068816124,289,-1.8555,0,0
0.70139072642415,290,-1.855,0,0
0.70139076481923,291,-1.8545,0,0
0.70139080334648,292,-1.854,0,0
0.70139084200589,293,-1.8535,0,0
0.70139088079746,294,-1.853,0,0
0.70139091972121,295,-1.8525,0,0
0.70139095877711,296,-1.852,0,0
0.70139099796519,297,-1.8515,0,0
0.70139103728543,298,-1.851,0,0
0.70139107673783,299,-1.8505,0,0
0.7013911163224,300,-1.85,0,0
0.70139115603914,301,-1.8495,0,0
0.70139119588804,302,-1.849,0,0
0.70139123586911,303,-1.8485,0,0
0.70139127598234,304,-1.848,0,0
0.70139131622774,305,-1.8475,0,0
0.7013913566053,306,-1.847,0,0
0.70139139711503,307,-1.8465,0,0
0.70139143775692,308,-1.846,0,0
0.70139147853098,309,-1.8455,0,0
0.70139151943721,310,-1.845,0,0
0.7013915604756,311,-1.8445,0,0
0.70139160164615,312,-1.844,0,0
0.70139164294887,313,-1.8435,0,0
0.70139168438376,314,-1.843,0,0
0.70139172595081,315,-1.8425,0,0
0.70139176765002,316,-1.842,0,0
0.7013918094814,317,-1.8415,0,0
0.70139185144495,318,-1.841,0,0
0.70139189354066,319,-1.8405,0,0
0.70139193576853,320,-1.84,0,0
0.70139197812857,321,-1.8395,0,0
0.70139202062078,322,-1.839,0,0
0.70139206324515,323,-1.8385,0,0
0.70139210600168,324,-1.838,0,0
0.70139214889038,325,-1.8375,0,0
0.70139219191124,326,-1.837,0,0
0.70139223506427,327,-1.8365,0,0
0.70139227834946,328,-1.836,0,0
0.70139232176682,329,-1.8355,0,0
0.70139236531634,330,-1.835,0,0
0.70139240899803,331,-1.8345,0,0
0.70139245281188,332,-1.834,0,0
0.7013924967579,333,-1.8335,0,0
0.70139254083608,334,-1.833,0,0
0.70139258504642,335,-1.8325,0,0
0.70139262938893,336,-1.832,0,0
0.7013926738636,337,-1.8315,0,0
0.70139271847044,338,-1.831,0,0
0.70139276320944,339,-1.8305,0,0
0.7013928080806,340,-1.83,0,0
0.70139285308393,341,-1.8295,0,0
0.70139289821943,342,-1.829,0,0
0.70139294348708,343,-1.8285,0,0
0.7013929888869,344,-1.828,0,0
0.70139303441889,345,-1.8275,0,0
0.70139308008304,346,-1.827,0,0
0.70139312587935,347,-1.8265,0,0
0.70139317180783,348,-1.826,0,0
0.70139321786847,349,-1.8255,0,0
0.70139326406127,350,-1.825,0,0
0.70139331038624,351,-1.8245,0,0
0.70139335684337,352,-1.824,0,0
0.70139340343267,353,-1.8235,0,0
0.70139345015413,354,-1.823,0,0
0.70139349700775,355,-1.8225,0,0
0.70139354399354,356,-1.822,0,0
0.70139359111149,357,-1.8215,0,0
0.7013936383616,358,-1.821,0,0
0.70139368574388,359,-1.8205,0,0
0.70139373325832,360,-1.82,0,0
0.70139378090492,361,-1.8195,0,0
0.70139382868369,362,-1.819,0,0
0.70139387659462,363,-1.8185,0,0
0.70139392463771,364,-1.818,0,0
0.70139397281297,365,-1.8175,0,0
0.70139402112039,366,-1.817,0,0
0.70139406955997,367,-1.8165,0,0
0.70139411813172,368,-1.816,0,0
0.70139416683563,369,-1.8155,0,0
0.7013942156717,370,-1.815,0,0
0.70139426463994,371,-1.8145,0,0
0.70139431374033,372,-1.814,0,0
0.70139436297289,373,-1.8135,0,0
0.70139441233762,374,-1.813,0,0
0.7013944618345,375,-1.8125,0,0
0.70139451146355,376,-1.812,0,0
0.70139456122476,377,-1.8115,0,0
0.70139461111814,378,-1.811,0,0
0.70139466114368,379,-1.8105,0,0
0.70139471130138,380,-1.81,0,0
0.70139476159124,381,-1.8095,0,0
0.70139481201326,382,-1.809,0,0
0.70139486256745,383,-1.8085,0,0
0.7013949132538,384,-1.808,0,0
0.70139496407231,385,-1.8075,0,0
0.70139501502298,386,-1.807,0,0
0.70139506610582,387,-1.8065,0,0
0.70139511732082,388,-1.806,0,0
0.70139516866798,389,-1.8055,0,0
0.7013952201473,390,-1.805,0,0
0.70139527175879,391,-1.8045,0,0
0.70139532350244,392,-1.804,0,0
0.70139537537825,393,-1.8035,0,0
0.70139542738622,394,-1.803,0,0
0.70139547952635,395,-1.8025,0,0
0.70139553179864,396,-1.802,0,0
0.7013955842031,397,-1.8015,0,0
0.70139563673972,398,-1.801,0,0
0.7013956894085,399,-1.8005,0,0
0.70139574220944,400,-1.8,0,0
0.70139579514255,401,-1.7995,0,0
0.70139584820781,402,-1.799,0,0
0.70139590140524,403,-1.7985,0,0
0.70139595473483,404,-1.798,0,0
0.70139600819658,405,-1.7975,0,0
0.70139606179049,406,-1.797,0,0
0.70139611551656,407,-1.7965,0,0
0.7013961693748,408,-1.796,0,0
0.70139622336519,409,-1.7955,0,0
0.70139627748775,410,-1.795,0,0
0.70139633174247,411,-1.7945,0,0
0.70139638612935,412,-1.794,0,0
0.70139644064839,413,-1.7935,0,0
0.70139649529959,414,-1.793,0,0
0.70139655008295,415,-1.7925,0,0
0.70139660499847,416,-1.792,0,0
0.70139666004616,417,-1.7915,0,0
0.701396715226,418,-1.791,0,0
0.70139677053801,419,-1.7905,0,0
0.70139682598218,420,-1.79,0,0
0.70139688155851,421,-1.7895,0,0
0.70139693726699,422,-1.789,0,0
0.70139699310764,423,-1.7885,0,0
0.70139704908045,424,-1.788,0,0
0.70139710518542,425,-1.7875,0,0
0.70139716142256,426,-1.787,0,0
0.70139721779185,427,-1.7865,0,0
0.7013972742933,428,-1.786,0,0
0.70139733092691,429,-1.7855,0,0
0.70139738769268,430,-1.785,0,0
0.70139744459062,431,-1.7845,0,0
0.70139750162071,432,-1.784,0,0
0.70139755878296,433,-1.7835,0,0
0.70139761607738,434,-1.783,0,0
0.70139767350395,435,-1.7825,0,0
0.70139773106268,436,-1.782,0,0
0.70139778875358,437,-1.7815,0,0
0.70139784657663,438,-1.781,0,0
0.70139790453185,439,-1.7805,0,0
0.70139796261922,440,-1.78,0,0
0.70139802083875,441,-1.7795,0,0
0.70139807919045,442,-1.779,0,0
0.7013981376743,443,-1.7785,0,0
0.70139819629031,444,-1.778,0,0
0.70139825503848,445,-1.7775,0,0
0.70139831391882,446,-1.777,0,0
0.70139837293131,447,-1.7765,0,0
0.70139843207596,448,-1.776,0,0
0.70139849135277,449,-1.7755,0,0
0.70139855076174,450,-1.775,0,0
0.70139861030287,451,-1.7745,0,0
0.70139866997615,452,-1.774,0,0
0.7013987297816,453,-1.7735,0,0
0.70139878971921,454,-1.773,0,0
0.70139884978897,455,-1.7725,0,0
0.7013989099909,456,-1.772,0,0
0.70139897032498,457,-1.7715,0,0
0.70139903079122,458,-1.771,0,0
0.70139909138963,459,-1.7705,0,0
0.70139915212019,460,-1.77,0,0
0.70139921298291,461,-1.7695,0,0
0.70139927397778,462,-1.769,0,0
0.70139933510482,463,-1.7685,0,0
0.70139939636402,464,-1.768,0,0
0.70139945775537,465,-1.7675,0,0
0.70139951927888,466,-1.767,0,0
0.70139958093456,467,-1.7665,0,0
0.70139964272238,468,-1.766,0,0
0.70139970464237,469,-1.7655,0,0
0.70139976669452,470,-1.765,0,0
0.70139982887882,471,-1.7645,0,0
0.70139989119529,472,-1.764,0,0
0.70139995364391,473,-1.7635,0,0
0.70140001622469,474,-1.763,0,0
0.70140007893763,475,-1.7625,0,0
0.70140014178272,476,-1.762,0,0
0.70140020475998,477,-1.7615,0,0
0.70140026786939,478,-1.761,0,0
0.70140033111096,479,-1.7605,0,0
0.70140039448468,480,-1.76,0,0
0.70140045799057,481,-1.7595,0,0
0.70140052162861,482,-1.759,0,0
0.70140058539881,483,-1.7585,0,0
0.70140064930117,484,-1.758,0,0
0.70140071333569,485,-1.7575,0,0
0.70140077750236,486,-1.757,0,0
0.70140084180119,487,-1.7565,0,0
0.70140090623218,488,-1.756,0,0
0.70140097079532,489,-1.7555,0,0
0.70140103549063,490,-1.755,0,0
0.70140110031809,491,-1.7545,0,0
0.7014011652777,492,-1.754,0,0
0.70140123036948,493,-1.7535,0,0
0.70140129559341,494,-1.753,0,0
0.7014013609495,495,-1.7525,0,0
0.70140142643774,496,-1.752,0,0
0.70140149205815,497,-1.7515,0,0
0.70140155781071,498,-1.751,0,0
0.70140162369542,499,-1.7505,0,0
0.7014016897123,500,-1.75,0,0
0.70140175586132,501,-1.7495,0,0
0.70140182214251,502,-1.749,0,0
0.70140188855585,503,-1.7485,0,0
0.70140195510135,504,-1.748,0,0
0.70140202177901,505,-1.7475,0,0
0.70140208858882,506,-1.747,0,0
0.70140215553079,507,-1.7465,0,0
0.70140222260492,508,-1.746,0,0
0.7014022898112,509,-1.7455,0,0
0.70140235714963,510,-1.745,0,0
0.70140242462023,511,-1.7445,0,0
0.70140249222298,512,-1.744,0,0
0.70140255995788,513,-1.7435,0,0
0.70140262782495,514,-1.743,0,0
0.70140269582416,515,-1.7425,0,0
0.70140276395554,516,-1.742,0,0
0.70140283221907,517,-1.7415,0,0
0.70140290061475,518,-1.741,0,0
0.70140296914259,519,-1.7405,0,0
0.70140303780259,520,-1.74,0,0
0.70140310659474,521,-1.7395,0,0
0.70140317551905,522,-1.739,0,0
0.70140324457551,523,-1.7385,0,0
0.70140331376413,524,-1.738,0,0
0.7014033830849,525,-1.7375,0,0
0.70140345253783,526,-1.737,0,0
0.70140352212292,527,-1.7365,0,0
0.70140359184016,528,-1.736,0,0
0.70140366168955,529,-1.7355,0,0
0.7014037316711,530,-1.735,0,0
0.70140380178481,531,-1.7345,0,0
0.70140387203067,532,-1.734,0,0
0.70140394240868,533,-1.7335,0,0
0.70140401291885,534,-1.733,0,0
0.70140408356117,535,-1.7325,0,0
0.70140415433565,536,-1.732,0,0
0.70140422524229,537,-1.7315,0,0
0.70140429628107,538,-1.731,0,0
0.70140436745202,539,-1.7305,0,0
0.70140443875511,540,-1.73,0,0
0.70140451019037,541,-1.7295,0,0
0.70140458175777,542,-1.729,0,0
0.70140465345733,543,-1.7285,0,0
0.70140472528905,544,-1.728,0,0
0.70140479725291,545,-1.7275,0,0
0.70140486934894,546,-1.727,0,0
0.70140494157711,547,-1.7265,0,0
0.70140501393744,548,-1.726,0,0
0.70140508642993,549,-1.7255,0,0
0.70140515905457,550,-1.725,0,0
0.70140523181136,551,-1.7245,0,0
0.70140530470031,552,-1.724,0,0
0.70140537772141,553,-1.7235,0,0
0.70140545087466,554,-1.723,0,0
0.70140552416007,555,-1.7225,0,0
0.70140559757763,556,-1.722,0,0
0.70140567112734,557,-1.7215,0,0
0.70140574480921,558,-1.721,0,0
0.70140581862323,559,-1.7205,0,0
0.7014058925694,560,-1.72,0,0
0.70140596664773,561,-1.7195,0,0
0.70140604085821,562,-1.719,0,0
0.70140611520084,563,-1.7185,0,0
0.70140618967563,564,-1.718,0,0
0.70140626428257,565,-1.7175,0,0
0.70140633902166,566,-1.717,0,0
0.70140641389291,567,-1.7165,0,0
0.7014064888963,568,-1.716,0,0
0.70140656403185,569,-1.7155,0,0
0.70140663929956,570,-1.715,0,0
0.70140671469941,571,-1.7145,0,0
0.70140679023142,572,-1.714,0,0
0.70140686589558,573,-1.7135,0,0
0.7014069416919,574,-1.713,0,0
0.70140701762036,575,-1.7125,0,0
0.70140709368098,576,-1.712,0,0
0.70140716987375,577,-1.7115,0,0
0.70140724619867,578,-1.711,0,0
0.70140732265574,579,-1.7105,0,0
0.70140739924497,580,-1.71,0,0
0.70140747596635,581,-1.7095,0,0
0.70140755281988,582,-1.709,0,0
0.70140762980556,583,-1.7085,0,0
0.70140770692339,584,-1.708,0,0
0.70140778417338,585,-1.7075,0,0
0.70140786155551,586,-1.707,0,0
0.7014079390698,587,-1.7065,0,0
0.70140801671624,588,-1.706,0,0
0.70140809449483,589,-1.7055,0,0
0.70140817240558,590,-1.705,0,0
0.70140825044847,591,-1.7045,0,0
0.70140832862352,592,-1.704,0,0
0.70140840693071,593,-1.7035,0,0
0.70140848537006,594,-1.703,0,0
0.70140856394156,595,-1.7025,0,0
0.70140864264521,596,-1.702,0,0
0.70140872148101,597,-1.7015,0,0
0.70140880044896,598,-1.701,0,0
0.70140887954906,599,-1.7005,0,0
0.70140895878131,600,-1.7,0,0
0.70140903814572,601,-1.6995,0,0
0.70140911764227,602,-1.699,0,0
0.70140919727097,603,-1.6985,0,0
0.70140927703183,604,-1.698,0,0
0.70140935692483,605,-1.6975,0,0
0.70140943694999,606,-1.697,0,0
0.7014095171073,607,-1.6965,0,0
0.70140959739675,608,-1.696,0,0
0.70140967781836,609,-1.6955,0,0
0.70140975837211,610,-1.695,0,0
0.70140983905802,611,-1.6945,0,0
0.70140991987608,612,-1.694,0,0
0.70141000082628,613,-1.6935,0,0
0.70141008190864,614,-1.693,0,0
0.70141016312314,615,-1.6925,0,0
0.7014102444698,616,-1.692,0,0
0.7014103259486,617,-1.6915,0,0
0.70141040755956,618,-1.691,0,0
0.70141048930266,619,-1.6905,0,0
0.70141057117791,620,-1.69,0,0
0.70141065318531,621,-1.6895,0,0
0.70141073532486,622,-1.689,0,0
0.70141081759657,623,-1.6885,0,0
0.70141090000041,624,-1.688,0,0
0.70141098253641,625,-1.6875,0,0
0.70141106520456,626,-1.687,0,0
0.70141114800486,627,-1.6865,0,0
0.7014112309373,628,-1.686,0,0
0.7014113140019,629,-1.6855,0,0
0.70141139719864,630,-1.685,0,0
0.70141148052753,631,-1.6845,0,0
0.70141156398857,632,-1.684,0,0
0.70141164758176,633,-1.6835,0,0
0.70141173130709,634,-1.683,0,0
0.70141181516458,635,-1.6825,0,0
0.70141189915421,636,-1.682,0,0
0.70141198327599,637,-1.6815,0,0
0.70141206752992,638,-1.681,0,0
0.701412151916,639,-1.6805,0,0
0.70141223643423,640,-1.68,0,0
0.7014123210846,641,-1.6795,0,0
0.70141240586712,642,-1.679,0,0
0.70141249078179,643,-1.6785,0,0
0.70141257582861,644,-1.678,0,0
0.70141266100757,645,-1.6775,0,0
0.70141274631868,646,-1.677,0,0
0.70141283176194,647,-1.6765,0,0
0.70141291733735,648,-1.676,0,0
0.7014130030449,649,-1.6755,0,0
0.7014130888846,650,-1.675,0,0
0.70141317485645,651,-1.6745,0,0
0.70141326096045,652,-1.674,0,0
0.70141334719659,653,-1.6735,0,0
0.70141343356488,654,-1.673,0,0
0.70141352006532,655,-1.6725,0,0
0.7014136066979,656,-1.672,0,0
0.70141369346263,657,-1.6715,0,0
0.70141378035951,658,-1.671,0,0
0.70141386738853,659,-1.6705,0,0
0.7014139545497,660,-1.67,0,0
0.70141404184302,661,-1.6695,0,0
0.70141412926848,662,-1.669,0,0
0.70141421682609,663,-1.6685,0,0
0.70141430451585,664,-1.668,0,0
0.70141439233775,665,-1.6675,0,0
0.70141448029179,666,-1.667,0,0
0.70141456837799,667,-1.6665,0,0
0.70141465659633,668,-1.666,0,0
0.70141474494681,669,-1.6655,0,0
0.70141483342945,670,-1.665,0,0
0.70141492204422,671,-1.6645,0,0
0.70141501079115,672,-1.664,0,0
0.70141509967021,673,-1.6635,0,0
0.70141518868143,674,-1.663,0,0
0.70141527782479,675,-1.6625,0,0
0.70141536710029,676,-1.662,0,0
0.70141545650794,677,-1.6615,0,0
0.70141554604774,678,-1.661,0,0
0.70141563571968,679,-1.6605,0,0
0.70141572552376,680,-1.66,0,0
0.70141581545999,681,-1.6595,0,0
0.70141590552837,682,-1.659,0,0
0.70141599572889,683,-1.6585,0,0
0.70141608606155,684,-1.658,0,0
0.70141617652636,685,-1.6575,0,0
0.70141626712332,686,-1.657,0,0
0.70141635785242,687,-1.6565,0,0
0.70141644871366,688,-1.656,0,0
0.70141653970705,689,-1.6555,0,0
0.70141663083258,690,-1.655,0,0
0.70141672209026,691,-1.6545,0,0
0.70141681348008,692,-1.654,0,0
0.70141690500204,693,-1.6535,0,0
0.70141699665615,694,-1.653,0,0
0.7014170884424,695,-1.6525,0,0
0.7014171803608,696,-1.652,0,0
0.70141727241134,697,-1.6515,0,0
0.70141736459402,698,-1.651,0,0
0.70141745690885,699,-1.6505,0,0
0.70141754935582,700,-1.65,0,0
0.70141764193494,701,-1.6495,0,0
0.70141773464619,702,-1.649,0,0
0.70141782748959,703,-1.6485,0,0
0.70141792046514,704,-1.648,0,0
0.70141801357283,705,-1.6475,0,0
0.70141810681266,706,-1.647,0,0
0.70141820018463,707,-1.6465,0,0
0.70141829368875,708,-1.646,0,0
0.70141838732501,709,-1.6455,0,0
0.70141848109341,710,-1.645,0,0
0.70141857499395,711,-1.6445,0,0
0.70141866902664,712,-1.644,0,0
0.70141876319147,713,-1.6435,0,0
0.70141885748844,714,-1.643,0,0
0.70141895191756,715,-1.6425,0,0
0.70141904647881,716,-1.642,0,0
0.70141914117221,717,-1.6415,0,0
0.70141923599776,718,-1.641,0,0
0.70141933095544,719,-1.6405,0,0
0.70141942604526,720,-1.64,0,0
0.70141952126723,721,-1.6395,0,0
0.70141961662134,722,-1.639,0,0
0.70141971210759,723,-1.6385,0,0
0.70141980772599,724,-1.638,0,0
0.70141990347652,725,-1.6375,0,0
0.7014199993592,726,-1.637,0,0
0.70142009537401,727,-1.6365,0,0
0.70142019152097,728,-1.636,0,0
0.70142028780007,729,-1.6355,0,0
0.70142038421131,730,-1.635,0,0
0.70142048075469,731,-1.6345,0,0
0.70142057743022,732,-1.634,0,0
0.70142067423788,733,-1.6335,0,0
0.70142077117769,734,-1.633,0,0
0.70142086824963,735,-1.6325,0,0
0.70142096545372,736,-1.632,0,0
0.70142106278995,737,-1.6315,0,0
0.70142116025831,738,-1.631,0,0
0.70142125785882,739,-1.6305,0,0
0.70142135559147,740,-1.63,0,0
0.70142145345626,741,-1.6295,0,0
0.70142155145319,742,-1.629,0,0
0.70142164958226,743,-1.6285,0,0
0.70142174784347,744,-1.628,0,0
0.70142184623681,745,-1.6275,0,0
0.7014219447623,746,-1.627,0,0
0.70142204341993,747,-1.6265,0,0
0.7014221422097,748,-1.626,0,0
0.70142224113161,749,-1.6255,0,0
0.70142234018566,750,-1.625,0,0
0.70142243937184,751,-1.6245,0,0
0.70142253869017,752,-1.624,0,0
0.70142263814063,753,-1.6235,0,0
0.70142273772324,754,-1.623,0,0
0.70142283743798,755,-1.6225,0,0
0.70142293728487,756,-1.622,0,0
0.70142303726389,757,-1.6215,0,0
0.70142313737505,758,-1.621,0,0
0.70142323761835,759,-1.6205,0,0
0.70142333799379,760,-1.62,0,0
0.70142343850137,761,-1.6195,0,0
0.70142353914108,762,-1.619,0,0
0.70142363991294,763,-1.6185,0,0
0.70142374081693,764,-1.618,0,0
0.70142384185306,765,-1.6175,0,0
0.70142394302133,766,-1.617,0,0
0.70142404432174,767,-1.6165,0,0
0.70142414575428,768,-1.616,0,0
0.70142424731897,769,-1.6155,0,0
0.70142434901579,770,-1.615,0,0
0.70142445084475,771,-1.6145,0,0
0.70142455280584,772,-1.614,0,0
0.70142465489908,773,-1.6135,0,0
0.70142475712445,774,-1.613,0,0
0.70142485948196,775,-1.6125,0,0
0.70142496197161,776,-1.612,0,0
0.70142506459339,777,-1.6115,0,0
0.70142516734731,778,-1.611,0,0
0.70142527023337,779,-1.6105,0,0
0.70142537325156,780,-1.61,0,0
0.7014254764019,781,-1.6095,0,0
0.70142557968437,782,-1.609,0,0
0.70142568309897,783,-1.6085,0,0
0.70142578664571,784,-1.608,0,0
0.70142589032459,785,-1.6075,0,0
0.70142599413561,786,-1.607,0,0
0.70142609807876,787,-1.6065,0,0
0.70142620215405,788,-1.606,0,0
0.70142630636147,789,-1.6055,0,0
0.70142641070103,790,-1.605,0,0
0.70142651517273,791,-1.6045,0,0
0.70142661977656,792,-1.604,0,0
0.70142672451253,793,-1.6035,0,0
0.70142682938064,794,-1.603,0,0
0.70142693438088,795,-1.6025,0,0
0.70142703951325,796,-1.602,0,0
0.70142714477777,797,-1.6015,0,0
0.70142725017441,798,-1.601,0,0
0.7014273557032,799,-1.6005,0,0
0.70142746136411,800,-1.6,0,0
0.70142756715717,801,-1.5995,0,0
0.70142767308235,802,-1.599,0,0
0.70142777913968,803,-1.5985,0,0
0.70142788532913,804,-1.598,0,0
0.70142799165073,805,-1.5975,0,0
0.70142809810445,806,-1.597,0,0
0.70142820469032,807,-1.5965,0,0
0.70142831140831,808,-1.596,0,0
0.70142841825844,809,-1.5955,0,0
0.70142852524071,810,-1.595,0,0
0.70142863235511,811,-1.5945,0,0
0.70142873960164,812,-1.594,0,0
0.70142884698031,813,-1.5935,0,0
0.70142895449112,814,-1.593,0,0
0.70142906213405,815,-1.5925,0,0
0.70142916990912,816,-1.592,0,0
0.70142927781633,817,-1.5915,0,0
0.70142938585566,818,-1.591,0,0
0.70142949402713,819,-1.5905,0,0
0.70142960233074,820,-1.59,0,0
0.70142971076648,821,-1.5895,0,0
0.70142981933435,822,-1.589,0,0
0.70142992803435,823,-1.5885,0,0
0.70143003686649,824,-1.588,0,0
0.70143014583076,825,-1.5875,0,0
0.70143025492717,826,-1.587,0,0
0.7014303641557,827,-1.5865,0,0
0.70143047351637,828,-1.586,0,0
0.70143058300917,829,-1.5855,0,0
0.70143069263411,830,-1.585,0,0
0.70143080239118,831,-1.5845,0,0
0.70143091228038,832,-1.584,0,0
0.70143102230171,833,-1.5835,0,0
0.70143113245517,834,-1.583,0,0
0.70143124274077,835,-1.5825,0,0
0.7014313531585,836,-1.582,0,0
0.70143146370836,837,-1.5815,0,0
0.70143157439035,838,-1.581,0,0
0.70143168520447,839,-1.5805,0,0
0.70143179615073,840,-1.58,0,0
0.70143190722912,841,-1.5795,0,0
0.70143201843963,842,-1.579,0,0
0.70143212978228,843,-1.5785,0,0
0.70143224125707,844,-1.578,0,0
0.70143235286398,845,-1.5775,0,0
0.70143246460302,846,-1.577,0,0
0.7014325764742,847,-1.5765,0,0
0.7014326884775,848,-1.576,0,0
0.70143280061294,849,-1.5755,0,0
0.70143291288051,850,-1.575,0,0
0.7014330252802,851,-1.5745,0,0
0.70143313781203,852,-1.574,0,0
0.70143325047599,853,-1.5735,0,0
0.70143336327208,854,-1.573,0,0
0.7014334762003,855,-1.5725,0,0
0.70143358926065,856,-1.572,0,0
0.70143370245313,857,-1.5715,0,0
0.70143381577774,858,-1.571,0,0
0.70143392923448,859,-1.5705,0,0
0.70143404282335,860,-1.57,0,0
0.70143415654435,861,-1.5695,0,0
0.70143427039748,862,-1.569,0,0
0.70143438438273,863,-1.5685,0,0
0.70143449850012,864,-1.568,0,0
0.70143461274964,865,-1.5675,0,0
0.70143472713129,866,-1.567,0,0
0.70143484164506,867,-1.5665,0,0
0.70143495629097,868,-1.566,0,0
0.701435071069,869,-1.5655,0,0
0.70143518597916,870,-1.565,0,0
0.70143530102145,871,-1.5645,0,0
0.70143541619587,872,-1.564,0,0
0.70143553150242,873,-1.5635,0,0
0.7014356469411,874,-1.563,0,0
0.7014357625119,875,-1.5625,0,0
0.70143587821483,876,-1.562,0,0
0.7014359940499,877,-1.5615,0,0
0.70143611001709,878,-1.561,0,0
0.7014362261164,879,-1.5605,0,0
0.70143634234785,880,-1.56,0,0
0.70143645871142,881,-1.5595,0,0
0.70143657520712,882,-1.559,0,0
0.70143669183495,883,-1.5585,0,0
0.70143680859491,884,-1.558,0,0
0.70143692548699,885,-1.5575,0,0
0.7014370425112,886,-1.557,0,0
0.70143715966754,887,-1.5565,0,0
0.701437276956,888,-1.556,0,0
0.70143739437659,889,-1.5555,0,0
0.70143751192931,890,-1.555,0,0
0.70143762961416,891,-1.5545,0,0
0.70143774743113,892,-1.554,0,0
0.70143786538023,893,-1.5535,0,0
0.70143798346146,894,-1.553,0,0
0.70143810167481,895,-1.5525,0,0
0.70143822002029,896,-1.552,0,0
0.70143833849789,897,-1.5515,0,0
0.70143845710762,898,-1.551,0,0
0.70143857584948,899,-1.5505,0,0
0.70143869472346,900,-1.55,0,0
0.70143881372957,901,-1.5495,0,0
0.7014389328678,902,-1.549,0,0
0.70143905213816,903,-1.5485,0,0
0.70143917154065,904,-1.548,0,0
0.70143929107526,905,-1.5475,0,0
0.70143941074199,906,-1.547,0,0
0.70143953054086,907,-1.5465,0,0
0.70143965047184,908,-1.546,0,0
0.70143977053495,909,-1.5455,0,0
0.70143989073019,910,-1.545,0,0
0.70144001105755,911,-1.5445,0,0
0.70144013151704,912,-1.544,0,0
0.70144025210865,913,-1.5435,0,0
0.70144037283238,914,-1.543,0,0
0.70144049368824,915,-1.5425,0,0
0.70144061467622,916,-1.542,0,0
0.70144073579633,917,-1.5415,0,0
0.70144085704856,918,-1.541,0,0
0.70144097843292,919,-1.5405,0,0
0.7014410999494,920,-1.54,0,0
0.701441221598,921,-1.5395,0,0
0.70144134337873,922,-1.539,0,0
0.70144146529158,923,-1.5385,0,0
0.70144158733656,924,-1.538,0,0
0.70144170951365,925,-1.5375,0,0
0.70144183182288,926,-1.537,0,0
0.70144195426422,927,-1.5365,0,0
0.70144207683769,928,-1.536,0,0
0.70144219954328,929,-1.5355,0,0
0.70144232238099,930,-1.535,0,0
0.70144244535083,931,-1.5345,0,0
0.70144256845279,932,-1.534,0,0
0.70144269168687,933,-1.5335,0,0
0.70144281505307,934,-1.533,0,0
0.7014429385514,935,-1.5325,0,0
0.70144306218185,936,-1.532,0,0
0.70144318594442,937,-1.5315,0,0
0.70144330983911,938,-1.531,0,0
0.70144343386593,939,-1.5305,0,0
0.70144355802486,940,-1.53,0,0
0.70144368231592,941,-1.5295,0,0
0.7014438067391,942,-1.529,0,0
0.7014439312944,943,-1.5285,0,0
0.70144405598183,944,-1.528,0,0
0.70144418080137,945,-1.5275,0,0
0.70144430575304,946,-1.527,0,0
0.70144443083682,947,-1.5265,0,0
0.70144455605273,948,-1.526,0,0
0.70144468140076,949,-1.5255,0,0
0.70144480688091,950,-1.525,0,0
0.70144493249318,951,-1.5245,0,0
0.70144505823757,952,-1.524,0,0
0.70144518411408,953,-1.5235,0,0
0.70144531012272,954,-1.523,0,0
0.70144543626347,955,-1.5225,0,0
0.70144556253634,956,-1.522,0,0
0.70144568894133,957,-1.5215,0,0
0.70144581547845,958,-1.521,0,0
0.70144594214768,959,-1.5205,0,0
0.70144606894903,960,-1.52,0,0
0.7014461958825,961,-1.5195,0,0
0.70144632294809,962,-1.519,0,0
0.70144645014581,963,-1.5185,0,0
0.70144657747564,964,-1.518,0,0
0.70144670493759,965,-1.5175,0,0
0.70144683253165,966,-1.517,0,0
0.70144696025784,967,-1.5165,0,0
0.70144708811615,968,-1.516,0,0
0.70144721610657,969,-1.5155,0,0
0.70144734422912,970,-1.515,0,0
0.70144747248378,971,-1.5145,0,0
0.70144760087056,972,-1.514,0,0
0.70144772938946,973,-1.5135,0,0
0.70144785804048,974,-1.513,0,0
0.70144798682362,975,-1.5125,0,0
0.70144811573887,976,-1.512,0,0
0.70144824478624,977,-1.5115,0,0
0.70144837396573,978,-1.511,0,0
0.70144850327734,979,-1.5105,0,0
0.70144863272106,980,-1.51,0,0
0.70144876229691,981,-1.5095,0,0
0.70144889200487,982,-1.509,0,0
0.70144902184495,983,-1.5085,0,0
0.70144915181714,984,-1.508,0,0
0.70144928192145,985,-1.5075,0,0
0.70144941215788,986,-1.507,0,0
0.70144954252643,987,-1.5065,0,0
0.70144967302709,988,-1.506,0,0
0.70144980365987,989,-1.5055,0,0
0.70144993442476,990,-1.505,0,0
0.70145006532178,991,-1.5045,0,0
0.7014501963509,992,-1.504,0,0
0.70145032751215,993,-1.5035,0,0
0.70145045880551,994,-1.503,0,0
0.70145059023099,995,-1.5025,0,0
0.70145072178858,996,-1.502,0,0
0.70145085347829,997,-1.5015,0,0
0.70145098530011,998,-1.501,0,0
0.70145111725405,999,-1.5005,0,0
0.70145124934011,1000,-1.5,0,0
0.70145138155828,1001,-1.4995,0,0
0.70145151390856,1002,-1.499,0,0
0.70145164639097,1003,-1.4985,0,0
0.70145177900548,1004,-1.498,0,0
0.70145191175211,1005,-1.4975,0,0
0.70145204463086,1006,-1.497,0,0
0.70145217764172,1007,-1.4965,0,0
0.70145231078469,1008,-1.496,0,0
0.70145244405978,1009,-1.4955,0,0
0.70145257746699,1010,-1.495,0,0
0.7014527110063,1011,-1.4945,0,0
0.70145284467774,1012,-1.494,0,0
0.70145297848128,1013,-1.4935,0,0
0.70145311241694,1014,-1.493,0,0
0.70145324648472,1015,-1.4925,0,0
0.7014533806846,1016,-1.492,0,0
0.7014535150166,1017,-1.4915,0,0
0.70145364948072,1018,-1.491,0,0
0.70145378407695,1019,-1.4905,0,0
0.70145391880529,1020,-1.49,0,0
0.70145405366574,1021,-1.4895,0,0
0.70145418865831,1022,-1.489,0,0
0.70145432378299,1023,-1.4885,0,0
0.70145445903978,1024,-1.488,0,0
0.70145459442869,1025,-1.4875,0,0
0.70145472994971,1026,-1.487,0,0
0.70145486560284,1027,-1.4865,0,0
0.70145500138808,1028,-1.486,0,0
0.70145513730543,1029,-1.4855,0,0
0.7014552733549,1030,-1.485,0,0
0.70145540953648,1031,-1.4845,0,0
0.70145554585017,1032,-1.484,0,0
0.70145568229597,1033,-1.4835,0,0
0.70145581887389,1034,-1.483,0,0
0.70145595558391,1035,-1.4825,0,0
0.70145609242605,1036,-1.482,0,0
0.7014562294003,1037,-1.4815,0,0
0.70145636650666,1038,-1.481,0,0
0.70145650374513,1039,-1.4805,0,0
0.70145664111571,1040,-1.48,0,0
0.70145677861841,1041,-1.4795,0,0
0.70145691625321,1042,-1.479,0,0
0.70145705402012,1043,-1.4785,0,0
0.70145719191915,1044,-1.478,0,0
0.70145732995028,1045,-1.4775,0,0
0.70145746811353,1046,-1.477,0,0
0.70145760640888,1047,-1.4765,0,0
0.70145774483635,1048,-1.476,0,0
0.70145788339592,1049,-1.4755,0,0
0.70145802208761,1050,-1.475,0,0
0.7014581609114,1051,-1.4745,0,0
0.70145829986731,1052,-1.474,0,0
0.70145843895532,1053,-1.4735,0,0
0.70145857817544,1054,-1.473,0,0
0.70145871752768,1055,-1.4725,0,0
0.70145885701202,1056,-1.472,0,0
0.70145899662847,1057,-1.4715,0,0
0.70145913637703,1058,-1.471,0,0
0.7014592762577,1059,-1.4705,0,0
0.70145941627047,1060,-1.47,0,0
0.70145955641536,1061,-1.4695,0,0
0.70145969669235,1062,-1.469,0,0
0.70145983710145,1063,-1.4685,0,0
0.70145997764267,1064,-1.468,0,0
0.70146011831598,1065,-1.4675,0,0
0.70146025912141,1066,-1.467,0,0
0.70146040005894,1067,-1.4665,0,0
0.70146054112859,1068,-1.466,0,0
0.70146068233033,1069,-1.4655,0,0
0.70146082366419,1070,-1.465,0,0
0.70146096513016,1071,-1.4645,0,0
0.70146110672823,1072,-1.464,0,0
0.70146124845841,1073,-1.4635,0,0
0.70146139032069,1074,-1.463,0,0
0.70146153231508,1075,-1.4625,0,0
0.70146167444158,1076,-1.462,0,0
0.70146181670019,1077,-1.4615,0,0
0.7014619590909,1078,-1.461,0,0
0.70146210161372,1079,-1.4605,0,0
0.70146224426865,1080,-1.46,0,0
0.70146238705568,1081,-1.4595,0,0
0.70146252997481,1082,-1.459,0,0
0.70146267302606,1083,-1.4585,0,0
0.70146281620941,1084,-1.458,0,0
0.70146295952486,1085,-1.4575,0,0
0.70146310297242,1086,-1.457,0,0
0.70146324655209,1087,-1.4565,0,0
0.70146339026386,1088,-1.456,0,0
0.70146353410773,1089,-1.4555,0,0
0.70146367808372,1090,-1.455,0,0
0.7014638221918,1091,-1.4545,0,0
0.70146396643199,1092,-1.454,0,0
0.70146411080429,1093,-1.4535,0,0
0.70146425530869,1094,-1.453,0,0
0.70146439994519,1095,-1.4525,0,0
0.7014645447138,1096,-1.452,0,0
0.70146468961452,1097,-1.4515,0,0
0.70146483464734,1098,-1.451,0,0
0.70146497981226,1099,-1.4505,0,0
0.70146512510928,1100,-1.45,0,0
0.70146527053841,1101,-1.4495,0,0
0.70146541609965,1102,-1.449,0,0
0.70146556179298,1103,-1.4485,0,0
0.70146570761842,1104,-1.448,0,0
0.70146585357597,1105,-1.4475,0,0
0.70146599966561,1106,-1.447,0,0
0.70146614588736,1107,-1.4465,0,0
0.70146629224121,1108,-1.446,0,0
0.70146643872717,1109,-1.4455,0,0
0.70146658534523,1110,-1.445,0,0
0.70146673209539,1111,-1.4445,0,0
0.70146687897765,1112,-1.444,0,0
0.70146702599202,1113,-1.4435,0,0
0.70146717313848,1114,-1.443,0,0
0.70146732041705,1115,-1.4425,0,0
0.70146746782772,1116,-1.442,0,0
0.7014676153705,1117,-1.4415,0,0
0.70146776304537,1118,-1.441,0,0
0.70146791085235,1119,-1.4405,0,0
0.70146805879143,1120,-1.44,0,0
0.7014682068626,1121,-1.4395,0,0
0.70146835506589,1122,-1.439,0,0
0.70146850340127,1123,-1.4385,0,0
0.70146865186875,1124,-1.438,0,0
0.70146880046833,1125,-1.4375,0,0
0.70146894920002,1126,-1.437,0,0
0.7014690980638,1127,-1.4365,0,0
0.70146924705969,1128,-1.436,0,0
0.70146939618767,1129,-1.4355,0,0
0.70146954544776,1130,-1.435,0,0
0.70146969483994,1131,-1.4345,0,0
0.70146984436423,1132,-1.434,0,0
0.70146999402061,1133,-1.4335,0,0
0.7014701438091,1134,-1.433,0,0
0.70147029372968,1135,-1.4325,0,0
0.70147044378237,1136,-1.432,0,0
0.70147059396715,1137,-1.4315,0,0
0.70147074428403,1138,-1.431,0,0
0.70147089473301,1139,-1.4305,0,0
0.70147104531409,1140,-1.43,0,0
0.70147119602727,1141,-1.4295,0,0
0.70147134687255,1142,-1.429,0,0
0.70147149784993,1143,-1.4285,0,0
0.7014716489594,1144,-1.428,0,0
0.70147180020098,1145,-1.4275,0,0
0.70147195157465,1146,-1.427,0,0
0.70147210308042,1147,-1.4265,0,0
0.70147225471829,1148,-1.426,0,0
0.70147240648825,1149,-1.4255,0,0
0.70147255839031,1150,-1.425,0,0
0.70147271042447,1151,-1.4245,0,0
0.70147286259073,1152,-1.424,0,0
0.70147301488909,1153,-1.4235,0,0
0.70147316731954,1154,-1.423,0,0
0.70147331988209,1155,-1.4225,0,0
0.70147347257674,1156,-1.422,0,0
0.70147362540348,1157,-1.4215,0,0
0.70147377836232,1158,-1.421,0,0
0.70147393145326,1159,-1.4205,0,0
0.70147408467629,1160,-1.42,0,0
0.70147423803142,1161,-1.4195,0,0
0.70147439151865,1162,-1.419,0,0
0.70147454513797,1163,-1.4185,0,0
0.70147469888938,1164,-1.418,0,0
0.7014748527729,1165,-1.4175,0,0
0.70147500678851,1166,-1.417,0,0
0.70147516093621,1167,-1.4165,0,0
0.70147531521601,1168,-1.416,0,0
0.70147546962791,1169,-1.4155,0,0
0.7014756241719,1170,-1.415,0,0
0.70147577884798,1171,-1.4145,0,0
0.70147593365616,1172,-1.414,0,0
0.70147608859644,1173,-1.4135,0,0
0.7014762436688,1174,-1.413,0,0
0.70147639887327,1175,-1.4125,0,0
0.70147655420983,1176,-1.412,0,0
0.70147670967848,1177,-1.4115,0,0
0.70147686527923,1178,-1.411,0,0
0.70147702101207,1179,-1.4105,0,0
0.701477176877,1180,-1.41,0,0
0.70147733287403,1181,-1.4095,0,0
0.70147748900315,1182,-1.409,0,0
0.70147764526437,1183,-1.4085,0,0
0.70147780165767,1184,-1.408,0,0
0.70147795818308,1185,-1.4075,0,0
0.70147811484057,1186,-1.407,0,0
0.70147827163016,1187,-1.4065,0,0
0.70147842855184,1188,-1.406,0,0
0.70147858560561,1189,-1.4055,0,0
0.70147874279148,1190,-1.405,0,0
0.70147890010944,1191,-1.4045,0,0
0.70147905755949,1192,-1.404,0,0
0.70147921514163,1193,-1.4035,0,0
0.70147937285586,1194,-1.403,0,0
0.70147953070219,1195,-1.4025,0,0
0.70147968868061,1196,-1.402,0,0
0.70147984679112,1197,-1.4015,0,0
0.70148000503372,1198,-1.401,0,0
0.70148016340841,1199,-1.4005,0,0
0.70148032191519,1200,-1.4,0,0
0.70148048055407,1201,-1.3995,0,0
0.70148063932503,1202,-1.399,0,0
0.70148079822809,1203,-1.3985,0,0
0.70148095726324,1204,-1.398,0,0
0.70148111643048,1205,-1.3975,0,0
0.7014812757298,1206,-1.397,0,0
0.70148143516122,1207,-1.3965,0,0
0.70148159472473,1208,-1.396,0,0
0.70148175442033,1209,-1.3955,0,0
0.70148191424802,1210,-1.395,0,0
0.7014820742078,1211,-1.3945,0,0
0.70148223429966,1212,-1.394,0,0
0.70148239452362,1213,-1.3935,0,0
0.70148255487967,1214,-1.393,0,0
0.7014827153678,1215,-1.3925,0,0
0.70148287598803,1216,-1.392,0,0
0.70148303674034,1217,-1.3915,0,0
0.70148319762475,1218,-1.391,0,0
0.70148335864124,1219,-1.3905,0,0
0.70148351978982,1220,-1.39,0,0
0.70148368107049,1221,-1.3895,0,0
0.70148384248324,1222,-1.389,0,0
0.70148400402809,1223,-1.3885,0,0
0.70148416570502,1224,-1.388,0,0
0.70148432751404,1225,-1.3875,0,0
0.70148448945515,1226,-1.387,0,0
0.70148465152835,1227,-1.3865,0,0
0.70148481373363,1228,-1.386,0,0
0.701484976071,1229,-1.3855,0,0
0.70148513854046,1230,-1.385,0,0
0.70148530114201,1231,-1.3845,0,0
0.70148546387564,1232,-1.384,0,0
0.70148562674136,1233,-1.3835,0,0
0.70148578973916,1234,-1.383,0,0
0.70148595286905,1235,-1.3825,0,0
0.70148611613103,1236,-1.382,0,0
0.7014862795251,1237,-1.3815,0,0
0.70148644305125,1238,-1.381,0,0
0.70148660670949,1239,-1.3805,0,0
0.70148677049981,1240,-1.38,0,0
0.70148693442222,1241,-1.3795,0,0
0.70148709847671,1242,-1.379,0,0
0.70148726266329,1243,-1.3785,0,0
0.70148742698195,1244,-1.378,0,0
0.7014875914327,1245,-1.3775,0,0
0.70148775601554,1246,-1.377,0,0
0.70148792073046,1247,-1.3765,0,0
0.70148808557746,1248,-1.376,0,0
0.70148825055655,1249,-1.3755,0,0
0.70148841566773,1250,-1.375,0,0
0.70148858091098,1251,-1.3745,0,0
0.70148874628633,1252,-1.374,0,0
0.70148891179375,1253,-1.3735,0,0
0.70148907743326,1254,-1.373,0,0
0.70148924320486,1255,-1.3725,0,0
0.70148940910853,1256,-1.372,0,0
0.7014895751443,1257,-1.3715,0,0
0.70148974131214,1258,-1.371,0,0
0.70148990761207,1259,-1.3705,0,0
0.70149007404408,1260,-1.37,0,0
0.70149024060817,1261,-1.3695,0,0
0.70149040730435,1262,-1.369,0,0
0.70149057413261,1263,-1.3685,0,0
0.70149074109295,1264,-1.368,0,0
0.70149090818537,1265,-1.3675,0,0
0.70149107540988,1266,-1.367,0,0
0.70149124276647,1267,-1.3665,0,0
0.70149141025514,1268,-1.366,0,0
0.70149157787589,1269,-1.3655,0,0
0.70149174562872,1270,-1.365,0,0
0.70149191351364,1271,-1.3645,0,0
0.70149208153064,1272,-1.364,0,0
0.70149224967972,1273,-1.3635,0,0
0.70149241796087,1274,-1.363,0,0
0.70149258637411,1275,-1.3625,0,0
0.70149275491944,1276,-1.362,0,0
0.70149292359684,1277,-1.3615,0,0
0.70149309240632,1278,-1.361,0,0
0.70149326134788,1279,-1.3605,0,0
0.70149343042153,1280,-1.36,0,0
0.70149359962725,1281,-1.3595,0,0
0.70149376896505,1282,-1.359,0,0
0.70149393843494,1283,-1.3585,0,0
0.7014941080369,1284,-1.358,0,0
0.70149427777094,1285,-1.3575,0,0
0.70149444763706,1286,-1.357,0,0
0.70149461763526,1287,-1.3565,0,0
0.70149478776554,1288,-1.356,0,0
0.7014949580279,1289,-1.3555,0,0
0.70149512842234,1290,-1.355,0,0
0.70149529894886,1291,-1.3545,0,0
0.70149546960745,1292,-1.354,0,0
0.70149564039813,1293,-1.3535,0,0
0.70149581132088,1294,-1.353,0,0
0.70149598237571,1295,-1.3525,0,0
0.70149615356262,1296,-1.352,0,0
0.70149632488161,1297,-1.3515,0,0
0.70149649633267,1298,-1.351,0,0
0.70149666791581,1299,-1.3505,0,0
0.70149683963103,1300,-1.35,0,0
0.70149701147833,1301,-1.3495,0,0
0.7014971834577,1302,-1.349,0,0
0.70149735556915,1303,-1.3485,0,0
0.70149752781268,1304,-1.348,0,0
0.70149770018828,1305,-1.3475,0,0
0.70149787269596,1306,-1.347,0,0
0.70149804533572,1307,-1.3465,0,0
0.70149821810755,1308,-1.346,0,0
0.70149839101146,1309,-1.3455,0,0
0.70149856404745,1310,-1.345,0,0
0.70149873721551,1311,-1.3445,0,0
0.70149891051565,1312,-1.344,0,0
0.70149908394786,1313,-1.3435,0,0
0.70149925751215,1314,-1.343,0,0
0.70149943120851,1315,-1.3425,0,0
0.70149960503695,1316,-1.342,0,0
0.70149977899747,1317,-1.3415,0,0
0.70149995309005,1318,-1.341,0,0
0.70150012731472,1319,-1.3405,0,0
0.70150030167146,1320,-1.34,0,0
0.70150047616027,1321,-1.3395,0,0
0.70150065078115,1322,-1.339,0,0
0.70150082553412,1323,-1.3385,0,0
0.70150100041915,1324,-1.338,0,0
0.70150117543626,1325,-1.3375,0,0
0.70150135058544,1326,-1.337,0,0
0.7015015258667,1327,-1.3365,0,0
0.70150170128003,1328,-1.336,0,0
0.70150187682543,1329,-1.3355,0,0
0.7015020525029,1330,-1.335,0,0
0.70150222831245,1331,-1.3345,0,0
0.70150240425407,1332,-1.334,0,0
0.70150258032777,1333,-1.3335,0,0
0.70150275653353,1334,-1.333,0,0
0.70150293287137,1335,-1.3325,0,0
0.70150310934128,1336,-1.332,0,0
0.70150328594327,1337,-1.3315,0,0
0.70150346267732,1338,-1.331,0,0
0.70150363954345,1339,-1.3305,0,0
0.70150381654164,1340,-1.33,0,0
0.70150399367191,1341,-1.3295,0,0
0.70150417093426,1342,-1.329,0,0
0.70150434832867,1343,-1.3285,0,0
0.70150452585515,1344,-1.328,0,0
0.70150470351371,1345,-1.3275,0,0
0.70150488130433,1346,-1.327,0,0
0.70150505922703,1347,-1.3265,0,0
0.70150523728179,1348,-1.326,0,0
0.70150541546863,1349,-1.3255,0,0
0.70150559378754,1350,-1.325,0,0
0.70150577223851,1351,-1.3245,0,0
0.70150595082156,1352,-1.324,0,0
0.70150612953667,1353,-1.3235,0,0
0.70150630838386,1354,-1.323,0,0
0.70150648736311,1355,-1.3225,0,0
0.70150666647444,1356,-1.322,0,0
0.70150684571783,1357,-1.3215,0,0
0.70150702509329,1358,-1.321,0,0
0.70150720460083,1359,-1.3205,0,0
0.70150738424043,1360,-1.32,0,0
0.70150756401209,1361,-1.3195,0,0
0.70150774391583,1362,-1.319,0,0
0.70150792395164,1363,-1.3185,0,0
0.70150810411951,1364,-1.318,0,0
0.70150828441945,1365,-1.3175,0,0
0.70150846485146,1366,-1.317,0,0
0.70150864541553,1367,-1.3165,0,0
0.70150882611168,1368,-1.316,0,0
0.70150900693989,1369,-1.3155,0,0
0.70150918790017,1370,-1.315,0,0
0.70150936899251,1371,-1.3145,0,0
0.70150955021692,1372,-1.314,0,0
0.7015097315734,1373,-1.3135,0,0
0.70150991306195,1374,-1.313,0,0
0.70151009468256,1375,-1.3125,0,0
0.70151027643524,1376,-1.312,0,0
0.70151045831998,1377,-1.3115,0,0
0.70151064033679,1378,-1.311,0,0
0.70151082248567,1379,-1.3105,0,0
0.70151100476661,1380,-1.31,0,0
0.70151118717961,1381,-1.3095,0,0
0.70151136972469,1382,-1.309,0,0
0.70151155240182,1383,-1.3085,0,0
0.70151173521102,1384,-1.308,0,0
0.70151191815229,1385,-1.3075,0,0
0.70151210122562,1386,-1.307,0,0
0.70151228443102,1387,-1.3065,0,0
0.70151246776848,1388,-1.306,0,0
0.70151265123801,1389,-1.3055,0,0
0.7015128348396,1390,-1.305,0,0
0.70151301857325,1391,-1.3045,0,0
0.70151320243897,1392,-1.304,0,0
0.70151338643675,1393,-1.3035,0,0
0.70151357056659,1394,-1.303,0,0
0.7015137548285,1395,-1.3025,0,0
0.70151393922247,1396,-1.302,0,0
0.7015141237485,1397,-1.3015,0,0
0.7015143084066,1398,-1.301,0,0
0.70151449319676,1399,-1.3005,0,0
0.70151467811898,1400,-1.3,0,0
0.70151486317326,1401,-1.2995,0,0
0.70151504835961,1402,-1.299,0,0
0.70151523367802,1403,-1.2985,0,0
0.70151541912849,1404,-1.298,0,0
0.70151560471102,1405,-1.2975,0,0
0.70151579042562,1406,-1.297,0,0
0.70151597627227,1407,-1.2965,0,0
0.70151616225099,1408,-1.296,0,0
0.70151634836177,1409,-1.2955,0,0
0.70151653460461,1410,-1.295,0,0
0.70151672097951,1411,-1.2945,0,0
0.70151690748647,1412,-1.294,0,0
0.70151709412549,1413,-1.2935,0,0
0.70151728089657,1414,-1.293,0,0
0.70151746779971,1415,-1.2925,0,0
0.70151765483491,1416,-1.292,0,0
0.70151784200218,1417,-1.2915,0,0
0.7015180293015,1418,-1.291,0,0
0.70151821673288,1419,-1.2905,0,0
0.70151840429632,1420,-1.29,0,0
0.70151859199182,1421,-1.2895,0,0
0.70151877981938,1422,-1.289,0,0
0.701518967779,1423,-1.2885,0,0
0.70151915587068,1424,-1.288,0,0
0.70151934409441,1425,-1.2875,0,0
0.70151953245021,1426,-1.287,0,0
0.70151972093806,1427,-1.2865,0,0
0.70151990955797,1428,-1.286,0,0
0.70152009830994,1429,-1.2855,0,0
0.70152028719396,1430,-1.285,0,0
0.70152047621005,1431,-1.2845,0,0
0.70152066535819,1432,-1.284,0,0
0.70152085463839,1433,-1.2835,0,0
0.70152104405065,1434,-1.283,0,0
0.70152123359496,1435,-1.2825,0,0
0.70152142327133,1436,-1.282,0,0
0.70152161307976,1437,-1.2815,0,0
0.70152180302025,1438,-1.281,0,0
0.70152199309279,1439,-1.2805,0,0
0.70152218329738,1440,-1.28,0,0
0.70152237363404,1441,-1.2795,0,0
0.70152256410275,1442,-1.279,0,0
0.70152275470351,1443,-1.2785,0,0
0.70152294543633,1444,-1.278,0,0
0.70152313630121,1445,-1.2775,0,0
0.70152332729814,1446,-1.277,0,0
0.70152351842713,1447,-1.2765,0,0
0.70152370968817,1448,-1.276,0,0
0.70152390108127,1449,-1.2755,0,0
0.70152409260642,1450,-1.275,0,0
0.70152428426362,1451,-1.2745,0,0
0.70152447605289,1452,-1.274,0,0
0.7015246679742,1453,-1.2735,0,0
0.70152486002757,1454,-1.273,0,0
0.70152505221299,1455,-1.2725,0,0
0.70152524453047,1456,-1.272,0,0
0.70152543698,1457,-1.2715,0,0
0.70152562956158,1458,-1.271,0,0
0.70152582227522,1459,-1.2705,0,0
0.70152601512091,1460,-1.27,0,0
0.70152620809865,1461,-1.2695,0,0
0.70152640120845,1462,-1.269,0,0
0.7015265944503,1463,-1.2685,0,0
0.7015267878242,1464,-1.268,0,0
0.70152698133015,1465,-1.2675,0,0
0.70152717496816,1466,-1.267,0,0
0.70152736873821,1467,-1.2665,0,0
0.70152756264032,1468,-1.266,0,0
0.70152775667448,1469,-1.2655,0,0
0.7015279508407,1470,-1.265,0,0
0.70152814513896,1471,-1.2645,0,0
0.70152833956928,1472,-1.264,0,0
0.70152853413164,1473,-1.2635,0,0
0.70152872882606,1474,-1.263,0,0
0.70152892365253,1475,-1.2625,0,0
0.70152911861104,1476,-1.262,0,0
0.70152931370161,1477,-1.2615,0,0
0.70152950892423,1478,-1.261,0,0
0.7015297042789,1479,-1.2605,0,0
0.70152989976562,1480,-1.26,0,0
0.70153009538439,1481,-1.2595,0,0
0.7015302911352,1482,-1.259,0,0
0.70153048701807,1483,-1.2585,0,0
0.70153068303299,1484,-1.258,0,0
0.70153087917995,1485,-1.2575,0,0
0.70153107545897,1486,-1.257,0,0
0.70153127187003,1487,-1.2565,0,0
0.70153146841314,1488,-1.256,0,0
0.7015316650883,1489,-1.2555,0,0
0.70153186189551,1490,-1.255,0,0
0.70153205883477,1491,-1.2545,0,0
0.70153225590607,1492,-1.254,0,0
0.70153245310943,1493,-1.2535,0,0
0.70153265044483,1494,-1.253,0,0
0.70153284791227,1495,-1.2525,0,0
0.70153304551177,1496,-1.252,0,0
0.70153324324331,1497,-1.2515,0,0
0.7015334411069,1498,-1.251,0,0
0.70153363910253,1499,-1.2505,0,0
0.70153383723022,1500,-1.25,0,0
0.70153403548994,1501,-1.2495,0,0
0.70153423388172,1502,-1.249,0,0
0.70153443240554,1503,-1.2485,0,0
0.70153463106141,1504,-1.248,0,0
0.70153482984932,1505,-1.2475,0,0
0.70153502876928,1506,-1.247,0,0
0.70153522782128,1507,-1.2465,0,0
0.70153542700533,1508,-1.246,0,0
0.70153562632142,1509,-1.2455,0,0
0.70153582576956,1510,-1.245,0,0
0.70153602534975,1511,-1.2445,0,0
0.70153622506197,1512,-1.244,0,0
0.70153642490625,1513,-1.2435,0,0
0.70153662488256,1514,-1.243,0,0
0.70153682499092,1515,-1.2425,0,0
0.70153702523133,1516,-1.242,0,0
0.70153722560378,1517,-1.2415,0,0
0.70153742610827,1518,-1.241,0,0
0.70153762674481,1519,-1.2405,0,0
0.70153782751339,1520,-1.24,0,0
0.70153802841401,1521,-1.2395,0,0
0.70153822944667,1522,-1.239,0,0
0.70153843061138,1523,-1.2385,0,0
0.70153863190813,1524,-1.238,0,0
0.70153883333693,1525,-1.2375,0,0
0.70153903489776,1526,-1.237,0,0
0.70153923659064,1527,-1.2365,0,0
0.70153943841556,1528,-1.236,0,0
0.70153964037252,1529,-1.2355,0,0
0.70153984246152,1530,-1.235,0,0
0.70154004468256,1531,-1.2345,0,0
0.70154024703565,1532,-1.234,0,0
0.70154044952078,1533,-1.2335,0,0
0.70154065213794,1534,-1.233,0,0
0.70154085488715,1535,-1.2325,0,0
0.7015410577684,1536,-1.232,0,0
0.70154126078169,1537,-1.2315,0,0
0.70154146392702,1538,-1.231,0,0
0.70154166720439,1539,-1.2305,0,0
0.7015418706138,1540,-1.23,0,0
0.70154207415525,1541,-1.2295,0,0
0.70154227782874,1542,-1.229,0,0
0.70154248163426,1543,-1.2285,0,0
0.70154268557183,1544,-1.228,0,0
0.70154288964144,1545,-1.2275,0,0
0.70154309384308,1546,-1.227,0,0
0.70154329817677,1547,-1.2265,0,0
0.70154350264249,1548,-1.226,0,0
0.70154370724025,1549,-1.2255,0,0
0.70154391197005,1550,-1.225,0,0
0.70154411683189,1551,-1.2245,0,0
0.70154432182576,1552,-1.224,0,0
0.70154452695167,1553,-1.2235,0,0
0.70154473220962,1554,-1.223,0,0
0.70154493759961,1555,-1.2225,0,0
0.70154514312164,1556,-1.222,0,0
0.7015453487757,1557,-1.2215,0,0
0.7015455545618,1558,-1.221,0,0
0.70154576047993,1559,-1.2205,0,0
0.7015459665301,1560,-1.22,0,0
0.70154617271231,1561,-1.2195,0,0
0.70154637902656,1562,-1.219,0,0
0.70154658547284,1563,-1.2185,0,0
0.70154679205115,1564,-1.218,0,0
0.7015469987615,1565,-1.2175,0,0
0.70154720560389,1566,-1.217,0,0
0.70154741257831,1567,-1.2165,0,0
0.70154761968477,1568,-1.216,0,0
0.70154782692326,1569,-1.2155,0,0
0.70154803429379,1570,-1.215,0,0
0.70154824179635,1571,-1.2145,0,0
0.70154844943095,1572,-1.214,0,0
0.70154865719758,1573,-1.2135,0,0
0.70154886509624,1574,-1.213,0,0
0.70154907312694,1575,-1.2125,0,0
0.70154928128967,1576,-1.212,0,0
0.70154948958444,1577,-1.2115,0,0
0.70154969801124,1578,-1.211,0,0
0.70154990657007,1579,-1.2105,0,0
0.70155011526094,1580,-1.21,0,0
0.70155032408383,1581,-1.2095,0,0
0.70155053303877,1582,-1.209,0,0
0.70155074212573,1583,-1.2085,0,0
0.70155095134472,1584,-1.208,0,0
0.70155116069575,1585,-1.2075,0,0
0.70155137017881,1586,-1.207,0,0
0.7015515797939,1587,-1.2065,0,0
0.70155178954103,1588,-1.206,0,0
0.70155199942018,1589,-1.2055,0,0
0.70155220943137,1590,-1.205,0,0
0.70155241957459,1591,-1.2045,0,0
0.70155262984983,1592,-1.204,0,0
0.70155284025711,1593,-1.2035,0,0
0.70155305079642,1594,-1.203,0,0
0.70155326146776,1595,-1.2025,0,0
0.70155347227113,1596,-1.202,0,0
0.70155368320653,1597,-1.2015,0,0
0.70155389427396,1598,-1.201,0,0
0.70155410547342,1599,-1.2005,0,0
0.70155431680491,1600,-1.2,0,0
0.70155452826843,1601,-1.1995,0,0
0.70155473986398,1602,-1.199,0,0
0.70155495159155,1603,-1.1985,0,0
0.70155516345116,1604,-1.198,0,0
0.70155537544279,1605,-1.1975,0,0
0.70155558756646,1606,-1.197,0,0
0.70155579982215,1607,-1.1965,0,0
0.70155601220987,1608,-1.196,0,0
0.70155622472961,1609,-1.1955,0,0
0.70155643738139,1610,-1.195,0,0
0.70155665016519,1611,-1.1945,0,0
0.70155686308102,1612,-1.194,0,0
0.70155707612888,1613,-1.1935,0,0
0.70155728930876,1614,-1.193,0,0
0.70155750262067,1615,-1.1925,0,0
0.70155771606461,1616,-1.192,0,0
0.70155792964058,1617,-1.1915,0,0
0.70155814334857,1618,-1.191,0,0
0.70155835718858,1619,-1.1905,0,0
0.70155857116063,1620,-1.19,0,0
0.7015587852647,1621,-1.1895,0,0
0.70155899950079,1622,-1.189,0,0
0.70155921386891,1623,-1.1885,0,0
0.70155942836905,1624,-1.188,0,0
0.70155964300122,1625,-1.1875,0,0
0.70155985776542,1626,-1.187,0,0
0.70156007266164,1627,-1.1865,0,0
0.70156028768988,1628,-1.186,0,0
0.70156050285015,1629,-1.1855,0,0
0.70156071814244,1630,-1.185,0,0
0.70156093356676,1631,-1.1845,0,0
0.7015611491231,1632,-1.184,0,0
0.70156136481147,1633,-1.1835,0,0
0.70156158063185,1634,-1.183,0,0
0.70156179658426,1635,-1.1825,0,0
0.7015620126687,1636,-1.182,0,0
0.70156222888516,1637,-1.1815,0,0
0.70156244523364,1638,-1.181,0,0
0.70156266171414,1639,-1.1805,0,0
0.70156287832666,1640,-1.18,0,0
0.70156309507121,1641,-1.1795,0,0
0.70156331194778,1642,-1.179,0,0
0.70156352895637,1643,-1.1785,0,0
0.70156374609698,1644,-1.178,0,0
0.70156396336962,1645,-1.1775,0,0
0.70156418077427,1646,-1.177,0,0
0.70156439831095,1647,-1.1765,0,0
0.70156461597965,1648,-1.176,0,0
0.70156483378036,1649,-1.1755,0,0
0.7015650517131,1650,-1.175,0,0
0.70156526977786,1651,-1.1745,0,0
0.70156548797464,1652,-1.174,0,0
0.70156570630344,1653,-1.1735,0,0
0.70156592476426,1654,-1.173,0,0
0.7015661433571,1655,-1.1725,0,0
0.70156636208196,1656,-1.172,0,0
0.70156658093884,1657,-1.1715,0,0
0.70156679992773,1658,-1.171,0,0
0.70156701904865,1659,-1.1705,0,0
0.70156723830158,1660,-1.17,0,0
0.70156745768654,1661,-1.1695,0,0
0.70156767720351,1662,-1.169,0,0
0.7015678968525,1663,-1.1685,0,0
0.70156811663351,1664,-1.168,0,0
0.70156833654653,1665,-1.1675,0,0
0.70156855659158,1666,-1.167,0,0
0.70156877676864,1667,-1.1665,0,0
0.70156899707771,1668,-1.166,0,0
0.70156921751881,1669,-1.1655,0,0
0.70156943809192,1670,-1.165,0,0
0.70156965879705,1671,-1.1645,0,0
0.7015698796342,1672,-1.164,0,0
0.70157010060336,1673,-1.1635,0,0
0.70157032170454,1674,-1.163,0,0
0.70157054293773,1675,-1.1625,0,0
0.70157076430294,1676,-1.162,0,0
0.70157098580017,1677,-1.1615,0,0
0.70157120742941,1678,-1.161,0,0
0.70157142919066,1679,-1.1605,0,0
0.70157165108393,1680,-1.16,0,0
0.70157187310922,1681,-1.1595,0,0
0.70157209526652,1682,-1.159,0,0
0.70157231755584,1683,-1.1585,0,0
0.70157253997717,1684,-1.158,0,0
0.70157276253051,1685,-1.1575,0,0
0.70157298521587,1686,-1.157,0,0
0.70157320803324,1687,-1.1565,0,0
0.70157343098263,1688,-1.156,0,0
0.70157365406402,1689,-1.1555,0,0
0.70157387727744,1690,-1.155,0,0
0.70157410062286,1691,-1.1545,0,0
0.7015743241003,1692,-1.154,0,0
0.70157454770975,1693,-1.1535,0,0
0.70157477145121,1694,-1.153,0,0
0.70157499532469,1695,-1.1525,0,0
0.70157521933018,1696,-1.152,0,0
0.70157544346767,1697,-1.1515,0,0
0.70157566773719,1698,-1.151,0,0
0.70157589213871,1699,-1.1505,0,0
0.70157611667224,1700,-1.15,0,0
0.70157634133779,1701,-1.1495,0,0
0.70157656613534,1702,-1.149,0,0
0.70157679106491,1703,-1.1485,0,0
0.70157701612649,1704,-1.148,0,0
0.70157724132008,1705,-1.1475,0,0
0.70157746664567,1706,-1.147,0,0
0.70157769210328,1707,-1.1465,0,0
0.7015779176929,1708,-1.146,0,0
0.70157814341453,1709,-1.1455,0,0
0.70157836926817,1710,-1.145,0,0
0.70157859525381,1711,-1.1445,0,0
0.70157882137147,1712,-1.144,0,0
0.70157904762113,1713,-1.1435,0,0
0.70157927400281,1714,-1.143,0,0
0.70157950051649,1715,-1.1425,0,0
0.70157972716218,1716,-1.142,0,0
0.70157995393988,1717,-1.1415,0,0
0.70158018084958,1718,-1.141,0,0
0.7015804078913,1719,-1.1405,0,0
0.70158063506502,1720,-1.14,0,0
0.70158086237075,1721,-1.1395,0,0
0.70158108980848,1722,-1.139,0,0
0.70158131737823,1723,-1.1385,0,0
0.70158154507998,1724,-1.138,0,0
0.70158177291373,1725,-1.1375,0,0
0.7015820008795,1726,-1.137,0,0
0.70158222897727,1727,-1.1365,0,0
0.70158245720704,1728,-1.136,0,0
0.70158268556882,1729,-1.1355,0,0
0.70158291406261,1730,-1.135,0,0
0.7015831426884,1731,-1.1345,0,0
0.7015833714462,1732,-1.134,0,0
0.70158360033601,1733,-1.1335,0,0
0.70158382935781,1734,-1.133,0,0
0.70158405851163,1735,-1.1325,0,0
0.70158428779744,1736,-1.132,0,0
0.70158451721527,1737,-1.1315,0,0
0.70158474676509,1738,-1.131,0,0
0.70158497644692,1739,-1.1305,0,0
0.70158520626075,1740,-1.13,0,0
0.70158543620659,1741,-1.1295,0,0
0.70158566628443,1742,-1.129,0,0
0.70158589649428,1743,-1.1285,0,0
0.70158612683612,1744,-1.128,0,0
0.70158635730997,1745,-1.1275,0,0
0.70158658791583,1746,-1.127,0,0
0.70158681865368,1747,-1.1265,0,0
0.70158704952354,1748,-1.126,0,0
0.7015872805254,1749,-1.1255,0,0
0.70158751165926,1750,-1.125,0,0
0.70158774292512,1751,-1.1245,0,0
0.70158797432298,1752,-1.124,0,0
0.70158820585285,1753,-1.1235,0,0
0.70158843751472,1754,-1.123,0,0
0.70158866930858,1755,-1.1225,0,0
0.70158890123445,1756,-1.122,0,0
0.70158913329232,1757,-1.1215,0,0
0.70158936548219,1758,-1.121,0,0
0.70158959780406,1759,-1.1205,0,0
0.70158983025793,1760,-1.12,0,0
0.7015900628438,1761,-1.1195,0,0
0.70159029556166,1762,-1.119,0,0
0.70159052841153,1763,-1.1185,0,0
0.7015907613934,1764,-1.118,0,0
0.70159099450726,1765,-1.1175,0,0
0.70159122775313,1766,-1.117,0,0
0.70159146113099,1767,-1.1165,0,0
0.70159169464085,1768,-1.116,0,0
0.70159192828271,1769,-1.1155,0,0
0.70159216205657,1770,-1.115,0,0
0.70159239596243,1771,-1.1145,0,0
0.70159263000028,1772,-1.114,0,0
0.70159286417013,1773,-1.1135,0,0
0.70159309847198,1774,-1.113,0,0
0.70159333290582,1775,-1.1125,0,0
0.70159356747166,1776,-1.112,0,0
0.7015938021695,1777,-1.1115,0,0
0.70159403699934,1778,-1.111,0,0
0.70159427196117,1779,-1.1105,0,0
0.70159450705499,1780,-1.11,0,0
0.70159474228082,1781,-1.1095,0,0
0.70159497763863,1782,-1.109,0,0
0.70159521312845,1783,-1.1085,0,0
0.70159544875026,1784,-1.108,0,0
0.70159568450406,1785,-1.1075,0,0
0.70159592038986,1786,-1.107,0,0
0.70159615640765,1787,-1.1065,0,0
0.70159639255744,1788,-1.106,0,0
0.70159662883922,1789,-1.1055,0,0
0.701596865253,1790,-1.105,0,0
0.70159710179877,1791,-1.1045,0,0
0.70159733847653,1792,-1.104,0,0
0.70159757528629,1793,-1.1035,0,0
0.70159781222804,1794,-1.103,0,0
0.70159804930178,1795,-1.1025,0,0
0.70159828650752,1796,-1.102,0,0
0.70159852384525,1797,-1.1015,0,0
0.70159876131497,1798,-1.101,0,0
0.70159899891669,1799,-1.1005,0,0
0.70159923665039,1800,-1.1,0,0
0.70159947451609,1801,-1.0995,0,0
0.70159971251378,1802,-1.099,0,0
0.70159995064346,1803,-1.0985,0,0
0.70160018890513,1804,-1.098,0,0
0.7016004272988,1805,-1.0975,0,0
0.70160066582445,1806,-1.097,0,0
0.7016009044821,1807,-1.0965,0,0
0.70160114327173,1808,-1.096,0,0
0.70160138219336,1809,-1.0955,0,0
0.70160162124697,1810,-1.095,0,0
0.70160186043258,1811,-1.0945,0,0
0.70160209975018,1812,-1.094,0,0
0.70160233919976,1813,-1.0935,0,0
0.70160257878134,1814,-1.093,0,0
0.7016028184949,1815,-1.0925,0,0
0.70160305834045,1816,-1.092,0,0
0.70160329831799,1817,-1.0915,0,0
0.70160353842752,1818,-1.091,0,0
0.70160377866904,1819,-1.0905,0,0
0.70160401904255,1820,-1.09,0,0
0.70160425954804,1821,-1.0895,0,0
0.70160450018552,1822,-1.089,0,0
0.70160474095499,1823,-1.0885,0,0
0.70160498185645,1824,-1.088,0,0
0.70160522288989,1825,-1.0875,0,0
0.70160546405532,1826,-1.087,0,0
0.70160570535274,1827,-1.0865,0,0
0.70160594678214,1828,-1.086,0,0
0.70160618834353,1829,-1.0855,0,0
0.70160643003691,1830,-1.085,0,0
0.70160667186227,1831,-1.0845,0,0
0.70160691381962,1832,-1.084,0,0
0.70160715590895,1833,-1.0835,0,0
0.70160739813027,1834,-1.083,0,0
0.70160764048357,1835,-1.0825,0,0
0.70160788296886,1836,-1.082,0,0
0.70160812558614,1837,-1.0815,0,0
0.70160836833539,1838,-1.081,0,0
0.70160861121664,1839,-1.0805,0,0
0.70160885422986,1840,-1.08,0,0
0.70160909737507,1841,-1.0795,0,0
0.70160934065226,1842,-1.079,0,0
0.70160958406144,1843,-1.0785,0,0
0.7016098276026,1844,-1.078,0,0
0.70161007127575,1845,-1.0775,0,0
0.70161031508087,1846,-1.077,0,0
0.70161055901798,1847,-1.0765,0,0
0.70161080308707,1848,-1.076,0,0
0.70161104728815,1849,-1.0755,0,0
0.7016112916212,1850,-1.075,0,0
0.70161153608624,1851,-1.0745,0,0
0.70161178068326,1852,-1.074,0,0
0.70161202541226,1853,-1.0735,0,0
0.70161227027324,1854,-1.073,0,0
0.7016125152662,1855,-1.0725,0,0
0.70161276039115,1856,-1.072,0,0
0.70161300564807,1857,-1.0715,0,0
0.70161325103697,1858,-1.071,0,0
0.70161349655786,1859,-1.0705,0,0
0.70161374221072,1860,-1.07,0,0
0.70161398799557,1861,-1.0695,0,0
0.70161423391239,1862,-1.069,0,0
0.7016144799612,1863,-1.0685,0,0
0.70161472614198,1864,-1.068,0,0
0.70161497245474,1865,-1.0675,0,0
0.70161521889948,1866,-1.067,0,0
0.7016154654762,1867,-1.0665,0,0
0.7016157121849,1868,-1.066,0,0
0.70161595902557,1869,-1.0655,0,0
0.70161620599823,1870,-1.065,0,0
0.70161645310286,1871,-1.0645,0,0
0.70161670033947,1872,-1.064,0,0
0.70161694770805,1873,-1.0635,0,0
0.70161719520862,1874,-1.063,0,0
0.70161744284116,1875,-1.0625,0,0
0.70161769060567,1876,-1.062,0,0
0.70161793850217,1877,-1.0615,0,0
0.70161818653064,1878,-1.061,0,0
0.70161843469108,1879,-1.0605,0,0
0.7016186829835,1880,-1.06,0,0
0.7016189314079,1881,-1.0595,0,0
0.70161917996428,1882,-1.059,0,0
0.70161942865262,1883,-1.0585,0,0
0.70161967747295,1884,-1.058,0,0
0.70161992642524,1885,-1.0575,0,0
0.70162017550952,1886,-1.057,0,0
0.70162042472576,1887,-1.0565,0,0
0.70162067407399,1888,-1.056,0,0
0.70162092355418,1889,-1.0555,0,0
0.70162117316635,1890,-1.055,0,0
0.70162142291049,1891,-1.0545,0,0
0.70162167278661,1892,-1.054,0,0
0.7016219227947,1893,-1.0535,0,0
0.70162217293476,1894,-1.053,0,0
0.7016224232068,1895,-1.0525,0,0
0.7016226736108,1896,-1.052,0,0
0.70162292414678,1897,-1.0515,0,0
0.70162317481474,1898,-1.051,0,0
0.70162342561466,1899,-1.0505,0,0
0.70162367654655,1900,-1.05,0,0
0.70162392761042,1901,-1.0495,0,0
0.70162417880626,1902,-1.049,0,0
0.70162443013407,1903,-1.0485,0,0
0.70162468159385,1904,-1.048,0,0
0.7016249331856,1905,-1.0475,0,0
0.70162518490932,1906,-1.047,0,0
0.70162543676502,1907,-1.0465,0,0
0.70162568875268,1908,-1.046,0,0
0.70162594087231,1909,-1.0455,0,0
0.70162619312391,1910,-1.045,0,0
0.70162644550748,1911,-1.0445,0,0
0.70162669802302,1912,-1.044,0,0
0.70162695067053,1913,-1.0435,0,0
0.70162720345001,1914,-1.043,0,0
0.70162745636146,1915,-1.0425,0,0
0.70162770940487,1916,-1.042,0,0
0.70162796258025,1917,-1.0415,0,0
0.7016282158876,1918,-1.041,0,0
0.70162846932692,1919,-1.0405,0,0
0.70162872289821,1920,-1.04,0,0
0.70162897660146,1921,-1.0395,0,0
0.70162923043668,1922,-1.039,0,0
0.70162948440387,1923,-1.0385,0,0
0.70162973850302,1924,-1.038,0,0
0.70162999273414,1925,-1.0375,0,0
0.70163024709723,1926,-1.037,0,0
0.70163050159228,1927,-1.0365,0,0
0.7016307562193,1928,-1.036,0,0
0.70163101097829,1929,-1.0355,0,0
0.70163126586924,1930,-1.035,0,0
0.70163152089215,1931,-1.0345,0,0
0.70163177604703,1932,-1.034,0,0
0.70163203133388,1933,-1.0335,0,0
0.70163228675269,1934,-1.033,0,0
0.70163254230346,1935,-1.0325,0,0
0.7016327979862,1936,-1.032,0,0
0.7016330538009,1937,-1.0315,0,0
0.70163330974756,1938,-1.031,0,0
0.70163356582619,1939,-1.0305,0,0
0.70163382203678,1940,-1.03,0,0
0.70163407837934,1941,-1.0295,0,0
0.70163433485386,1942,-1.029,0,0
0.70163459146034,1943,-1.0285,0,0
0.70163484819878,1944,-1.028,0,0
0.70163510506919,1945,-1.0275,0,0
0.70163536207155,1946,-1.027,0,0
0.70163561920588,1947,-1.0265,0,0
0.70163587647217,1948,-1.026,0,0
0.70163613387042,1949,-1.0255,0,0
0.70163639140064,1950,-1.025,0,0
0.70163664906281,1951,-1.0245,0,0
0.70163690685694,1952,-1.024,0,0
0.70163716478304,1953,-1.0235,0,0
0.70163742284109,1954,-1.023,0,0
0.70163768103111,1955,-1.0225,0,0
0.70163793935308,1956,-1.022,0,0
0.70163819780702,1957,-1.0215,0,0
0.70163845639291,1958,-1.021,0,0
0.70163871511077,1959,-1.0205,0,0
0.70163897396058,1960,-1.02,0,0
0.70163923294235,1961,-1.0195,0,0
0.70163949205608,1962,-1.019,0,0
0.70163975130177,1963,-1.0185,0,0
0.70164001067941,1964,-1.018,0,0
0.70164027018902,1965,-1.0175,0,0
0.70164052983058,1966,-1.017,0,0
0.7016407896041,1967,-1.0165,0,0
0.70164104950958,1968,-1.016,0,0
0.70164130954701,1969,-1.0155,0,0
0.7016415697164,1970,-1.015,0,0
0.70164183001775,1971,-1.0145,0,0
0.70164209045105,1972,-1.014,0,0
0.70164235101631,1973,-1.0135,0,0
0.70164261171352,1974,-1.013,0,0
0.70164287254269,1975,-1.0125,0,0
0.70164313350382,1976,-1.012,0,0
0.7016433945969,1977,-1.0115,0,0
0.70164365582194,1978,-1.011,0,0
0.70164391717893,1979,-1.0105,0,0
0.70164417866788,1980,-1.01,0,0
0.70164444028878,1981,-1.0095,0,0
0.70164470204163,1982,-1.009,0,0
0.70164496392644,1983,-1.0085,0,0
0.70164522594321,1984,-1.008,0,0
0.70164548809192,1985,-1.0075,0,0
0.70164575037259,1986,-1.007,0,0
0.70164601278521,1987,-1.0065,0,0
0.70164627532979,1988,-1.006,0,0
0.70164653800632,1989,-1.0055,0,0
0.7016468008148,1990,-1.005,0,0
0.70164706375523,1991,-1.0045,0,0
0.70164732682762,1992,-1.004,0,0
0.70164759003195,1993,-1.0035,0,0
0.70164785336824,1994,-1.003,0,0
0.70164811683648,1995,-1.0025,0,0
0.70164838043667,1996,-1.002,0,0
0.70164864416881,1997,-1.0015,0,0
0.70164890803291,1998,-1.001,0,0
0.70164917202895,1999,-1.0005,0,0
0.70164943615694,2000,-1,0,0
0.70164970041689,2001,-0.9995,0,0
0.70164996480878,2002,-0.999,0,0
0.70165022933262,2003,-0.9985,0,0
0.70165049398841,2004,-0.998,0,0
0.70165075877616,2005,-0.9975,0,0
0.70165102369585,2006,-0.997,0,0
0.70165128874748,2007,-0.9965,0,0
0.70165155393107,2008,-0.996,0,0
0.70165181924661,2009,-0.9955,0,0
0.70165208469409,2010,-0.995,0,0
0.70165235027352,2011,-0.9945,0,0
0.7016526159849,2012,-0.994,0,0
0.70165288182823,2013,-0.9935,0,0
0.7016531478035,2014,-0.993,0,0
0.70165341391072,2015,-0.9925,0,0
0.70165368014989,2016,-0.992,0,0
0.701653946521,2017,-0.9915,0,0
0.70165421302406,2018,-0.991,0,0
0.70165447965907,2019,-0.9905,0,0
0.70165474642602,2020,-0.99,0,0
0.70165501332492,2021,-0.9895,0,0
0.70165528035576,2022,-0.989,0,0
0.70165554751855,2023,-0.9885,0,0
0.70165581481328,2024,-0.988,0,0
0.70165608223996,2025,-0.9875,0,0
0.70165634979858,2026,-0.987,0,0
0.70165661748915,2027,-0.9865,0,0
0.70165688531166,2028,-0.986,0,0
0.70165715326612,2029,-0.9855,0,0
0.70165742135251,2030,-0.985,0,0
0.70165768957086,2031,-0.9845,0,0
0.70165795792114,2032,-0.984,0,0
0.70165822640337,2033,-0.9835,0,0
0.70165849501754,2034,-0.983,0,0
0.70165876376365,2035,-0.9825,0,0
0.70165903264171,2036,-0.982,0,0
0.7016593016517,2037,-0.9815,0,0
0.70165957079364,2038,-0.981,0,0
0.70165984006752,2039,-0.9805,0,0
0.70166010947334,2040,-0.98,0,0
0.70166037901111,2041,-0.9795,0,0
0.70166064868081,2042,-0.979,0,0
0.70166091848246,2043,-0.9785,0,0
0.70166118841604,2044,-0.978,0,0
0.70166145848157,2045,-0.9775,0,0
0.70166172867903,2046,-0.977,0,0
0.70166199900844,2047,-0.9765,0,0
0.70166226946978,2048,-0.976,0,0
0.70166254006306,2049,-0.9755,0,0
0.70166281078829,2050,-0.975,0,0
0.70166308164545,2051,-0.9745,0,0
0.70166335263455,2052,-0.974,0,0
0.70166362375559,2053,-0.9735,0,0
0.70166389500857,2054,-0.973,0,0
0.70166416639348,2055,-0.9725,0,0
0.70166443791033,2056,-0.972,0,0
0.70166470955913,2057,-0.9715,0,0
0.70166498133985,2058,-0.971,0,0
0.70166525325252,2059,-0.9705,0,0
0.70166552529712,2060,-0.97,0,0
0.70166579747366,2061,-0.9695,0,0
0.70166606978213,2062,-0.969,0,0
0.70166634222254,2063,-0.9685,0,0
0.70166661479489,2064,-0.968,0,0
0.70166688749917,2065,-0.9675,0,0
0.70166716033539,2066,-0.967,0,0
0.70166743330355,2067,-0.9665,0,0
0.70166770640363,2068,-0.966,0,0
0.70166797963566,2069,-0.9655,0,0
0.70166825299961,2070,-0.965,0,0
0.70166852649551,2071,-0.9645,0,0
0.70166880012333,2072,-0.964,0,0
0.70166907388309,2073,-0.9635,0,0
0.70166934777479,2074,-0.963,0,0
0.70166962179841,2075,-0.9625,0,0
0.70166989595398,2076,-0.962,0,0
0.70167017024147,2077,-0.9615,0,0
0.70167044466089,2078,-0.961,0,0
0.70167071921225,2079,-0.9605,0,0
0.70167099389554,2080,-0.96,0,0
0.70167126871077,2081,-0.9595,0,0
0.70167154365792,2082,-0.959,0,0
0.70167181873701,2083,-0.9585,0,0
0.70167209394803,2084,-0.958,0,0
0.70167236929098,2085,-0.9575,0,0
0.70167264476586,2086,-0.957,0,0
0.70167292037267,2087,-0.9565,0,0
0.70167319611141,2088,-0.956,0,0
0.70167347198208,2089,-0.9555,0,0
0.70167374798468,2090,-0.955,0,0
0.70167402411921,2091,-0.9545,0,0
0.70167430038567,2092,-0.954,0,0
0.70167457678406,2093,-0.9535,0,0
0.70167485331438,2094,-0.953,0,0
0.70167512997663,2095,-0.9525,0,0
0.70167540677081,2096,-0.952,0,0
0.70167568369691,2097,-0.9515,0,0
0.70167596075495,2098,-0.951,0,0
0.70167623794491,2099,-0.9505,0,0
0.70167651526679,2100,-0.95,0,0
0.70167679272061,2101,-0.9495,0,0
0.70167707030635,2102,-0.949,0,0
0.70167734802403,2103,-0.9485,0,0
0.70167762587362,2104,-0.948,0,0
0.70167790385515,2105,-0.9475,0,0
0.7016781819686,2106,-0.947,0,0
0.70167846021397,2107,-0.9465,0,0
0.70167873859127,2108,-0.946,0,0
0.7016790171005,2109,-0.9455,0,0
0.70167929574165,2110,-0.945,0,0
0.70167957451473,2111,-0.9445,0,0
0.70167985341974,2112,-0.944,0,0
0.70168013245666,2113,-0.9435,0,0
0.70168041162552,2114,-0.943,0,0
0.70168069092629,2115,-0.9425,0,0
0.70168097035899,2116,-0.942,0,0
0.70168124992362,2117,-0.9415,0,0
0.70168152962016,2118,-0.941,0,0
0.70168180944864,2119,-0.9405,0,0
0.70168208940903,2120,-0.94,0,0
0.70168236950135,2121,-0.9395,0,0
0.70168264972559,2122,-0.939,0,0
0.70168293008175,2123,-0.9385,0,0
0.70168321056983,2124,-0.938,0,0
0.70168349118984,2125,-0.9375,0,0
0.70168377194176,2126,-0.937,0,0
0.70168405282561,2127,-0.9365,0,0
0.70168433384138,2128,-0.936,0,0
0.70168461498907,2129,-0.9355,0,0
0.70168489626869,2130,-0.935,0,0
0.70168517768022,2131,-0.9345,0,0
0.70168545922367,2132,-0.934,0,0
0.70168574089904,2133,-0.9335,0,0
0.70168602270633,2134,-0.933,0,0
0.70168630464555,2135,-0.9325,0,0
0.70168658671668,2136,-0.932,0,0
0.70168686891973,2137,-0.9315,0,0
0.7016871512547,2138,-0.931,0,0
0.70168743372158,2139,-0.9305,0,0
0.70168771632039,2140,-0.93,0,0
0.70168799905111,2141,-0.9295,0,0
0.70168828191376,2142,-0.929,0,0
0.70168856490831,2143,-0.9285,0,0
0.70168884803479,2144,-0.928,0,0
0.70168913129319,2145,-0.9275,0,0
0.7016894146835,2146,-0.927,0,0
0.70168969820572,2147,-0.9265,0,0
0.70168998185987,2148,-0.926,0,0
0.70169026564593,2149,-0.9255,0,0
0.70169054956391,2150,-0.925,0,0
0.7016908336138,2151,-0.9245,0,0
0.70169111779561,2152,-0.924,0,0
0.70169140210933,2153,-0.9235,0,0
0.70169168655497,2154,-0.923,0,0
0.70169197113252,2155,-0.9225,0,0
0.70169225584199,2156,-0.922,0,0
0.70169254068337,2157,-0.9215,0,0
0.70169282565667,2158,-0.921,0,0
0.70169311076188,2159,-0.9205,0,0
0.701693395999,2160,-0.92,0,0
0.70169368136804,2161,-0.9195,0,0
0.70169396686899,2162,-0.919,0,0
0.70169425250185,2163,-0.9185,0,0
0.70169453826662,2164,-0.918,0,0
0.70169482416331,2165,-0.9175,0,0
0.70169511019191,2166,-0.917,0,0
0.70169539635243,2167,-0.9165,0,0
0.70169568264485,2168,-0.916,0,0
0.70169596906918,2169,-0.9155,0,0
0.70169625562543,2170,-0.915,0,0
0.70169654231359,2171,-0.9145,0,0
0.70169682913366,2172,-0.914,0,0
0.70169711608564,2173,-0.9135,0,0
0.70169740316953,2174,-0.913,0,0
0.70169769038533,2175,-0.9125,0,0
0.70169797773303,2176,-0.912,0,0
0.70169826521265,2177,-0.9115,0,0
0.70169855282418,2178,-0.911,0,0
0.70169884056762,2179,-0.9105,0,0
0.70169912844296,2180,-0.91,0,0
0.70169941645022,2181,-0.9095,0,0
0.70169970458938,2182,-0.909,0,0
0.70169999286045,2183,-0.9085,0,0
0.70170028126343,2184,-0.908,0,0
0.70170056979832,2185,-0.9075,0,0
0.70170085846511,2186,-0.907,0,0
0.70170114726382,2187,-0.9065,0,0
0.70170143619442,2188,-0.906,0,0
0.70170172525694,2189,-0.9055,0,0
0.70170201445136,2190,-0.905,0,0
0.70170230377769,2191,-0.9045,0,0
0.70170259323592,2192,-0.904,0,0
0.70170288282606,2193,-0.9035,0,0
0.70170317254811,2194,-0.903,0,0
0.70170346240206,2195,-0.9025,0,0
0.70170375238791,2196,-0.902,0,0
0.70170404250567,2197,-0.9015,0,0
0.70170433275533,2198,-0.901,0,0
0.7017046231369,2199,-0.9005,0,0
0.70170491365038,2200,-0.9,0,0
0.70170520429575,2201,-0.8995,0,0
0.70170549507303,2202,-0.899,0,0
0.70170578598222,2203,-0.8985,0,0
0.7017060770233,2204,-0.898,0,0
0.70170636819629,2205,-0.8975,0,0
0.70170665950118,2206,-0.897,0,0
0.70170695093798,2207,-0.8965,0,0
0.70170724250667,2208,-0.896,0,0
0.70170753420727,2209,-0.8955,0,0
0.70170782603977,2210,-0.895,0,0
0.70170811800417,2211,-0.8945,0,0
0.70170841010047,2212,-0.894,0,0
0.70170870232868,2213,-0.8935,0,0
0.70170899468878,2214,-0.893,0,0
0.70170928718079,2215,-0.8925,0,0
0.70170957980469,2216,-0.892,0,0
0.70170987256049,2217,-0.8915,0,0
0.7017101654482,2218,-0.891,0,0
0.7017104584678,2219,-0.8905,0,0
0.7017107516193,2220,-0.89,0,0
0.7017110449027,2221,-0.8895,0,0
0.701711338318,2222,-0.889,0,0
0.7017116318652,2223,-0.8885,0,0
0.7017119255443,2224,-0.888,0,0
0.70171221935529,2225,-0.8875,0,0
0.70171251329819,2226,-0.887,0,0
0.70171280737298,2227,-0.8865,0,0
0.70171310157966,2228,-0.886,0,0
0.70171339591825,2229,-0.8855,0,0
0.70171369038873,2230,-0.885,0,0
0.7017139849911,2231,-0.8845,0,0
0.70171427972538,2232,-0.884,0,0
0.70171457459155,2233,-0.8835,0,0
0.70171486958961,2234,-0.883,0,0
0.70171516471957,2235,-0.8825,0,0
0.70171545998143,2236,-0.882,0,0
0.70171575537518,2237,-0.8815,0,0
0.70171605090083,2238,-0.881,0,0
0.70171634655837,2239,-0.8805,0,0
0.7017166423478,2240,-0.88,0,0
0.70171693826913,2241,-0.8795,0,0
0.70171723432235,2242,-0.879,0,0
0.70171753050747,2243,-0.8785,0,0
0.70171782682448,2244,-0.878,0,0
0.70171812327338,2245,-0.8775,0,0
0.70171841985417,2246,-0.877,0,0
0.70171871656686,2247,-0.8765,0,0
0.70171901341144,2248,-0.876,0,0
0.70171931038791,2249,-0.8755,0,0
0.70171960749627,2250,-0.875,0,0
0.70171990473653,2251,-0.8745,0,0
0.70172020210868,2252,-0.874,0,0
0.70172049961271,2253,-0.8735,0,0
0.70172079724864,2254,-0.873,0,0
0.70172109501646,2255,-0.8725,0,0
0.70172139291617,2256,-0.872,0,0
0.70172169094777,2257,-0.8715,0,0
0.70172198911126,2258,-0.871,0,0
0.70172228740664,2259,-0.8705,0,0
0.7017225858339,2260,-0.87,0,0
0.70172288439306,2261,-0.8695,0,0
0.70172318308411,2262,-0.869,0,0
0.70172348190704,2263,-0.8685,0,0
0.70172378086186,2264,-0.868,0,0
0.70172407994857,2265,-0.8675,0,0
0.70172437916717,2266,-0.867,0,0
0.70172467851766,2267,-0.8665,0,0
0.70172497800003,2268,-0.866,0,0
0.70172527761429,2269,-0.8655,0,0
0.70172557736044,2270,-0.865,0,0
0.70172587723847,2271,-0.8645,0,0
0.70172617724839,2272,-0.864,0,0
0.7017264773902,2273,-0.8635,0,0
0.70172677766389,2274,-0.863,0,0
0.70172707806947,2275,-0.8625,0,0
0.70172737860693,2276,-0.862,0,0
0.70172767927628,2277,-0.8615,0,0
0.70172798007751,2278,-0.861,0,0
0.70172828101063,2279,-0.8605,0,0
0.70172858207563,2280,-0.86,0,0
0.70172888327252,2281,-0.8595,0,0
0.70172918460129,2282,-0.859,0,0
0.70172948606194,2283,-0.8585,0,0
0.70172978765448,2284,-0.858,0,0
0.7017300893789,2285,-0.8575,0,0
0.7017303912352,2286,-0.857,0,0
0.70173069322339,2287,-0.8565,0,0
0.70173099534345,2288,-0.856,0,0
0.7017312975954,2289,-0.8555,0,0
0.70173159997923,2290,-0.855,0,0
0.70173190249495,2291,-0.8545,0,0
0.70173220514254,2292,-0.854,0,0
0.70173250792202,2293,-0.8535,0,0
0.70173281083337,2294,-0.853,0,0
0.70173311387661,2295,-0.8525,0,0
0.70173341705172,2296,-0.852,0,0
0.70173372035872,2297,-0.8515,0,0
0.7017340237976,2298,-0.851,0,0
0.70173432736835,2299,-0.8505,0,0
0.70173463107099,2300,-0.85,0,0
0.7017349349055,2301,-0.8495,0,0
0.7017352388719,2302,-0.849,0,0
0.70173554297017,2303,-0.8485,0,0
0.70173584720032,2304,-0.848,0,0
0.70173615156235,2305,-0.8475,0,0
0.70173645605625,2306,-0.847,0,0
0.70173676068203,2307,-0.8465,0,0
0.7017370654397,2308,-0.846,0,0
0.70173737032923,2309,-0.8455,0,0
0.70173767535065,2310,-0.845,0,0
0.70173798050394,2311,-0.8445,0,0
0.7017382857891,2312,-0.844,0,0
0.70173859120615,2313,-0.8435,0,0
0.70173889675507,2314,-0.843,0,0
0.70173920243586,2315,-0.8425,0,0
0.70173950824853,2316,-0.842,0,0
0.70173981419307,2317,-0.8415,0,0
0.70174012026949,2318,-0.841,0,0
0.70174042647779,2319,-0.8405,0,0
0.70174073281795,2320,-0.84,0,0
0.70174103929,2321,-0.8395,0,0
0.70174134589391,2322,-0.839,0,0
0.7017416526297,2323,-0.8385,0,0
0.70174195949736,2324,-0.838,0,0
0.7017422664969,2325,-0.8375,0,0
0.7017425736283,2326,-0.837,0,0
0.70174288089158,2327,-0.8365,0,0
0.70174318828674,2328,-0.836,0,0
0.70174349581376,2329,-0.8355,0,0
0.70174380347266,2330,-0.835,0,0
0.70174411126342,2331,-0.8345,0,0
0.70174441918606,2332,-0.834,0,0
0.70174472724057,2333,-0.8335,0,0
0.70174503542695,2334,-0.833,0,0
0.7017453437452,2335,-0.8325,0,0
0.70174565219532,2336,-0.832,0,0
0.70174596077731,2337,-0.8315,0,0
0.70174626949117,2338,-0.831,0,0
0.7017465783369,2339,-0.8305,0,0
0.7017468873145,2340,-0.83,0,0
0.70174719642396,2341,-0.8295,0,0
0.7017475056653,2342,-0.829,0,0
0.7017478150385,2343,-0.8285,0,0
0.70174812454357,2344,-0.828,0,0
0.70174843418051,2345,-0.8275,0,0
0.70174874394932,2346,-0.827,0,0
0.70174905384999,2347,-0.8265,0,0
0.70174936388254,2348,-0.826,0,0
0.70174967404694,2349,-0.8255,0,0
0.70174998434322,2350,-0.825,0,0
0.70175029477136,2351,-0.8245,0,0
0.70175060533137,2352,-0.824,0,0
0.70175091602324,2353,-0.8235,0,0
0.70175122684698,2354,-0.823,0,0
0.70175153780258,2355,-0.8225,0,0
0.70175184889005,2356,-0.822,0,0
0.70175216010938,2357,-0.8215,0,0
0.70175247146058,2358,-0.821,0,0
0.70175278294364,2359,-0.8205,0,0
0.70175309455856,2360,-0.82,0,0
0.70175340630535,2361,-0.8195,0,0
0.701753718184,2362,-0.819,0,0
0.70175403019452,2363,-0.8185,0,0
0.7017543423369,2364,-0.818,0,0
0.70175465461114,2365,-0.8175,0,0
0.70175496701724,2366,-0.817,0,0
0.70175527955521,2367,-0.8165,0,0
0.70175559222503,2368,-0.816,0,0
0.70175590502672,2369,-0.8155,0,0
0.70175621796027,2370,-0.815,0,0
0.70175653102568,2371,-0.8145,0,0
0.70175684422296,2372,-0.814,0,0
0.70175715755209,2373,-0.8135,0,0
0.70175747101308,2374,-0.813,0,0
0.70175778460593,2375,-0.8125,0,0
0.70175809833065,2376,-0.812,0,0
0.70175841218722,2377,-0.8115,0,0
0.70175872617565,2378,-0.811,0,0
0.70175904029594,2379,-0.8105,0,0
0.70175935454809,2380,-0.81,0,0
0.70175966893209,2381,-0.8095,0,0
0.70175998344796,2382,-0.809,0,0
0.70176029809568,2383,-0.8085,0,0
0.70176061287526,2384,-0.808,0,0
0.7017609277867,2385,-0.8075,0,0
0.70176124283,2386,-0.807,0,0
0.70176155800515,2387,-0.8065,0,0
0.70176187331216,2388,-0.806,0,0
0.70176218875102,2389,-0.8055,0,0
0.70176250432174,2390,-0.805,0,0
0.70176282002432,2391,-0.8045,0,0
0.70176313585875,2392,-0.804,0,0
0.70176345182504,2393,-0.8035,0,0
0.70176376792318,2394,-0.803,0,0
0.70176408415318,2395,-0.8025,0,0
0.70176440051503,2396,-0.802,0,0
0.70176471700874,2397,-0.8015,0,0
0.7017650336343,2398,-0.801,0,0
0.70176535039171,2399,-0.8005,0,0
0.70176566728098,2400,-0.8,0,0
0.7017659843021,2401,-0.7995,0,0
0.70176630145507,2402,-0.799,0,0
0.7017666187399,2403,-0.7985,0,0
0.70176693615658,2404,-0.798,0,0
0.70176725370511,2405,-0.7975,0,0
0.70176757138549,2406,-0.797,0,0
0.70176788919772,2407,-0.7965,0,0
0.70176820714181,2408,-0.796,0,0
0.70176852521775,2409,-0.7955,0,0
0.70176884342553,2410,-0.795,0,0
0.70176916176517,2411,-0.7945,0,0
0.70176948023666,2412,-0.794,0,0
0.70176979884,2413,-0.7935,0,0
0.70177011757518,2414,-0.793,0,0
0.70177043644222,2415,-0.7925,0,0
0.70177075544111,2416,-0.792,0,0
0.70177107457184,2417,-0.7915,0,0
0.70177139383443,2418,-0.791,0,0
0.70177171322886,2419,-0.7905,0,0
0.70177203275514,2420,-0.79,0,0
0.70177235241327,2421,-0.7895,0,0
0.70177267220324,2422,-0.789,0,0
0.70177299212507,2423,-0.7885,0,0
0.70177331217874,2424,-0.788,0,0
0.70177363236425,2425,-0.7875,0,0
0.70177395268162,2426,-0.787,0,0
0.70177427313083,2427,-0.7865,0,0
0.70177459371188,2428,-0.786,0,0
0.70177491442478,2429,-0.7855,0,0
0.70177523526953,2430,-0.785,0,0
0.70177555624612,2431,-0.7845,0,0
0.70177587735456,2432,-0.784,0,0
0.70177619859484,2433,-0.7835,0,0
0.70177651996697,2434,-0.783,0,0
0.70177684147094,2435,-0.7825,0,0
0.70177716310675,2436,-0.782,0,0
0.70177748487441,2437,-0.7815,0,0
0.70177780677391,2438,-0.781,0,0
0.70177812880526,2439,-0.7805,0,0
0.70177845096844,2440,-0.78,0,0
0.70177877326347,2441,-0.7795,0,0
0.70177909569034,2442,-0.779,0,0
0.70177941824906,2443,-0.7785,0,0
0.70177974093961,2444,-0.778,0,0
0.70178006376201,2445,-0.7775,0,0
0.70178038671625,2446,-0.777,0,0
0.70178070980233,2447,-0.7765,0,0
0.70178103302025,2448,-0.776,0,0
0.70178135637001,2449,-0.7755,0,0
0.70178167985161,2450,-0.775,0,0
0.70178200346505,2451,-0.7745,0,0
0.70178232721033,2452,-0.774,0,0
0.70178265108744,2453,-0.7735,0,0
0.7017829750964,2454,-0.773,0,0
0.7017832992372,2455,-0.7725,0,0
0.70178362350983,2456,-0.772,0,0
0.70178394791431,2457,-0.7715,0,0
0.70178427245062,2458,-0.771,0,0
0.70178459711877,2459,-0.7705,0,0
0.70178492191875,2460,-0.77,0,0
0.70178524685058,2461,-0.7695,0,0
0.70178557191424,2462,-0.769,0,0
0.70178589710973,2463,-0.7685,0,0
0.70178622243707,2464,-0.768,0,0
0.70178654789623,2465,-0.7675,0,0
0.70178687348724,2466,-0.767,0,0
0.70178719921008,2467,-0.7665,0,0
0.70178752506476,2468,-0.766,0,0
0.70178785105127,2469,-0.7655,0,0
0.70178817716961,2470,-0.765,0,0
0.70178850341979,2471,-0.7645,0,0
0.7017888298018,2472,-0.764,0,0
0.70178915631565,2473,-0.7635,0,0
0.70178948296133,2474,-0.763,0,0
0.70178980973885,2475,-0.7625,0,0
0.7017901366482,2476,-0.762,0,0
0.70179046368938,2477,-0.7615,0,0
0.70179079086239,2478,-0.761,0,0
0.70179111816723,2479,-0.7605,0,0
0.70179144560391,2480,-0.76,0,0
0.70179177317242,2481,-0.7595,0,0
0.70179210087276,2482,-0.759,0,0
0.70179242870493,2483,-0.7585,0,0
0.70179275666893,2484,-0.758,0,0
0.70179308476477,2485,-0.7575,0,0
0.70179341299243,2486,-0.757,0,0
0.70179374135192,2487,-0.7565,0,0
0.70179406984325,2488,-0.756,0,0
0.7017943984664,2489,-0.7555,0,0
0.70179472722138,2490,-0.755,0,0
0.70179505610819,2491,-0.7545,0,0
0.70179538512683,2492,-0.754,0,0
0.7017957142773,2493,-0.7535,0,0
0.70179604355959,2494,-0.753,0,0
0.70179637297372,2495,-0.7525,0,0
0.70179670251967,2496,-0.752,0,0
0.70179703219745,2497,-0.7515,0,0
0.70179736200705,2498,-0.751,0,0
0.70179769194849,2499,-0.7505,0,0
0.70179802202175,2500,-0.75,0,0
0.70179835222683,2501,-0.7495,0,0
0.70179868256374,2502,-0.749,0,0
0.70179901303248,2503,-0.7485,0,0
0.70179934363304,2504,-0.748,0,0
0.70179967436543,2505,-0.7475,0,0
0.70180000522964,2506,-0.747,0,0
0.70180033622568,2507,-0.7465,0,0
0.70180066735354,2508,-0.746,0,0
0.70180099861322,2509,-0.7455,0,0
0.70180133000473,2510,-0.745,0,0
0.70180166152806,2511,-0.7445,0,0
0.70180199318322,2512,-0.744,0,0
0.7018023249702,2513,-0.7435,0,0
0.701802656889,2514,-0.743,0,0
0.70180298893962,2515,-0.7425,0,0
0.70180332112207,2516,-0.742,0,0
0.70180365343633,2517,-0.7415,0,0
0.70180398588242,2518,-0.741,0,0
0.70180431846033,2519,-0.7405,0,0
0.70180465117006,2520,-0.74,0,0
0.70180498401162,2521,-0.7395,0,0
0.70180531698499,2522,-0.739,0,0
0.70180565009018,2523,-0.7385,0,0
0.70180598332719,2524,-0.738,0,0
0.70180631669602,2525,-0.7375,0,0
0.70180665019667,2526,-0.737,0,0
0.70180698382914,2527,-0.7365,0,0
0.70180731759343,2528,-0.736,0,0
0.70180765148954,2529,-0.7355,0,0
0.70180798551747,2530,-0.735,0,0
0.70180831967721,2531,-0.7345,0,0
0.70180865396877,2532,-0.734,0,0
0.70180898839215,2533,-0.7335,0,0
0.70180932294734,2534,-0.733,0,0
0.70180965763436,2535,-0.7325,0,0
0.70180999245318,2536,-0.732,0,0
0.70181032740383,2537,-0.7315,0,0
0.70181066248629,2538,-0.731,0,0
0.70181099770057,2539,-0.7305,0,0
0.70181133304666,2540,-0.73,0,0
0.70181166852457,2541,-0.7295,0,0
0.70181200413429,2542,-0.729,0,0
0.70181233987582,2543,-0.7285,0,0
0.70181267574917,2544,-0.728,0,0
0.70181301175434,2545,-0.7275,0,0
0.70181334789132,2546,-0.727,0,0
0.70181368416011,2547,-0.7265,0,0
0.70181402056071,2548,-0.726,0,0
0.70181435709313,2549,-0.7255,0,0
0.70181469375736,2550,-0.725,0,0
0.70181503055341,2551,-0.7245,0,0
0.70181536748126,2552,-0.724,0,0
0.70181570454093,2553,-0.7235,0,0
0.70181604173241,2554,-0.723,0,0
0.7018163790557,2555,-0.7225,0,0
0.7018167165108,2556,-0.722,0,0
0.70181705409771,2557,-0.7215,0,0
0.70181739181643,2558,-0.721,0,0
0.70181772966696,2559,-0.7205,0,0
0.7018180676493,2560,-0.72,0,0
0.70181840576345,2561,-0.7195,0,0
0.70181874400941,2562,-0.719,0,0
0.70181908238718,2563,-0.7185,0,0
0.70181942089676,2564,-0.718,0,0
0.70181975953814,2565,-0.7175,0,0
0.70182009831134,2566,-0.717,0,0
0.70182043721634,2567,-0.7165,0,0
0.70182077625315,2568,-0.716,0,0
0.70182111542177,2569,-0.7155,0,0
0.70182145472219,2570,-0.715,0,0
0.70182179415442,2571,-0.7145,0,0
0.70182213371846,2572,-0.714,0,0
0.7018224734143,2573,-0.7135,0,0
0.70182281324195,2574,-0.713,0,0
0.7018231532014,2575,-0.7125,0,0
0.70182349329266,2576,-0.712,0,0
0.70182383351573,2577,-0.7115,0,0
0.7018241738706,2578,-0.711,0,0
0.70182451435727,2579,-0.7105,0,0
0.70182485497575,2580,-0.71,0,0
0.70182519572603,2581,-0.7095,0,0
0.70182553660812,2582,-0.709,0,0
0.70182587762201,2583,-0.7085,0,0
0.7018262187677,2584,-0.708,0,0
0.70182656004519,2585,-0.7075,0,0
0.70182690145449,2586,-0.707,0,0
0.70182724299559,2587,-0.7065,0,0
0.70182758466849,2588,-0.706,0,0
0.70182792647319,2589,-0.7055,0,0
0.70182826840969,2590,-0.705,0,0
0.701828610478,2591,-0.7045,0,0
0.7018289526781,2592,-0.704,0,0
0.70182929501001,2593,-0.7035,0,0
0.70182963747372,2594,-0.703,0,0
0.70182998006922,2595,-0.7025,0,0
0.70183032279653,2596,-0.702,0,0
0.70183066565563,2597,-0.7015,0,0
0.70183100864654,2598,-0.701,0,0
0.70183135176924,2599,-0.7005,0,0
0.70183169502374,2600,-0.7,0,0
0.70183203841004,2601,-0.6995,0,0
0.70183238192814,2602,-0.699,0,0
0.70183272557803,2603,-0.6985,0,0
0.70183306935972,2604,-0.698,0,0
0.70183341327321,2605,-0.6975,0,0
0.7018337573185,2606,-0.697,0,0
0.70183410149558,2607,-0.6965,0,0
0.70183444580446,2608,-0.696,0,0
0.70183479024513,2609,-0.6955,0,0
0.7018351348176,2610,-0.695,0,0
0.70183547952187,2611,-0.6945,0,0
0.70183582435793,2612,-0.694,0,0
0.70183616932578,2613,-0.6935,0,0
0.70183651442543,2614,-0.693,0,0
0.70183685965688,2615,-0.6925,0,0
0.70183720502012,2616,-0.692,0,0
0.70183755051515,2617,-0.6915,0,0
0.70183789614197,2618,-0.691,0,0
0.70183824190059,2619,-0.6905,0,0
0.701838587791,2620,-0.69,0,0
0.7018389338132,2621,-0.6895,0,0
0.70183927996719,2622,-0.689,0,0
0.70183962625298,2623,-0.6885,0,0
0.70183997267056,2624,-0.688,0,0
0.70184031921993,2625,-0.6875,0,0
0.70184066590109,2626,-0.687,0,0
0.70184101271404,2627,-0.6865,0,0
0.70184135965878,2628,-0.686,0,0
0.70184170673531,2629,-0.6855,0,0
0.70184205394363,2630,-0.685,0,0
0.70184240128374,2631,-0.6845,0,0
0.70184274875564,2632,-0.684,0,0
0.70184309635933,2633,-0.6835,0,0
0.70184344409481,2634,-0.683,0,0
0.70184379196208,2635,-0.6825,0,0
0.70184413996113,2636,-0.682,0,0
0.70184448809197,2637,-0.6815,0,0
0.7018448363546,2638,-0.681,0,0
0.70184518474902,2639,-0.6805,0,0
0.70184553327522,2640,-0.68,0,0
0.70184588193321,2641,-0.6795,0,0
0.70184623072299,2642,-0.679,0,0
0.70184657964455,2643,-0.6785,0,0
0.7018469286979,2644,-0.678,0,0
0.70184727788304,2645,-0.6775,0,0
0.70184762719995,2646,-0.677,0,0
0.70184797664866,2647,-0.6765,0,0
0.70184832622915,2648,-0.676,0,0
0.70184867594142,2649,-0.6755,0,0
0.70184902578548,2650,-0.675,0,0
0.70184937576132,2651,-0.6745,0,0
0.70184972586894,2652,-0.674,0,0
0.70185007610835,2653,-0.6735,0,0
0.70185042647954,2654,-0.673,0,0
0.70185077698251,2655,-0.6725,0,0
0.70185112761727,2656,-0.672,0,0
0.7018514783838,2657,-0.6715,0,0
0.70185182928212,2658,-0.671,0,0
0.70185218031222,2659,-0.6705,0,0
0.7018525314741,2660,-0.67,0,0
0.70185288276777,2661,-0.6695,0,0
0.70185323419321,2662,-0.669,0,0
0.70185358575043,2663,-0.6685,0,0
0.70185393743943,2664,-0.668,0,0
0.70185428926022,2665,-0.6675,0,0
0.70185464121278,2666,-0.667,0,0
0.70185499329712,2667,-0.6665,0,0
0.70185534551324,2668,-0.666,0,0
0.70185569786113,2669,-0.6655,0,0
0.70185605034081,2670,-0.665,0,0
0.70185640295226,2671,-0.6645,0,0
0.7018567556955,2672,-0.664,0,0
0.70185710857051,2673,-0.6635,0,0
0.70185746157729,2674,-0.663,0,0
0.70185781471585,2675,-0.6625,0,0
0.70185816798619,2676,-0.662,0,0
0.70185852138831,2677,-0.6615,0,0
0.7018588749222,2678,-0.661,0,0
0.70185922858787,2679,-0.6605,0,0
0.70185958238531,2680,-0.66,0,0
0.70185993631452,2681,-0.6595,0,0
0.70186029037551,2682,-0.659,0,0
0.70186064456828,2683,-0.6585,0,0
0.70186099889282,2684,-0.658,0,0
0.70186135334913,2685,-0.6575,0,0
0.70186170793722,2686,-0.657,0,0
0.70186206265708,2687,-0.6565,0,0
0.70186241750871,2688,-0.656,0,0
0.70186277249212,2689,-0.6555,0,0
0.7018631276073,2690,-0.655,0,0
0.70186348285425,2691,-0.6545,0,0
0.70186383823297,2692,-0.654,0,0
0.70186419374346,2693,-0.6535,0,0
0.70186454938572,2694,-0.653,0,0
0.70186490515976,2695,-0.6525,0,0
0.70186526106556,2696,-0.652,0,0
0.70186561710314,2697,-0.6515,0,0
0.70186597327249,2698,-0.651,0,0
0.7018663295736,2699,-0.6505,0,0
0.70186668600649,2700,-0.65,0,0
0.70186704257114,2701,-0.6495,0,0
0.70186739926756,2702,-0.649,0,0
0.70186775609575,2703,-0.6485,0,0
0.70186811305571,2704,-0.648,0,0
0.70186847014744,2705,-0.6475,0,0
0.70186882737093,2706,-0.647,0,0
0.70186918472619,2707,-0.6465,0,0
0.70186954221322,2708,-0.646,0,0
0.70186989983202,2709,-0.6455,0,0
0.70187025758258,2710,-0.645,0,0
0.7018706154649,2711,-0.6445,0,0
0.701870973479,2712,-0.644,0,0
0.70187133162486,2713,-0.6435,0,0
0.70187168990248,2714,-0.643,0,0
0.70187204831187,2715,-0.6425,0,0
0.70187240685302,2716,-0.642,0,0
0.70187276552594,2717,-0.6415,0,0
0.70187312433062,2718,-0.641,0,0
0.70187348326706,2719,-0.6405,0,0
0.70187384233527,2720,-0.64,0,0
0.70187420153524,2721,-0.6395,0,0
0.70187456086698,2722,-0.639,0,0
0.70187492033047,2723,-0.6385,0,0
0.70187527992573,2724,-0.638,0,0
0.70187563965275,2725,-0.6375,0,0
0.70187599951154,2726,-0.637,0,0
0.70187635950208,2727,-0.6365,0,0
0.70187671962438,2728,-0.636,0,0
0.70187707987845,2729,-0.6355,0,0
0.70187744026428,2730,-0.635,0,0
0.70187780078186,2731,-0.6345,0,0
0.70187816143121,2732,-0.634,0,0
0.70187852221231,2733,-0.6335,0,0
0.70187888312517,2734,-0.633,0,0
0.7018792441698,2735,-0.6325,0,0
0.70187960534618,2736,-0.632,0,0
0.70187996665432,2737,-0.6315,0,0
0.70188032809422,2738,-0.631,0,0
0.70188068966587,2739,-0.6305,0,0
0.70188105136928,2740,-0.63,0,0
0.70188141320445,2741,-0.6295,0,0
0.70188177517138,2742,-0.629,0,0
0.70188213727006,2743,-0.6285,0,0
0.7018824995005,2744,-0.628,0,0
0.7018828618627,2745,-0.6275,0,0
0.70188322435665,2746,-0.627,0,0
0.70188358698235,2747,-0.6265,0,0
0.70188394973982,2748,-0.626,0,0
0.70188431262903,2749,-0.6255,0,0
0.70188467565,2750,-0.625,0,0
0.70188503880272,2751,-0.6245,0,0
0.7018854020872,2752,-0.624,0,0
0.70188576550343,2753,-0.6235,0,0
0.70188612905142,2754,-0.623,0,0
0.70188649273115,2755,-0.6225,0,0
0.70188685654264,2756,-0.622,0,0
0.70188722048589,2757,-0.6215,0,0
0.70188758456088,2758,-0.621,0,0
0.70188794876762,2759,-0.6205,0,0
0.70188831310612,2760,-0.62,0,0
0.70188867757637,2761,-0.6195,0,0
0.70188904217837,2762,-0.619,0,0
0.70188940691212,2763,-0.6185,0,0
0.70188977177761,2764,-0.618,0,0
0.70189013677486,2765,-0.6175,0,0
0.70189050190386,2766,-0.617,0,0
0.70189086716461,2767,-0.6165,0,0
0.7018912325571,2768,-0.616,0,0
0.70189159808135,2769,-0.6155,0,0
0.70189196373734,2770,-0.615,0,0
0.70189232952508,2771,-0.6145,0,0
0.70189269544457,2772,-0.614,0,0
0.70189306149581,2773,-0.6135,0,0
0.70189342767879,2774,-0.613,0,0
0.70189379399352,2775,-0.6125,0,0
0.70189416044,2776,-0.612,0,0
0.70189452701822,2777,-0.6115,0,0
0.70189489372819,2778,-0.611,0,0
0.7018952605699,2779,-0.6105,0,0
0.70189562754336,2780,-0.61,0,0
0.70189599464857,2781,-0.6095,0,0
0.70189636188551,2782,-0.609,0,0
0.70189672925421,2783,-0.6085,0,0
0.70189709675464,2784,-0.608,0,0
0.70189746438683,2785,-0.6075,0,0
0.70189783215075,2786,-0.607,0,0
0.70189820004642,2787,-0.6065,0,0
0.70189856807383,2788,-0.606,0,0
0.70189893623298,2789,-0.6055,0,0
0.70189930452387,2790,-0.605,0,0
0.70189967294651,2791,-0.6045,0,0
0.70190004150089,2792,-0.604,0,0
0.70190041018701,2793,-0.6035,0,0
0.70190077900487,2794,-0.603,0,0
0.70190114795447,2795,-0.6025,0,0
0.70190151703581,2796,-0.602,0,0
0.70190188624889,2797,-0.6015,0,0
0.70190225559371,2798,-0.601,0,0
0.70190262507027,2799,-0.6005,0,0
0.70190299467857,2800,-0.6,0,0
0.70190336441861,2801,-0.5995,0,0
0.70190373429039,2802,-0.599,0,0
0.7019041042939,2803,-0.5985,0,0
0.70190447442916,2804,-0.598,0,0
0.70190484469615,2805,-0.5975,0,0
0.70190521509487,2806,-0.597,0,0
0.70190558562534,2807,-0.5965,0,0
0.70190595628754,2808,-0.596,0,0
0.70190632708148,2809,-0.5955,0,0
0.70190669800715,2810,-0.595,0,0
0.70190706906456,2811,-0.5945,0,0
0.7019074402537,2812,-0.594,0,0
0.70190781157458,2813,-0.5935,0,0
0.7019081830272,2814,-0.593,0,0
0.70190855461155,2815,-0.5925,0,0
0.70190892632763,2816,-0.592,0,0
0.70190929817545,2817,-0.5915,0,0
0.701909670155,2818,-0.591,0,0
0.70191004226628,2819,-0.5905,0,0
0.7019104145093,2820,-0.59,0,0
0.70191078688405,2821,-0.5895,0,0
0.70191115939053,2822,-0.589,0,0
0.70191153202874,2823,-0.5885,0,0
0.70191190479869,2824,-0.588,0,0
0.70191227770036,2825,-0.5875,0,0
0.70191265073377,2826,-0.587,0,0
0.70191302389891,2827,-0.5865,0,0
0.70191339719578,2828,-0.586,0,0
0.70191377062438,2829,-0.5855,0,0
0.70191414418471,2830,-0.585,0,0
0.70191451787677,2831,-0.5845,0,0
0.70191489170055,2832,-0.584,0,0
0.70191526565607,2833,-0.5835,0,0
0.70191563974332,2834,-0.583,0,0
0.70191601396229,2835,-0.5825,0,0
0.70191638831299,2836,-0.582,0,0
0.70191676279542,2837,-0.5815,0,0
0.70191713740958,2838,-0.581,0,0
0.70191751215546,2839,-0.5805,0,0
0.70191788703307,2840,-0.58,0,0
0.70191826204241,2841,-0.5795,0,0
0.70191863718347,2842,-0.579,0,0
0.70191901245626,2843,-0.5785,0,0
0.70191938786077,2844,-0.578,0,0
0.70191976339701,2845,-0.5775,0,0
0.70192013906497,2846,-0.577,0,0
0.70192051486466,2847,-0.5765,0,0
0.70192089079607,2848,-0.576,0,0
0.70192126685921,2849,-0.5755,0,0
0.70192164305407,2850,-0.575,0,0
0.70192201938065,2851,-0.5745,0,0
0.70192239583896,2852,-0.574,0,0
0.70192277242899,2853,-0.5735,0,0
0.70192314915074,2854,-0.573,0,0
0.70192352600421,2855,-0.5725,0,0
0.70192390298941,2856,-0.572,0,0
0.70192428010632,2857,-0.5715,0,0
0.70192465735496,2858,-0.571,0,0
0.70192503473532,2859,-0.5705,0,0
0.7019254122474,2860,-0.57,0,0
0.70192578989119,2861,-0.5695,0,0
0.70192616766671,2862,-0.569,0,0
0.70192654557395,2863,-0.5685,0,0
0.70192692361291,2864,-0.568,0,0
0.70192730178358,2865,-0.5675,0,0
0.70192768008598,2866,-0.567,0,0
0.70192805852009,2867,-0.5665,0,0
0.70192843708592,2868,-0.566,0,0
0.70192881578347,2869,-0.5655,0,0
0.70192919461274,2870,-0.565,0,0
0.70192957357372,2871,-0.5645,0,0
0.70192995266642,2872,-0.564,0,0
0.70193033189083,2873,-0.5635,0,0
0.70193071124696,2874,-0.563,0,0
0.70193109073481,2875,-0.5625,0,0
0.70193147035437,2876,-0.562,0,0
0.70193185010565,2877,-0.5615,0,0
0.70193222998865,2878,-0.561,0,0
0.70193261000335,2879,-0.5605,0,0
0.70193299014977,2880,-0.56,0,0
0.70193337042791,2881,-0.5595,0,0
0.70193375083776,2882,-0.559,0,0
0.70193413137932,2883,-0.5585,0,0
0.70193451205259,2884,-0.558,0,0
0.70193489285758,2885,-0.5575,0,0
0.70193527379428,2886,-0.557,0,0
0.70193565486269,2887,-0.5565,0,0
0.70193603606281,2888,-0.556,0,0
0.70193641739465,2889,-0.5555,0,0
0.70193679885819,2890,-0.555,0,0
0.70193718045345,2891,-0.5545,0,0
0.70193756218042,2892,-0.554,0,0
0.70193794403909,2893,-0.5535,0,0
0.70193832602948,2894,-0.553,0,0
0.70193870815157,2895,-0.5525,0,0
0.70193909040538,2896,-0.552,0,0
0.70193947279089,2897,-0.5515,0,0
0.70193985530811,2898,-0.551,0,0
0.70194023795704,2899,-0.5505,0,0
0.70194062073768,2900,-0.55,0,0
0.70194100365002,2901,-0.5495,0,0
0.70194138669407,2902,-0.549,0,0
0.70194176986983,2903,-0.5485,0,0
0.7019421531773,2904,-0.548,0,0
0.70194253661647,2905,-0.5475,0,0
0.70194292018735,2906,-0.547,0,0
0.70194330388993,2907,-0.5465,0,0
0.70194368772422,2908,-0.546,0,0
0.70194407169021,2909,-0.5455,0,0
0.70194445578791,2910,-0.545,0,0
0.70194484001731,2911,-0.5445,0,0
0.70194522437842,2912,-0.544,0,0
0.70194560887123,2913,-0.5435,0,0
0.70194599349574,2914,-0.543,0,0
0.70194637825196,2915,-0.5425,0,0
0.70194676313987,2916,-0.542,0,0
0.70194714815949,2917,-0.5415,0,0
0.70194753331082,2918,-0.541,0,0
0.70194791859384,2919,-0.5405,0,0
0.70194830400857,2920,-0.54,0,0
0.701948689555,2921,-0.5395,0,0
0.70194907523312,2922,-0.539,0,0
0.70194946104295,2923,-0.5385,0,0
0.70194984698448,2924,-0.538,0,0
0.70195023305771,2925,-0.5375,0,0
0.70195061926264,2926,-0.537,0,0
0.70195100559926,2927,-0.5365,0,0
0.70195139206759,2928,-0.536,0,0
0.70195177866761,2929,-0.5355,0,0
0.70195216539934,2930,-0.535,0,0
0.70195255226276,2931,-0.5345,0,0
0.70195293925787,2932,-0.534,0,0
0.70195332638469,2933,-0.5335,0,0
0.7019537136432,2934,-0.533,0,0
0.70195410103341,2935,-0.5325,0,0
0.70195448855531,2936,-0.532,0,0
0.70195487620891,2937,-0.5315,0,0
0.70195526399421,2938,-0.531,0,0
0.7019556519112,2939,-0.5305,0,0
0.70195603995989,2940,-0.53,0,0
0.70195642814027,2941,-0.5295,0,0
0.70195681645234,2942,-0.529,0,0
0.70195720489611,2943,-0.5285,0,0
0.70195759347158,2944,-0.528,0,0
0.70195798217873,2945,-0.5275,0,0
0.70195837101758,2946,-0.527,0,0
0.70195875998812,2947,-0.5265,0,0
0.70195914909036,2948,-0.526,0,0
0.70195953832428,2949,-0.5255,0,0
0.7019599276899,2950,-0.525,0,0
0.70196031718721,2951,-0.5245,0,0
0.70196070681621,2952,-0.524,0,0
0.7019610965769,2953,-0.5235,0,0
0.70196148646929,2954,-0.523,0,0
0.70196187649336,2955,-0.5225,0,0
0.70196226664912,2956,-0.522,0,0
0.70196265693657,2957,-0.5215,0,0
0.70196304735571,2958,-0.521,0,0
0.70196343790654,2959,-0.5205,0,0
0.70196382858906,2960,-0.52,0,0
0.70196421940326,2961,-0.5195,0,0
0.70196461034916,2962,-0.519,0,0
0.70196500142674,2963,-0.5185,0,0
0.70196539263601,2964,-0.518,0,0
0.70196578397696,2965,-0.5175,0,0
0.7019661754496,2966,-0.517,0,0
0.70196656705393,2967,-0.5165,0,0
0.70196695878995,2968,-0.516,0,0
0.70196735065764,2969,-0.5155,0,0
0.70196774265703,2970,-0.515,0,0
0.7019681347881,2971,-0.5145,0,0
0.70196852705085,2972,-0.514,0,0
0.70196891944529,2973,-0.5135,0,0
0.70196931197141,2974,-0.513,0,0
0.70196970462922,2975,-0.5125,0,0
0.70197009741871,2976,-0.512,0,0
0.70197049033988,2977,-0.5115,0,0
0.70197088339273,2978,-0.511,0,0
0.70197127657727,2979,-0.5105,0,0
0.70197166989349,2980,-0.51,0,0
0.70197206334139,2981,-0.5095,0,0
0.70197245692097,2982,-0.509,0,0
0.70197285063223,2983,-0.5085,0,0
0.70197324447518,2984,-0.508,0,0
0.7019736384498,2985,-0.5075,0,0
0.7019740325561,2986,-0.507,0,0
0.70197442679409,2987,-0.5065,0,0
0.70197482116375,2988,-0.506,0,0
0.70197521566509,2989,-0.5055,0,0
0.70197561029811,2990,-0.505,0,0
0.70197600506281,2991,-0.5045,0,0
0.70197639995919,2992,-0.504,0,0
0.70197679498724,2993,-0.5035,0,0
0.70197719014697,2994,-0.503,0,0
0.70197758543838,2995,-0.5025,0,0
0.70197798086147,2996,-0.502,0,0
0.70197837641623,2997,-0.5015,0,0
0.70197877210267,2998,-0.501,0,0
0.70197916792078,2999,-0.5005,0,0
0.70197956387057,3000,-0.5,0,0
0.70197995995203,3001,-0.4995,0,0
0.70198035616517,3002,-0.499,0,0
0.70198075250998,3003,-0.4985,0,0
0.70198114898647,3004,-0.498,0,0
0.70198154559463,3005,-0.4975,0,0
0.70198194233447,3006,-0.497,0,0
0.70198233920597,3007,-0.4965,0,0
0.70198273620915,3008,-0.496,0,0
0.70198313334401,3009,-0.4955,0,0
0.70198353061053,3010,-0.495,0,0
0.70198392800873,3011,-0.4945,0,0
0.7019843255386,3012,-0.494,0,0
0.70198472320013,3013,-0.4935,0,0
0.70198512099334,3014,-0.493,0,0
0.70198551891822,3015,-0.4925,0,0
0.70198591697477,3016,-0.492,0,0
0.70198631516299,3017,-0.4915,0,0
0.70198671348288,3018,-0.491,0,0
0.70198711193444,3019,-0.4905,0,0
0.70198751051767,3020,-0.49,0,0
0.70198790923256,3021,-0.4895,0,0
0.70198830807913,3022,-0.489,0,0
0.70198870705736,3023,-0.4885,0,0
0.70198910616726,3024,-0.488,0,0
0.70198950540883,3025,-0.4875,0,0
0.70198990478206,3026,-0.487,0,0
0.70199030428696,3027,-0.4865,0,0
0.70199070392352,3028,-0.486,0,0
0.70199110369175,3029,-0.4855,0,0
0.70199150359165,3030,-0.485,0,0
0.70199190362321,3031,-0.4845,0,0
0.70199230378644,3032,-0.484,0,0
0.70199270408133,3033,-0.4835,0,0
0.70199310450789,3034,-0.483,0,0
0.70199350506611,3035,-0.4825,0,0
0.70199390575599,3036,-0.482,0,0
0.70199430657753,3037,-0.4815,0,0
0.70199470753074,3038,-0.481,0,0
0.70199510861561,3039,-0.4805,0,0
0.70199550983215,3040,-0.48,0,0
0.70199591118034,3041,-0.4795,0,0
0.7019963126602,3042,-0.479,0,0
0.70199671427171,3043,-0.4785,0,0
0.70199711601489,3044,-0.478,0,0
0.70199751788973,3045,-0.4775,0,0
0.70199791989623,3046,-0.477,0,0
0.70199832203439,3047,-0.4765,0,0
0.7019987243042,3048,-0.476,0,0
0.70199912670568,3049,-0.4755,0,0
0.70199952923882,3050,-0.475,0,0
0.70199993190361,3051,-0.4745,0,0
0.70200033470006,3052,-0.474,0,0
0.70200073762817,3053,-0.4735,0,0
0.70200114068794,3054,-0.473,0,0
0.70200154387937,3055,-0.4725,0,0
0.70200194720245,3056,-0.472,0,0
0.70200235065719,3057,-0.4715,0,0
0.70200275424358,3058,-0.471,0,0
0.70200315796163,3059,-0.4705,0,0
0.70200356181133,3060,-0.47,0,0
0.70200396579269,3061,-0.4695,0,0
0.70200436990571,3062,-0.469,0,0
0.70200477415038,3063,-0.4685,0,0
0.7020051785267,3064,-0.468,0,0
0.70200558303468,3065,-0.4675,0,0
0.70200598767431,3066,-0.467,0,0
0.70200639244559,3067,-0.4665,0,0
0.70200679734853,3068,-0.466,0,0
0.70200720238312,3069,-0.4655,0,0
0.70200760754936,3070,-0.465,0,0
0.70200801284725,3071,-0.4645,0,0
0.7020084182768,3072,-0.464,0,0
0.70200882383799,3073,-0.4635,0,0
0.70200922953084,3074,-0.463,0,0
0.70200963535533,3075,-0.4625,0,0
0.70201004131148,3076,-0.462,0,0
0.70201044739927,3077,-0.4615,0,0
0.70201085361872,3078,-0.461,0,0
0.70201125996981,3079,-0.4605,0,0
0.70201166645256,3080,-0.46,0,0
0.70201207306695,3081,-0.4595,0,0
0.70201247981299,3082,-0.459,0,0
0.70201288669067,3083,-0.4585,0,0
0.70201329370001,3084,-0.458,0,0
0.70201370084099,3085,-0.4575,0,0
0.70201410811362,3086,-0.457,0,0
0.70201451551789,3087,-0.4565,0,0
0.70201492305381,3088,-0.456,0,0
0.70201533072137,3089,-0.4555,0,0
0.70201573852059,3090,-0.455,0,0
0.70201614645144,3091,-0.4545,0,0
0.70201655451394,3092,-0.454,0,0
0.70201696270809,3093,-0.4535,0,0
0.70201737103388,3094,-0.453,0,0
0.70201777949131,3095,-0.4525,0,0
0.70201818808038,3096,-0.452,0,0
0.7020185968011,3097,-0.4515,0,0
0.70201900565346,3098,-0.451,0,0
0.70201941463747,3099,-0.4505,0,0
0.70201982375311,3100,-0.45,0,0
0.7020202330004,3101,-0.4495,0,0
0.70202064237933,3102,-0.449,0,0
0.70202105188989,3103,-0.4485,0,0
0.7020214615321,3104,-0.448,0,0
0.70202187130595,3105,-0.4475,0,0
0.70202228121144,3106,-0.447,0,0
0.70202269124857,3107,-0.4465,0,0
0.70202310141734,3108,-0.446,0,0
0.70202351171775,3109,-0.4455,0,0
0.70202392214979,3110,-0.445,0,0
0.70202433271348,3111,-0.4445,0,0
0.7020247434088,3112,-0.444,0,0
0.70202515423576,3113,-0.4435,0,0
0.70202556519435,3114,-0.443,0,0
0.70202597628458,3115,-0.4425,0,0
0.70202638750645,3116,-0.442,0,0
0.70202679885996,3117,-0.4415,0,0
0.7020272103451,3118,-0.441,0,0
0.70202762196188,3119,-0.4405,0,0
0.70202803371029,3120,-0.44,0,0
0.70202844559033,3121,-0.4395,0,0
0.70202885760201,3122,-0.439,0,0
0.70202926974533,3123,-0.4385,0,0
0.70202968202028,3124,-0.438,0,0
0.70203009442686,3125,-0.4375,0,0
0.70203050696507,3126,-0.437,0,0
0.70203091963492,3127,-0.4365,0,0
0.7020313324364,3128,-0.436,0,0
0.70203174536951,3129,-0.4355,0,0
0.70203215843426,3130,-0.435,0,0
0.70203257163063,3131,-0.4345,0,0
0.70203298495864,3132,-0.434,0,0
0.70203339841827,3133,-0.4335,0,0
0.70203381200954,3134,-0.433,0,0
0.70203422573243,3135,-0.4325,0,0
0.70203463958696,3136,-0.432,0,0
0.70203505357311,3137,-0.4315,0,0
0.7020354676909,3138,-0.431,0,0
0.70203588194031,3139,-0.4305,0,0
0.70203629632135,3140,-0.43,0,0
0.70203671083402,3141,-0.4295,0,0
0.70203712547832,3142,-0.429,0,0
0.70203754025424,3143,-0.4285,0,0
0.70203795516179,3144,-0.428,0,0
0.70203837020097,3145,-0.4275,0,0
0.70203878537177,3146,-0.427,0,0
0.7020392006742,3147,-0.4265,0,0
0.70203961610825,3148,-0.426,0,0
0.70204003167393,3149,-0.4255,0,0
0.70204044737123,3150,-0.425,0,0
0.70204086320016,3151,-0.4245,0,0
0.70204127916071,3152,-0.424,0,0
0.70204169525289,3153,-0.4235,0,0
0.70204211147669,3154,-0.423,0,0
0.70204252783211,3155,-0.4225,0,0
0.70204294431915,3156,-0.422,0,0
0.70204336093782,3157,-0.4215,0,0
0.70204377768811,3158,-0.421,0,0
0.70204419457002,3159,-0.4205,0,0
0.70204461158355,3160,-0.42,0,0
0.70204502872871,3161,-0.4195,0,0
0.70204544600548,3162,-0.419,0,0
0.70204586341387,3163,-0.4185,0,0
0.70204628095389,3164,-0.418,0,0
0.70204669862552,3165,-0.4175,0,0
0.70204711642877,3166,-0.417,0,0
0.70204753436364,3167,-0.4165,0,0
0.70204795243013,3168,-0.416,0,0
0.70204837062824,3169,-0.4155,0,0
0.70204878895797,3170,-0.415,0,0
0.70204920741931,3171,-0.4145,0,0
0.70204962601227,3172,-0.414,0,0
0.70205004473685,3173,-0.4135,0,0
0.70205046359304,3174,-0.413,0,0
0.70205088258085,3175,-0.4125,0,0
0.70205130170027,3176,-0.412,0,0
0.70205172095131,3177,-0.4115,0,0
0.70205214033397,3178,-0.411,0,0
0.70205255984824,3179,-0.4105,0,0
0.70205297949412,3180,-0.41,0,0
0.70205339927162,3181,-0.4095,0,0
0.70205381918073,3182,-0.409,0,0
0.70205423922146,3183,-0.4085,0,0
0.7020546593938,3184,-0.408,0,0
0.70205507969775,3185,-0.4075,0,0
0.70205550013331,3186,-0.407,0,0
0.70205592070049,3187,-0.4065,0,0
0.70205634139927,3188,-0.406,0,0
0.70205676222967,3189,-0.4055,0,0
0.70205718319168,3190,-0.405,0,0
0.7020576042853,3191,-0.4045,0,0
0.70205802551053,3192,-0.404,0,0
0.70205844686737,3193,-0.4035,0,0
0.70205886835581,3194,-0.403,0,0
0.70205928997587,3195,-0.4025,0,0
0.70205971172754,3196,-0.402,0,0
0.70206013361081,3197,-0.4015,0,0
0.70206055562569,3198,-0.401,0,0
0.70206097777218,3199,-0.4005,0,0
0.70206140005028,3200,-0.4,0,0
0.70206182245999,3201,-0.3995,0,0
0.7020622450013,3202,-0.399,0,0
0.70206266767421,3203,-0.3985,0,0
0.70206309047874,3204,-0.398,0,0
0.70206351341487,3205,-0.3975,0,0
0.7020639364826,3206,-0.397,0,0
0.70206435968194,3207,-0.3965,0,0
0.70206478301288,3208,-0.396,0,0
0.70206520647543,3209,-0.3955,0,0
0.70206563006958,3210,-0.395,0,0
0.70206605379533,3211,-0.3945,0,0
0.70206647765269,3212,-0.394,0,0
0.70206690164165,3213,-0.3935,0,0
0.70206732576222,3214,-0.393,0,0
0.70206775001438,3215,-0.3925,0,0
0.70206817439815,3216,-0.392,0,0
0.70206859891351,3217,-0.3915,0,0
0.70206902356048,3218,-0.391,0,0
0.70206944833905,3219,-0.3905,0,0
0.70206987324922,3220,-0.39,0,0
0.70207029829099,3221,-0.3895,0,0
0.70207072346436,3222,-0.389,0,0
0.70207114876933,3223,-0.3885,0,0
0.7020715742059,3224,-0.388,0,0
0.70207199977406,3225,-0.3875,0,0
0.70207242547383,3226,-0.387,0,0
0.70207285130519,3227,-0.3865,0,0
0.70207327726815,3228,-0.386,0,0
0.7020737033627,3229,-0.3855,0,0
0.70207412958886,3230,-0.385,0,0
0.70207455594661,3231,-0.3845,0,0
0.70207498243595,3232,-0.384,0,0
0.70207540905689,3233,-0.3835,0,0
0.70207583580943,3234,-0.383,0,0
0.70207626269356,3235,-0.3825,0,0
0.70207668970929,3236,-0.382,0,0
0.70207711685661,3237,-0.3815,0,0
0.70207754413552,3238,-0.381,0,0
0.70207797154603,3239,-0.3805,0,0
0.70207839908813,3240,-0.38,0,0
0.70207882676182,3241,-0.3795,0,0
0.70207925456711,3242,-0.379,0,0
0.70207968250399,3243,-0.3785,0,0
0.70208011057246,3244,-0.378,0,0
0.70208053877252,3245,-0.3775,0,0
0.70208096710417,3246,-0.377,0,0
0.70208139556741,3247,-0.3765,0,0
0.70208182416224,3248,-0.376,0,0
0.70208225288867,3249,-0.3755,0,0
0.70208268174668,3250,-0.375,0,0
0.70208311073628,3251,-0.3745,0,0
0.70208353985747,3252,-0.374,0,0
0.70208396911025,3253,-0.3735,0,0
0.70208439849462,3254,-0.373,0,0
0.70208482801058,3255,-0.3725,0,0
0.70208525765812,3256,-0.372,0,0
0.70208568743725,3257,-0.3715,0,0
0.70208611734797,3258,-0.371,0,0
0.70208654739027,3259,-0.3705,0,0
0.70208697756416,3260,-0.37,0,0
0.70208740786964,3261,-0.3695,0,0
0.7020878383067,3262,-0.369,0,0
0.70208826887534,3263,-0.3685,0,0
0.70208869957557,3264,-0.368,0,0
0.70208913040739,3265,-0.3675,0,0
0.70208956137078,3266,-0.367,0,0
0.70208999246577,3267,-0.3665,0,0
0.70209042369233,3268,-0.366,0,0
0.70209085505048,3269,-0.3655,0,0
0.70209128654021,3270,-0.365,0,0
0.70209171816152,3271,-0.3645,0,0
0.70209214991441,3272,-0.364,0,0
0.70209258179889,3273,-0.3635,0,0
0.70209301381495,3274,-0.363,0,0
0.70209344596258,3275,-0.3625,0,0
0.7020938782418,3276,-0.362,0,0
0.7020943106526,3277,-0.3615,0,0
0.70209474319497,3278,-0.361,0,0
0.70209517586893,3279,-0.3605,0,0
0.70209560867447,3280,-0.36,0,0
0.70209604161158,3281,-0.3595,0,0
0.70209647468027,3282,-0.359,0,0
0.70209690788054,3283,-0.3585,0,0
0.70209734121239,3284,-0.358,0,0
0.70209777467581,3285,-0.3575,0,0
0.70209820827081,3286,-0.357,0,0
0.70209864199739,3287,-0.3565,0,0
0.70209907585554,3288,-0.356,0,0
0.70209950984527,3289,-0.3555,0,0
0.70209994396657,3290,-0.355,0,0
0.70210037821945,3291,-0.3545,0,0
0.70210081260391,3292,-0.354,0,0
0.70210124711993,3293,-0.3535,0,0
0.70210168176754,3294,-0.353,0,0
0.70210211654671,3295,-0.3525,0,0
0.70210255145746,3296,-0.352,0,0
0.70210298649978,3297,-0.3515,0,0
0.70210342167367,3298,-0.351,0,0
0.70210385697914,3299,-0.3505,0,0
0.70210429241617,3300,-0.35,0,0
0.70210472798478,3301,-0.3495,0,0
0.70210516368496,3302,-0.349,0,0
0.70210559951671,3303,-0.3485,0,0
0.70210603548003,3304,-0.348,0,0
0.70210647157492,3305,-0.3475,0,0
0.70210690780138,3306,-0.347,0,0
0.70210734415941,3307,-0.3465,0,0
0.702107780649,3308,-0.346,0,0
0.70210821727017,3309,-0.3455,0,0
0.7021086540229,3310,-0.345,0,0
0.7021090909072,3311,-0.3445,0,0
0.70210952792307,3312,-0.344,0,0
0.7021099650705,3313,-0.3435,0,0
0.70211040234951,3314,-0.343,0,0
0.70211083976007,3315,-0.3425,0,0
0.70211127730221,3316,-0.342,0,0
0.70211171497591,3317,-0.3415,0,0
0.70211215278117,3318,-0.341,0,0
0.702112590718,3319,-0.3405,0,0
0.70211302878639,3320,-0.34,0,0
0.70211346698635,3321,-0.3395,0,0
0.70211390531787,3322,-0.339,0,0
0.70211434378096,3323,-0.3385,0,0
0.7021147823756,3324,-0.338,0,0
0.70211522110181,3325,-0.3375,0,0
0.70211565995959,3326,-0.337,0,0
0.70211609894892,3327,-0.3365,0,0
0.70211653806981,3328,-0.336,0,0
0.70211697732227,3329,-0.3355,0,0
0.70211741670629,3330,-0.335,0,0
0.70211785622187,3331,-0.3345,0,0
0.702118295869,3332,-0.334,0,0
0.7021187356477,3333,-0.3335,0,0
0.70211917555796,3334,-0.333,0,0
0.70211961559977,3335,-0.3325,0,0
0.70212005577315,3336,-0.332,0,0
0.70212049607808,3337,-0.3315,0,0
0.70212093651457,3338,-0.331,0,0
0.70212137708262,3339,-0.3305,0,0
0.70212181778222,3340,-0.33,0,0
0.70212225861338,3341,-0.3295,0,0
0.7021226995761,3342,-0.329,0,0
0.70212314067037,3343,-0.3285,0,0
0.7021235818962,3344,-0.328,0,0
0.70212402325359,3345,-0.3275,0,0
0.70212446474252,3346,-0.327,0,0
0.70212490636302,3347,-0.3265,0,0
0.70212534811507,3348,-0.326,0,0
0.70212578999867,3349,-0.3255,0,0
0.70212623201382,3350,-0.325,0,0
0.70212667416053,3351,-0.3245,0,0
0.70212711643879,3352,-0.324,0,0
0.7021275588486,3353,-0.3235,0,0
0.70212800138997,3354,-0.323,0,0
0.70212844406289,3355,-0.3225,0,0
0.70212888686735,3356,-0.322,0,0
0.70212932980337,3357,-0.3215,0,0
0.70212977287094,3358,-0.321,0,0
0.70213021607006,3359,-0.3205,0,0
0.70213065940073,3360,-0.32,0,0
0.70213110286295,3361,-0.3195,0,0
0.70213154645671,3362,-0.319,0,0
0.70213199018203,3363,-0.3185,0,0
0.70213243403889,3364,-0.318,0,0
0.70213287802731,3365,-0.3175,0,0
0.70213332214726,3366,-0.317,0,0
0.70213376639877,3367,-0.3165,0,0
0.70213421078182,3368,-0.316,0,0
0.70213465529642,3369,-0.3155,0,0
0.70213509994257,3370,-0.315,0,0
0.70213554472026,3371,-0.3145,0,0
0.7021359896295,3372,-0.314,0,0
0.70213643467028,3373,-0.3135,0,0
0.70213687984261,3374,-0.313,0,0
0.70213732514648,3375,-0.3125,0,0
0.70213777058189,3376,-0.312,0,0
0.70213821614885,3377,-0.3115,0,0
0.70213866184735,3378,-0.311,0,0
0.70213910767739,3379,-0.3105,0,0
0.70213955363898,3380,-0.31,0,0
0.70213999973211,3381,-0.3095,0,0
0.70214044595678,3382,-0.309,0,0
0.70214089231299,3383,-0.3085,0,0
0.70214133880074,3384,-0.308,0,0
0.70214178542003,3385,-0.3075,0,0
0.70214223217086,3386,-0.307,0,0
0.70214267905323,3387,-0.3065,0,0
0.70214312606714,3388,-0.306,0,0
0.70214357321259,3389,-0.3055,0,0
0.70214402048958,3390,-0.305,0,0
0.70214446789811,3391,-0.3045,0,0
0.70214491543817,3392,-0.304,0,0
0.70214536310978,3393,-0.3035,0,0
0.70214581091292,3394,-0.303,0,0
0.70214625884759,3395,-0.3025,0,0
0.7021467069138,3396,-0.302,0,0
0.70214715511155,3397,-0.3015,0,0
0.70214760344084,3398,-0.301,0,0
0.70214805190166,3399,-0.3005,0,0
0.70214850049401,3400,-0.3,0,0
0.7021489492179,3401,-0.2995,0,0
0.70214939807332,3402,-0.299,0,0
0.70214984706028,3403,-0.2985,0,0
0.70215029617877,3404,-0.298,0,0
0.70215074542879,3405,-0.2975,0,0
0.70215119481035,3406,-0.297,0,0
0.70215164432344,3407,-0.2965,0,0
0.70215209396806,3408,-0.296,0,0
0.70215254374421,3409,-0.2955,0,0
0.70215299365189,3410,-0.295,0,0
0.70215344369111,3411,-0.2945,0,0
0.70215389386185,3412,-0.294,0,0
0.70215434416412,3413,-0.2935,0,0
0.70215479459793,3414,-0.293,0,0
0.70215524516326,3415,-0.2925,0,0
0.70215569586012,3416,-0.292,0,0
0.70215614668851,3417,-0.2915,0,0
0.70215659764843,3418,-0.291,0,0
0.70215704873988,3419,-0.2905,0,0
0.70215749996285,3420,-0.29,0,0
0.70215795131735,3421,-0.2895,0,0
0.70215840280338,3422,-0.289,0,0
0.70215885442093,3423,-0.2885,0,0
0.70215930617001,3424,-0.288,0,0
0.70215975805062,3425,-0.2875,0,0
0.70216021006275,3426,-0.287,0,0
0.7021606622064,3427,-0.2865,0,0
0.70216111448158,3428,-0.286,0,0
0.70216156688829,3429,-0.2855,0,0
0.70216201942651,3430,-0.285,0,0
0.70216247209626,3431,-0.2845,0,0
0.70216292489754,3432,-0.284,0,0
0.70216337783033,3433,-0.2835,0,0
0.70216383089465,3434,-0.283,0,0
0.70216428409049,3435,-0.2825,0,0
0.70216473741785,3436,-0.282,0,0
0.70216519087674,3437,-0.2815,0,0
0.70216564446714,3438,-0.281,0,0
0.70216609818906,3439,-0.2805,0,0
0.7021665520425,3440,-0.28,0,0
0.70216700602747,3441,-0.2795,0,0
0.70216746014395,3442,-0.279,0,0
0.70216791439195,3443,-0.2785,0,0
0.70216836877147,3444,-0.278,0,0
0.70216882328251,3445,-0.2775,0,0
0.70216927792506,3446,-0.277,0,0
0.70216973269913,3447,-0.2765,0,0
0.70217018760472,3448,-0.276,0,0
0.70217064264183,3449,-0.2755,0,0
0.70217109781045,3450,-0.275,0,0
0.70217155311058,3451,-0.2745,0,0
0.70217200854224,3452,-0.274,0,0
0.7021724641054,3453,-0.2735,0,0
0.70217291980008,3454,-0.273,0,0
0.70217337562628,3455,-0.2725,0,0
0.70217383158399,3456,-0.272,0,0
0.70217428767321,3457,-0.2715,0,0
0.70217474389395,3458,-0.271,0,0
0.7021752002462,3459,-0.2705,0,0
0.70217565672996,3460,-0.27,0,0
0.70217611334523,3461,-0.2695,0,0
0.70217657009202,3462,-0.269,0,0
0.70217702697032,3463,-0.2685,0,0
0.70217748398012,3464,-0.268,0,0
0.70217794112144,3465,-0.2675,0,0
0.70217839839427,3466,-0.267,0,0
0.7021788557986,3467,-0.2665,0,0
0.70217931333445,3468,-0.266,0,0
0.70217977100181,3469,-0.2655,0,0
0.70218022880067,3470,-0.265,0,0
0.70218068673104,3471,-0.2645,0,0
0.70218114479292,3472,-0.264,0,0
0.70218160298631,3473,-0.2635,0,0
0.7021820613112,3474,-0.263,0,0
0.7021825197676,3475,-0.2625,0,0
0.70218297835551,3476,-0.262,0,0
0.70218343707492,3477,-0.2615,0,0
0.70218389592584,3478,-0.261,0,0
0.70218435490827,3479,-0.2605,0,0
0.70218481402219,3480,-0.26,0,0
0.70218527326763,3481,-0.2595,0,0
0.70218573264456,3482,-0.259,0,0
0.702186192153,3483,-0.2585,0,0
0.70218665179295,3484,-0.258,0,0
0.70218711156439,3485,-0.2575,0,0
0.70218757146734,3486,-0.257,0,0
0.70218803150179,3487,-0.2565,0,0
0.70218849166774,3488,-0.256,0,0
0.7021889519652,3489,-0.2555,0,0
0.70218941239415,3490,-0.255,0,0
0.7021898729546,3491,-0.2545,0,0
0.70219033364656,3492,-0.254,0,0
0.70219079447001,3493,-0.2535,0,0
0.70219125542497,3494,-0.253,0,0
0.70219171651142,3495,-0.2525,0,0
0.70219217772937,3496,-0.252,0,0
0.70219263907882,3497,-0.2515,0,0
0.70219310055977,3498,-0.251,0,0
0.70219356217221,3499,-0.2505,0,0
0.70219402391616,3500,-0.25,0,0
0.70219448579159,3501,-0.2495,0,0
0.70219494779853,3502,-0.249,0,0
0.70219540993696,3503,-0.2485,0,0
0.70219587220689,3504,-0.248,0,0
0.70219633460831,3505,-0.2475,0,0
0.70219679714122,3506,-0.247,0,0
0.70219725980563,3507,-0.2465,0,0
0.70219772260154,3508,-0.246,0,0
0.70219818552894,3509,-0.2455,0,0
0.70219864858783,3510,-0.245,0,0
0.70219911177821,3511,-0.2445,0,0
0.70219957510009,3512,-0.244,0,0
0.70220003855346,3513,-0.2435,0,0
0.70220050213832,3514,-0.243,0,0
0.70220096585467,3515,-0.2425,0,0
0.70220142970251,3516,-0.242,0,0
0.70220189368185,3517,-0.2415,0,0
0.70220235779267,3518,-0.241,0,0
0.70220282203498,3519,-0.2405,0,0
0.70220328640879,3520,-0.24,0,0
0.70220375091408,3521,-0.2395,0,0
0.70220421555086,3522,-0.239,0,0
0.70220468031912,3523,-0.2385,0,0
0.70220514521888,3524,-0.238,0,0
0.70220561025012,3525,-0.2375,0,0
0.70220607541285,3526,-0.237,0,0
0.70220654070707,3527,-0.2365,0,0
0.70220700613277,3528,-0.236,0,0
0.70220747168996,3529,-0.2355,0,0
0.70220793737864,3530,-0.235,0,0
0.7022084031988,3531,-0.2345,0,0
0.70220886915044,3532,-0.234,0,0
0.70220933523357,3533,-0.2335,0,0
0.70220980144818,3534,-0.233,0,0
0.70221026779428,3535,-0.2325,0,0
0.70221073427186,3536,-0.232,0,0
0.70221120088092,3537,-0.2315,0,0
0.70221166762147,3538,-0.231,0,0
0.70221213449349,3539,-0.2305,0,0
0.702212601497,3540,-0.23,0,0
0.70221306863199,3541,-0.2295,0,0
0.70221353589846,3542,-0.229,0,0
0.70221400329641,3543,-0.2285,0,0
0.70221447082584,3544,-0.228,0,0
0.70221493848675,3545,-0.2275,0,0
0.70221540627914,3546,-0.227,0,0
0.70221587420301,3547,-0.2265,0,0
0.70221634225836,3548,-0.226,0,0
0.70221681044519,3549,-0.2255,0,0
0.70221727876349,3550,-0.225,0,0
0.70221774721327,3551,-0.2245,0,0
0.70221821579453,3552,-0.224,0,0
0.70221868450726,3553,-0.2235,0,0
0.70221915335147,3554,-0.223,0,0
0.70221962232716,3555,-0.2225,0,0
0.70222009143432,3556,-0.222,0,0
0.70222056067296,3557,-0.2215,0,0
0.70222103004307,3558,-0.221,0,0
0.70222149954465,3559,-0.2205,0,0
0.70222196917771,3560,-0.22,0,0
0.70222243894224,3561,-0.2195,0,0
0.70222290883825,3562,-0.219,0,0
0.70222337886573,3563,-0.2185,0,0
0.70222384902468,3564,-0.218,0,0
0.7022243193151,3565,-0.2175,0,0
0.70222478973699,3566,-0.217,0,0
0.70222526029036,3567,-0.2165,0,0
0.70222573097519,3568,-0.216,0,0
0.7022262017915,3569,-0.2155,0,0
0.70222667273928,3570,-0.215,0,0
0.70222714381852,3571,-0.2145,0,0
0.70222761502923,3572,-0.214,0,0
0.70222808637142,3573,-0.2135,0,0
0.70222855784507,3574,-0.213,0,0
0.70222902945019,3575,-0.2125,0,0
0.70222950118678,3576,-0.212,0,0
0.70222997305483,3577,-0.2115,0,0
0.70223044505435,3578,-0.211,0,0
0.70223091718534,3579,-0.2105,0,0
0.70223138944779,3580,-0.21,0,0
0.70223186184171,3581,-0.2095,0,0
0.7022323343671,3582,-0.209,0,0
0.70223280702395,3583,-0.2085,0,0
0.70223327981226,3584,-0.208,0,0
0.70223375273204,3585,-0.2075,0,0
0.70223422578328,3586,-0.207,0,0
0.70223469896598,3587,-0.2065,0,0
0.70223517228015,3588,-0.206,0,0
0.70223564572578,3589,-0.2055,0,0
0.70223611930287,3590,-0.205,0,0
0.70223659301143,3591,-0.2045,0,0
0.70223706685144,3592,-0.204,0,0
0.70223754082292,3593,-0.2035,0,0
0.70223801492585,3594,-0.203,0,0
0.70223848916025,3595,-0.2025,0,0
0.70223896352611,3596,-0.202,0,0
0.70223943802342,3597,-0.2015,0,0
0.7022399126522,3598,-0.201,0,0
0.70224038741243,3599,-0.2005,0,0
0.70224086230412,3600,-0.2,0,0
0.70224133732727,3601,-0.1995,0,0
0.70224181248187,3602,-0.199,0,0
0.70224228776794,3603,-0.1985,0,0
0.70224276318546,3604,-0.198,0,0
0.70224323873443,3605,-0.1975,0,0
0.70224371441487,3606,-0.197,0,0
0.70224419022675,3607,-0.1965,0,0
0.70224466617009,3608,-0.196,0,0
0.70224514224489,3609,-0.1955,0,0
0.70224561845114,3610,-0.195,0,0
0.70224609478885,3611,-0.1945,0,0
0.702246571258,3612,-0.194,0,0
0.70224704785861,3613,-0.1935,0,0
0.70224752459068,3614,-0.193,0,0
0.70224800145419,3615,-0.1925,0,0
0.70224847844916,3616,-0.192,0,0
0.70224895557558,3617,-0.1915,0,0
0.70224943283345,3618,-0.191,0,0
0.70224991022277,3619,-0.1905,0,0
0.70225038774354,3620,-0.19,0,0
0.70225086539576,3621,-0.1895,0,0
0.70225134317943,3622,-0.189,0,0
0.70225182109455,3623,-0.1885,0,0
0.70225229914112,3624,-0.188,0,0
0.70225277731913,3625,-0.1875,0,0
0.7022532556286,3626,-0.187,0,0
0.70225373406951,3627,-0.1865,0,0
0.70225421264187,3628,-0.186,0,0
0.70225469134567,3629,-0.1855,0,0
0.70225517018092,3630,-0.185,0,0
0.70225564914762,3631,-0.1845,0,0
0.70225612824576,3632,-0.184,0,0
0.70225660747535,3633,-0.1835,0,0
0.70225708683638,3634,-0.183,0,0
0.70225756632886,3635,-0.1825,0,0
0.70225804595278,3636,-0.182,0,0
0.70225852570814,3637,-0.1815,0,0
0.70225900559495,3638,-0.181,0,0
0.7022594856132,3639,-0.1805,0,0
0.70225996576289,3640,-0.18,0,0
0.70226044604402,3641,-0.1795,0,0
0.7022609264566,3642,-0.179,0,0
0.70226140700061,3643,-0.1785,0,0
0.70226188767607,3644,-0.178,0,0
0.70226236848297,3645,-0.1775,0,0
0.7022628494213,3646,-0.177,0,0
0.70226333049108,3647,-0.1765,0,0
0.7022638116923,3648,-0.176,0,0
0.70226429302495,3649,-0.1755,0,0
0.70226477448904,3650,-0.175,0,0
0.70226525608457,3651,-0.1745,0,0
0.70226573781154,3652,-0.174,0,0
0.70226621966995,3653,-0.1735,0,0
0.70226670165979,3654,-0.173,0,0
0.70226718378106,3655,-0.1725,0,0
0.70226766603378,3656,-0.172,0,0
0.70226814841793,3657,-0.1715,0,0
0.70226863093351,3658,-0.171,0,0
0.70226911358053,3659,-0.1705,0,0
0.70226959635898,3660,-0.17,0,0
0.70227007926887,3661,-0.1695,0,0
0.70227056231019,3662,-0.169,0,0
0.70227104548294,3663,-0.1685,0,0
0.70227152878713,3664,-0.168,0,0
0.70227201222275,3665,-0.1675,0,0
0.7022724957898,3666,-0.167,0,0
0.70227297948828,3667,-0.1665,0,0
0.70227346331819,3668,-0.166,0,0
0.70227394727953,3669,-0.1655,0,0
0.70227443137231,3670,-0.165,0,0
0.70227491559651,3671,-0.1645,0,0
0.70227539995214,3672,-0.164,0,0
0.70227588443921,3673,-0.1635,0,0
0.7022763690577,3674,-0.163,0,0
0.70227685380761,3675,-0.1625,0,0
0.70227733868896,3676,-0.162,0,0
0.70227782370174,3677,-0.1615,0,0
0.70227830884594,3678,-0.161,0,0
0.70227879412156,3679,-0.1605,0,0
0.70227927952862,3680,-0.16,0,0
0.7022797650671,3681,-0.1595,0,0
0.702280250737,3682,-0.159,0,0
0.70228073653833,3683,-0.1585,0,0
0.70228122247109,3684,-0.158,0,0
0.70228170853527,3685,-0.1575,0,0
0.70228219473087,3686,-0.157,0,0
0.70228268105789,3687,-0.1565,0,0
0.70228316751634,3688,-0.156,0,0
0.70228365410621,3689,-0.1555,0,0
0.70228414082751,3690,-0.155,0,0
0.70228462768022,3691,-0.1545,0,0
0.70228511466436,3692,-0.154,0,0
0.70228560177992,3693,-0.1535,0,0
0.7022860890269,3694,-0.153,0,0
0.7022865764053,3695,-0.1525,0,0
0.70228706391511,3696,-0.152,0,0
0.70228755155635,3697,-0.1515,0,0
0.70228803932901,3698,-0.151,0,0
0.70228852723308,3699,-0.1505,0,0
0.70228901526858,3700,-0.15,0,0
0.70228950343549,3701,-0.1495,0,0
0.70228999173382,3702,-0.149,0,0
0.70229048016356,3703,-0.1485,0,0
0.70229096872472,3704,-0.148,0,0
0.7022914574173,3705,-0.1475,0,0
0.70229194624129,3706,-0.147,0,0
0.7022924351967,3707,-0.1465,0,0
0.70229292428353,3708,-0.146,0,0
0.70229341350176,3709,-0.1455,0,0
0.70229390285142,3710,-0.145,0,0
0.70229439233248,3711,-0.1445,0,0
0.70229488194496,3712,-0.144,0,0
0.70229537168885,3713,-0.1435,0,0
0.70229586156416,3714,-0.143,0,0
0.70229635157088,3715,-0.1425,0,0
0.702296841709,3716,-0.142,0,0
0.70229733197854,3717,-0.1415,0,0
0.70229782237949,3718,-0.141,0,0
0.70229831291185,3719,-0.1405,0,0
0.70229880357562,3720,-0.14,0,0
0.7022992943708,3721,-0.1395,0,0
0.70229978529739,3722,-0.139,0,0
0.70230027635539,3723,-0.1385,0,0
0.7023007675448,3724,-0.138,0,0
0.70230125886561,3725,-0.1375,0,0
0.70230175031783,3726,-0.137,0,0
0.70230224190146,3727,-0.1365,0,0
0.7023027336165,3728,-0.136,0,0
0.70230322546294,3729,-0.1355,0,0
0.70230371744079,3730,-0.135,0,0
0.70230420955004,3731,-0.1345,0,0
0.7023047017907,3732,-0.134,0,0
0.70230519416276,3733,-0.1335,0,0
0.70230568666623,3734,-0.133,0,0
0.7023061793011,3735,-0.1325,0,0
0.70230667206738,3736,-0.132,0,0
0.70230716496506,3737,-0.1315,0,0
0.70230765799414,3738,-0.131,0,0
0.70230815115462,3739,-0.1305,0,0
0.70230864444651,3740,-0.13,0,0
0.70230913786979,3741,-0.1295,0,0
0.70230963142448,3742,-0.129,0,0
0.70231012511057,3743,-0.1285,0,0
0.70231061892805,3744,-0.128,0,0
0.70231111287694,3745,-0.1275,0,0
0.70231160695723,3746,-0.127,0,0
0.70231210116892,3747,-0.1265,0,0
0.702312595512,3748,-0.126,0,0
0.70231308998648,3749,-0.1255,0,0
0.70231358459236,3750,-0.125,0,0
0.70231407932964,3751,-0.1245,0,0
0.70231457419832,3752,-0.124,0,0
0.70231506919839,3753,-0.1235,0,0
0.70231556432985,3754,-0.123,0,0
0.70231605959272,3755,-0.1225,0,0
0.70231655498698,3756,-0.122,0,0
0.70231705051263,3757,-0.1215,0,0
0.70231754616968,3758,-0.121,0,0
0.70231804195812,3759,-0.1205,0,0
0.70231853787795,3760,-0.12,0,0
0.70231903392918,3761,-0.1195,0,0
0.7023195301118,3762,-0.119,0,0
0.70232002642581,3763,-0.1185,0,0
0.70232052287122,3764,-0.118,0,0
0.70232101944802,3765,-0.1175,0,0
0.7023215161562,3766,-0.117,0,0
0.70232201299578,3767,-0.1165,0,0
0.70232250996675,3768,-0.116,0,0
0.70232300706911,3769,-0.1155,0,0
0.70232350430286,3770,-0.115,0,0
0.702324001668,3771,-0.1145,0,0
0.70232449916452,3772,-0.114,0,0
0.70232499679244,3773,-0.1135,0,0
0.70232549455174,3774,-0.113,0,0
0.70232599244243,3775,-0.1125,0,0
0.70232649046451,3776,-0.112,0,0
0.70232698861797,3777,-0.1115,0,0
0.70232748690282,3778,-0.111,0,0
0.70232798531905,3779,-0.1105,0,0
0.70232848386668,3780,-0.11,0,0
0.70232898254568,3781,-0.1095,0,0
0.70232948135607,3782,-0.109,0,0
0.70232998029784,3783,-0.1085,0,0
0.702330479371,3784,-0.108,0,0
0.70233097857554,3785,-0.1075,0,0
0.70233147791147,3786,-0.107,0,0
0.70233197737877,3787,-0.1065,0,0
0.70233247697746,3788,-0.106,0,0
0.70233297670753,3789,-0.1055,0,0
0.70233347656898,3790,-0.105,0,0
0.70233397656182,3791,-0.1045,0,0
0.70233447668603,3792,-0.104,0,0
0.70233497694162,3793,-0.1035,0,0
0.70233547732859,3794,-0.103,0,0
0.70233597784694,3795,-0.1025,0,0
0.70233647849667,3796,-0.102,0,0
0.70233697927778,3797,-0.1015,0,0
0.70233748019027,3798,-0.101,0,0
0.70233798123413,3799,-0.1005,0,0
0.70233848240937,3800,-0.1,0,0
0.70233898371599,3801,-0.0995,0,0
0.70233948515398,3802,-0.099,0,0
0.70233998672335,3803,-0.0985,0,0
0.70234048842409,3804,-0.098,0,0
0.70234099025621,3805,-0.0975,0,0
0.70234149221971,3806,-0.097,0,0
0.70234199431457,3807,-0.0965,0,0
0.70234249654082,3808,-0.096,0,0
0.70234299889843,3809,-0.0955,0,0
0.70234350138742,3810,-0.095,0,0
0.70234400400778,3811,-0.0945,0,0
0.70234450675951,3812,-0.094,0,0
0.70234500964262,3813,-0.0935,0,0
0.70234551265709,3814,-0.093,0,0
0.70234601580294,3815,-0.0925,0,0
0.70234651908015,3816,-0.092,0,0
0.70234702248874,3817,-0.0915,0,0
0.70234752602869,3818,-0.091,0,0
0.70234802970002,3819,-0.0905,0,0
0.70234853350271,3820,-0.09,0,0
0.70234903743678,3821,-0.0895,0,0
0.7023495415022,3822,-0.089,0,0
0.702350045699,3823,-0.0885,0,0
0.70235055002717,3824,-0.088,0,0
0.7023510544867,3825,-0.0875,0,0
0.70235155907759,3826,-0.087,0,0
0.70235206379986,3827,-0.0865,0,0
0.70235256865349,3828,-0.086,0,0
0.70235307363848,3829,-0.0855,0,0
0.70235357875484,3830,-0.085,0,0
0.70235408400256,3831,-0.0845,0,0
0.70235458938164,3832,-0.084,0,0
0.70235509489209,3833,-0.0835,0,0
0.7023556005339,3834,-0.083,0,0
0.70235610630708,3835,-0.0825,0,0
0.70235661221161,3836,-0.082,0,0
0.70235711824751,3837,-0.0815,0,0
0.70235762441477,3838,-0.081,0,0
0.70235813071339,3839,-0.0805,0,0
0.70235863714337,3840,-0.08,0,0
0.70235914370471,3841,-0.0795,0,0
0.7023596503974,3842,-0.079,0,0
0.70236015722146,3843,-0.0785,0,0
0.70236066417688,3844,-0.078,0,0
0.70236117126365,3845,-0.0775,0,0
0.70236167848179,3846,-0.077,0,0
0.70236218583128,3847,-0.0765,0,0
0.70236269331212,3848,-0.076,0,0
0.70236320092433,3849,-0.0755,0,0
0.70236370866789,3850,-0.075,0,0
0.7023642165428,3851,-0.0745,0,0
0.70236472454907,3852,-0.074,0,0
0.7023652326867,3853,-0.0735,0,0
0.70236574095568,3854,-0.073,0,0
0.70236624935601,3855,-0.0725,0,0
0.7023667578877,3856,-0.072,0,0
0.70236726655074,3857,-0.0715,0,0
0.70236777534513,3858,-0.071,0,0
0.70236828427087,3859,-0.0705,0,0
0.70236879332797,3860,-0.07,0,0
0.70236930251642,3861,-0.0695,0,0
0.70236981183622,3862,-0.069,0,0
0.70237032128737,3863,-0.0685,0,0
0.70237083086987,3864,-0.068,0,0
0.70237134058372,3865,-0.0675,0,0
0.70237185042892,3866,-0.067,0,0
0.70237236040547,3867,-0.0665,0,0
0.70237287051337,3868,-0.066,0,0
0.70237338075261,3869,-0.0655,0,0
0.7023738911232,3870,-0.065,0,0
0.70237440162514,3871,-0.0645,0,0
0.70237491225843,3872,-0.064,0,0
0.70237542302306,3873,-0.0635,0,0
0.70237593391904,3874,-0.063,0,0
0.70237644494637,3875,-0.0625,0,0
0.70237695610504,3876,-0.062,0,0
0.70237746739505,3877,-0.0615,0,0
0.70237797881641,3878,-0.061,0,0
0.70237849036911,3879,-0.0605,0,0
0.70237900205316,3880,-0.06,0,0
0.70237951386854,3881,-0.0595,0,0
0.70238002581528,3882,-0.059,0,0
0.70238053789335,3883,-0.0585,0,0
0.70238105010276,3884,-0.058,0,0
0.70238156244352,3885,-0.0575,0,0
0.70238207491562,3886,-0.057,0,0
0.70238258751906,3887,-0.0565,0,0
0.70238310025383,3888,-0.056,0,0
0.70238361311995,3889,-0.0555,0,0
0.70238412611741,3890,-0.055,0,0
0.7023846392462,3891,-0.0545,0,0
0.70238515250633,3892,-0.054,0,0
0.70238566589781,3893,-0.0535,0,0
0.70238617942061,3894,-0.053,0,0
0.70238669307476,3895,-0.0525,0,0
0.70238720686024,3896,-0.052,0,0
0.70238772077706,3897,-0.0515,0,0
0.70238823482521,3898,-0.051,0,0
0.7023887490047,3899,-0.0505,0,0
0.70238926331553,3900,-0.05,0,0
0.70238977775769,3901,-0.0495,0,0
0.70239029233118,3902,-0.049,0,0
0.702390807036,3903,-0.0485,0,0
0.70239132187216,3904,-0.048,0,0
0.70239183683966,3905,-0.0475,0,0
0.70239235193848,3906,-0.047,0,0
0.70239286716864,3907,-0.0465,0,0
0.70239338253012,3908,-0.046,0,0
0.70239389802294,3909,-0.0455,0,0
0.70239441364709,3910,-0.045,0,0
0.70239492940257,3911,-0.0445,0,0
0.70239544528938,3912,-0.044,0,0
0.70239596130752,3913,-0.0435,0,0
0.70239647745699,3914,-0.043,0,0
0.70239699373778,3915,-0.0425,0,0
0.70239751014991,3916,-0.042,0,0
0.70239802669336,3917,-0.0415,0,0
0.70239854336814,3918,-0.041,0,0
0.70239906017424,3919,-0.0405,0,0
0.70239957711168,3920,-0.04,0,0
0.70240009418043,3921,-0.0395,0,0
0.70240061138052,3922,-0.039,0,0
0.70240112871193,3923,-0.0385,0,0
0.70240164617466,3924,-0.038,0,0
0.70240216376872,3925,-0.0375,0,0
0.7024026814941,3926,-0.037,0,0
0.7024031993508,3927,-0.0365,0,0
0.70240371733883,3928,-0.036,0,0
0.70240423545818,3929,-0.0355,0,0
0.70240475370885,3930,-0.035,0,0
0.70240527209084,3931,-0.0345,0,0
0.70240579060415,3932,-0.034,0,0
0.70240630924879,3933,-0.0335,0,0
0.70240682802474,3934,-0.033,0,0
0.70240734693202,3935,-0.0325,0,0
0.70240786597061,3936,-0.032,0,0
0.70240838514053,3937,-0.0315,0,0
0.70240890444176,3938,-0.031,0,0
0.70240942387431,3939,-0.0305,0,0
0.70240994343818,3940,-0.03,0,0
0.70241046313336,3941,-0.0295,0,0
0.70241098295986,3942,-0.029,0,0
0.70241150291768,3943,-0.0285,0,0
0.70241202300682,3944,-0.028,0,0
0.70241254322727,3945,-0.0275,0,0
0.70241306357903,3946,-0.027,0,0
0.70241358406211,3947,-0.0265,0,0
0.7024141046765,3948,-0.026,0,0
0.70241462542221,3949,-0.0255,0,0
0.70241514629923,3950,-0.025,0,0
0.70241566730757,3951,-0.0245,0,0
0.70241618844721,3952,-0.024,0,0
0.70241670971817,3953,-0.0235,0,0
0.70241723112044,3954,-0.023,0,0
0.70241775265402,3955,-0.0225,0,0
0.70241827431892,3956,-0.022,0,0
0.70241879611512,3957,-0.0215,0,0
0.70241931804263,3958,-0.021,0,0
0.70241984010145,3959,-0.0205,0,0
0.70242036229159,3960,-0.02,0,0
0.70242088461303,3961,-0.0195,0,0
0.70242140706577,3962,-0.019,0,0
0.70242192964983,3963,-0.0185,0,0
0.70242245236519,3964,-0.018,0,0
0.70242297521186,3965,-0.0175,0,0
0.70242349818984,3966,-0.017,0,0
0.70242402129912,3967,-0.0165,0,0
0.70242454453971,3968,-0.016,0,0
0.7024250679116,3969,-0.0155,0,0
0.7024255914148,3970,-0.015,0,0
0.7024261150493,3971,-0.0145,0,0
0.70242663881511,3972,-0.014,0,0
0.70242716271222,3973,-0.0135,0,0
0.70242768674063,3974,-0.013,0,0
0.70242821090035,3975,-0.0125,0,0
0.70242873519136,3976,-0.012,0,0
0.70242925961368,3977,-0.0115,0,0
0.7024297841673,3978,-0.011,0,0
0.70243030885222,3979,-0.0105,0,0
0.70243083366844,3980,-0.01,0,0
0.70243135861596,3981,-0.0095000000000001,0,0
0.70243188369479,3982,-0.0089999999999999,0,0
0.7024324089049,3983,-0.0085,0,0
0.70243293424632,3984,-0.008,0,0
0.70243345971904,3985,-0.0075000000000001,0,0
0.70243398532305,3986,-0.0069999999999999,0,0
0.70243451105836,3987,-0.0065,0,0
0.70243503692497,3988,-0.006,0,0
0.70243556292288,3989,-0.0055000000000001,0,0
0.70243608905208,3990,-0.0049999999999999,0,0
0.70243661531258,3991,-0.0044999999999999,0,0
0.70243714170437,3992,-0.004,0,0
0.70243766822745,3993,-0.0035000000000001,0,0
0.70243819488183,3994,-0.0029999999999999,0,0
0.70243872166751,3995,-0.0024999999999999,0,0
0.70243924858448,3996,-0.002,0,0
0.70243977563274,3997,-0.0015000000000001,0,0
0.70244030281229,3998,-0.00099999999999989,0,0
0.70244083012313,3999,-0.00049999999999994,0,0
0.70244135756527,4000,0,0,0
0.49727873573773,8000,1,0,0
0.49727945718507,8001,1.0005,0,0
0.49728017845104,8002,1.001,0,0
0.49728089953564,8003,1.0015,0,0
0.49728162043887,8004,1.002,0,0
0.49728234116072,8005,1.0025,0,0
0.49728306170121,8006,1.003,0,0
0.49728378206033,8007,1.0035,0,0
0.49728450223807,8008,1.004,0,0
0.49728522223445,8009,1.0045,0,0
0.49728594204947,8010,1.005,0,0
0.49728666168311,8011,1.0055,0,0
0.49728738113539,8012,1.006,0,0
0.49728810040631,8013,1.0065,0,0
0.49728881949586,8014,1.007,0,0
0.49728953840405,8015,1.0075,0,0
0.49729025713088,8016,1.008,0,0
0.49729097567634,8017,1.0085,0,0
0.49729169404045,8018,1.009,0,0
0.49729241222319,8019,1.0095,0,0
0.49729313022457,8020,1.01,0,0
0.4972938480446,8021,1.0105,0,0
0.49729456568326,8022,1.011,0,0
0.49729528314057,8023,1.0115,0,0
0.49729600041652,8024,1.012,0,0
0.49729671751112,8025,1.0125,0,0
0.49729743442436,8026,1.013,0,0
0.49729815115624,8027,1.0135,0,0
0.49729886770678,8028,1.014,0,0
0.49729958407596,8029,1.0145,0,0
0.49730030026378,8030,1.015,0,0
0.49730101627026,8031,1.0155,0,0
0.49730173209538,8032,1.016,0,0
0.49730244773916,8033,1.0165,0,0
0.49730316320158,8034,1.017,0,0
0.49730387848266,8035,1.0175,0,0
0.49730459358239,8036,1.018,0,0
0.49730530850077,8037,1.0185,0,0
0.49730602323781,8038,1.019,0,0
0.4973067377935,8039,1.0195,0,0
0.49730745216784,8040,1.02,0,0
0.49730816636084,8041,1.0205,0,0
0.4973088803725,8042,1.021,0,0
0.49730959420281,8043,1.0215,0,0
0.49731030785179,8044,1.022,0,0
0.49731102131942,8045,1.0225,0,0
0.49731173460571,8046,1.023,0,0
0.49731244771066,8047,1.0235,0,0
0.49731316063427,8048,1.024,0,0
0.49731387337655,8049,1.0245,0,0
0.49731458593748,8050,1.025,0,0
0.49731529831708,8051,1.0255,0,0
0.49731601051535,8052,1.026,0,0
0.49731672253227,8053,1.0265,0,0
0.49731743436787,8054,1.027,0,0
0.49731814602213,8055,1.0275,0,0
0.49731885749505,8056,1.028,0,0
0.49731956878665,8057,1.0285,0,0
0.49732027989691,8058,1.029,0,0
0.49732099082584,8059,1.0295,0,0
0.49732170157344,8060,1.03,0,0
0.49732241213972,8061,1.0305,0,0
0.49732312252466,8062,1.031,0,0
0.49732383272827,8063,1.0315,0,0
0.49732454275056,8064,1.032,0,0
0.49732525259152,8065,1.0325,0,0
0.49732596225116,8066,1.033,0,0
0.49732667172947,8067,1.0335,0,0
0.49732738102646,8068,1.034,0,0
0.49732809014212,8069,1.0345,0,0
0.49732879907646,8070,1.035,0,0
0.49732950782948,8071,1.0355,0,0
0.49733021640117,8072,1.036,0,0
0.49733092479155,8073,1.0365,0,0
0.4973316330006,8074,1.037,0,0
0.49733234102834,8075,1.0375,0,0
0.49733304887476,8076,1.038,0,0
0.49733375653986,8077,1.0385,0,0
0.49733446402364,8078,1.039,0,0
0.49733517132611,8079,1.0395,0,0
0.49733587844726,8080,1.04,0,0
0.49733658538709,8081,1.0405,0,0
0.49733729214562,8082,1.041,0,0
0.49733799872282,8083,1.0415,0,0
0.49733870511872,8084,1.042,0,0
0.4973394113333,8085,1.0425,0,0
0.49734011736658,8086,1.043,0,0
0.49734082321854,8087,1.0435,0,0
0.49734152888919,8088,1.044,0,0
0.49734223437854,8089,1.0445,0,0
0.49734293968657,8090,1.045,0,0
0.4973436448133,8091,1.0455,0,0
0.49734434975872,8092,1.046,0,0
0.49734505452283,8093,1.0465,0,0
0.49734575910564,8094,1.047,0,0
0.49734646350715,8095,1.0475,0,0
0.49734716772735,8096,1.048,0,0
0.49734787176625,8097,1.0485,0,0
0.49734857562384,8098,1.049,0,0
0.49734927930013,8099,1.0495,0,0
0.49734998279513,8100,1.05,0,0
0.49735068610882,8101,1.0505,0,0
0.49735138924121,8102,1.051,0,0
0.4973520921923,8103,1.0515,0,0
0.4973527949621,8104,1.052,0,0
0.4973534975506,8105,1.0525,0,0
0.4973541999578,8106,1.053,0,0
0.4973549021837,8107,1.0535,0,0
0.49735560422831,8108,1.054,0,0
0.49735630609163,8109,1.0545,0,0
0.49735700777365,8110,1.055,0,0
0.49735770927438,8111,1.0555,0,0
0.49735841059382,8112,1.056,0,0
0.49735911173196,8113,1.0565,0,0
0.49735981268882,8114,1.057,0,0
0.49736051346438,8115,1.0575,0,0
0.49736121405865,8116,1.058,0,0
0.49736191447164,8117,1.0585,0,0
0.49736261470334,8118,1.059,0,0
0.49736331475375,8119,1.0595,0,0
0.49736401462287,8120,1.06,0,0
0.49736471431071,8121,1.0605,0,0
0.49736541381726,8122,1.061,0,0
0.49736611314253,8123,1.0615,0,0
0.49736681228651,8124,1.062,0,0
0.49736751124921,8125,1.0625,0,0
0.49736821003063,8126,1.063,0,0
0.49736890863077,8127,1.0635,0,0
0.49736960704963,8128,1.064,0,0
0.49737030528721,8129,1.0645,0,0
0.4973710033435,8130,1.065,0,0
0.49737170121852,8131,1.0655,0,0
0.49737239891226,8132,1.066,0,0
0.49737309642473,8133,1.0665,0,0
0.49737379375591,8134,1.067,0,0
0.49737449090583,8135,1.0675,0,0
0.49737518787446,8136,1.068,0,0
0.49737588466183,8137,1.0685,0,0
0.49737658126791,8138,1.069,0,0
0.49737727769273,8139,1.0695,0,0
0.49737797393627,8140,1.07,0,0
0.49737866999855,8141,1.0705,0,0
0.49737936587955,8142,1.071,0,0
0.49738006157928,8143,1.0715,0,0
0.49738075709774,8144,1.072,0,0
0.49738145243493,8145,1.0725,0,0
0.49738214759086,8146,1.073,0,0
0.49738284256552,8147,1.0735,0,0
0.49738353735891,8148,1.074,0,0
0.49738423197104,8149,1.0745,0,0
0.4973849264019,8150,1.075,0,0
0.49738562065149,8151,1.0755,0,0
0.49738631471983,8152,1.076,0,0
0.4973870086069,8153,1.0765,0,0
0.49738770231271,8154,1.077,0,0
0.49738839583725,8155,1.0775,0,0
0.49738908918054,8156,1.078,0,0
0.49738978234257,8157,1.0785,0,0
0.49739047532333,8158,1.079,0,0
0.49739116812284,8159,1.0795,0,0
0.49739186074109,8160,1.08,0,0
0.49739255317809,8161,1.0805,0,0
0.49739324543382,8162,1.081,0,0
0.49739393750831,8163,1.0815,0,0
0.49739462940153,8164,1.082,0,0
0.4973953211135,8165,1.0825,0,0
0.49739601264422,8166,1.083,0,0
0.49739670399369,8167,1.0835,0,0
0.4973973951619,8168,1.084,0,0
0.49739808614886,8169,1.0845,0,0
0.49739877695458,8170,1.085,0,0
0.49739946757904,8171,1.0855,0,0
0.49740015802225,8172,1.086,0,0
0.49740084828421,8173,1.0865,0,0
0.49740153836493,8174,1.087,0,0
0.4974022282644,8175,1.0875,0,0
0.49740291798262,8176,1.088,0,0
0.49740360751959,8177,1.0885,0,0
0.49740429687533,8178,1.089,0,0
0.49740498604981,8179,1.0895,0,0
0.49740567504306,8180,1.09,0,0
0.49740636385506,8181,1.0905,0,0
0.49740705248581,8182,1.091,0,0
0.49740774093533,8183,1.0915,0,0
0.49740842920361,8184,1.092,0,0
0.49740911729064,8185,1.0925,0,0
0.49740980519644,8186,1.093,0,0
0.497410492921,8187,1.0935,0,0
0.49741118046432,8188,1.094,0,0
0.4974118678264,8189,1.0945,0,0
0.49741255500725,8190,1.095,0,0
0.49741324200686,8191,1.0955,0,0
0.49741392882523,8192,1.096,0,0
0.49741461546237,8193,1.0965,0,0
0.49741530191828,8194,1.097,0,0
0.49741598819296,8195,1.0975,0,0
0.4974166742864,8196,1.098,0,0
0.49741736019861,8197,1.0985,0,0
0.49741804592959,8198,1.099,0,0
0.49741873147934,8199,1.0995,0,0
0.49741941684786,8200,1.1,0,0
0.49742010203515,8201,1.1005,0,0
0.49742078704121,8202,1.101,0,0
0.49742147186605,8203,1.1015,0,0
0.49742215650966,8204,1.102,0,0
0.49742284097204,8205,1.1025,0,0
0.4974235252532,8206,1.103,0,0
0.49742420935313,8207,1.1035,0,0
0.49742489327184,8208,1.104,0,0
0.49742557700933,8209,1.1045,0,0
0.4974262605656,8210,1.105,0,0
0.49742694394064,8211,1.1055,0,0
0.49742762713446,8212,1.106,0,0
0.49742831014706,8213,1.1065,0,0
0.49742899297844,8214,1.107,0,0
0.49742967562861,8215,1.1075,0,0
0.49743035809755,8216,1.108,0,0
0.49743104038528,8217,1.1085,0,0
0.49743172249179,8218,1.109,0,0
0.49743240441709,8219,1.1095,0,0
0.49743308616116,8220,1.11,0,0
0.49743376772403,8221,1.1105,0,0
0.49743444910568,8222,1.111,0,0
0.49743513030612,8223,1.1115,0,0
0.49743581132534,8224,1.112,0,0
0.49743649216336,8225,1.1125,0,0
0.49743717282016,8226,1.113,0,0
0.49743785329575,8227,1.1135,0,0
0.49743853359013,8228,1.114,0,0
0.49743921370331,8229,1.1145,0,0
0.49743989363527,8230,1.115,0,0
0.49744057338603,8231,1.1155,0,0
0.49744125295558,8232,1.116,0,0
0.49744193234392,8233,1.1165,0,0
0.49744261155106,8234,1.117,0,0
0.49744329057699,8235,1.1175,0,0
0.49744396942172,8236,1.118,0,0
0.49744464808525,8237,1.1185,0,0
0.49744532656757,8238,1.119,0,0
0.49744600486869,8239,1.1195,0,0
0.49744668298861,8240,1.12,0,0
0.49744736092733,8241,1.1205,0,0
0.49744803868485,8242,1.121,0,0
0.49744871626117,8243,1.1215,0,0
0.49744939365629,8244,1.122,0,0
0.49745007087022,8245,1.1225,0,0
0.49745074790294,8246,1.123,0,0
0.49745142475447,8247,1.1235,0,0
0.49745210142481,8248,1.124,0,0
0.49745277791395,8249,1.1245,0,0
0.49745345422189,8250,1.125,0,0
0.49745413034864,8251,1.1255,0,0
0.4974548062942,8252,1.126,0,0
0.49745548205857,8253,1.1265,0,0
0.49745615764174,8254,1.127,0,0
0.49745683304373,8255,1.1275,0,0
0.49745750826452,8256,1.128,0,0
0.49745818330412,8257,1.1285,0,0
0.49745885816254,8258,1.129,0,0
0.49745953283977,8259,1.1295,0,0
0.49746020733581,8260,1.13,0,0
0.49746088165066,8261,1.1305,0,0
0.49746155578433,8262,1.131,0,0
0.49746222973681,8263,1.1315,0,0
0.49746290350811,8264,1.132,0,0
0.49746357709822,8265,1.1325,0,0
0.49746425050715,8266,1.133,0,0
0.4974649237349,8267,1.1335,0,0
0.49746559678146,8268,1.134,0,0
0.49746626964685,8269,1.1345,0,0
0.49746694233105,8270,1.135,0,0
0.49746761483408,8271,1.1355,0,0
0.49746828715592,8272,1.136,0,0
0.49746895929659,8273,1.1365,0,0
0.49746963125608,8274,1.137,0,0
0.49747030303439,8275,1.1375,0,0
0.49747097463153,8276,1.138,0,0
0.49747164604749,8277,1.1385,0,0
0.49747231728227,8278,1.139,0,0
0.49747298833589,8279,1.1395,0,0
0.49747365920832,8280,1.14,0,0
0.49747432989959,8281,1.1405,0,0
0.49747500040968,8282,1.141,0,0
0.4974756707386,8283,1.1415,0,0
0.49747634088635,8284,1.142,0,0
0.49747701085293,8285,1.1425,0,0
0.49747768063835,8286,1.143,0,0
0.49747835024259,8287,1.1435,0,0
0.49747901966566,8288,1.144,0,0
0.49747968890757,8289,1.1445,0,0
0.49748035796831,8290,1.145,0,0
0.49748102684789,8291,1.1455,0,0
0.4974816955463,8292,1.146,0,0
0.49748236406354,8293,1.1465,0,0
0.49748303239962,8294,1.147,0,0
0.49748370055454,8295,1.1475,0,0
0.4974843685283,8296,1.148,0,0
0.49748503632089,8297,1.1485,0,0
0.49748570393232,8298,1.149,0,0
0.49748637136259,8299,1.1495,0,0
0.49748703861171,8300,1.15,0,0
0.49748770567966,8301,1.1505,0,0
0.49748837256646,8302,1.151,0,0
0.49748903927209,8303,1.1515,0,0
0.49748970579657,8304,1.152,0,0
0.4974903721399,8305,1.1525,0,0
0.49749103830207,8306,1.153,0,0
0.49749170428308,8307,1.1535,0,0
0.49749237008294,8308,1.154,0,0
0.49749303570165,8309,1.1545,0,0
0.4974937011392,8310,1.155,0,0
0.4974943663956,8311,1.1555,0,0
0.49749503147085,8312,1.156,0,0
0.49749569636495,8313,1.1565,0,0
0.4974963610779,8314,1.157,0,0
0.4974970256097,8315,1.1575,0,0
0.49749768996035,8316,1.158,0,0
0.49749835412985,8317,1.1585,0,0
0.4974990181182,8318,1.159,0,0
0.49749968192541,8319,1.1595,0,0
0.49750034555148,8320,1.16,0,0
0.49750100899639,8321,1.1605,0,0
0.49750167226016,8322,1.161,0,0
0.49750233534279,8323,1.1615,0,0
0.49750299824428,8324,1.162,0,0
0.49750366096462,8325,1.1625,0,0
0.49750432350382,8326,1.163,0,0
0.49750498586188,8327,1.1635,0,0
0.4975056480388,8328,1.164,0,0
0.49750631003458,8329,1.1645,0,0
0.49750697184922,8330,1.165,0,0
0.49750763348272,8331,1.1655,0,0
0.49750829493508,8332,1.166,0,0
0.49750895620631,8333,1.1665,0,0
0.4975096172964,8334,1.167,0,0
0.49751027820535,8335,1.1675,0,0
0.49751093893317,8336,1.168,0,0
0.49751159947986,8337,1.1685,0,0
0.49751225984541,8338,1.169,0,0
0.49751292002983,8339,1.1695,0,0
0.49751358003311,8340,1.17,0,0
0.49751423985527,8341,1.1705,0,0
0.49751489949629,8342,1.171,0,0
0.49751555895618,8343,1.1715,0,0
0.49751621823494,8344,1.172,0,0
0.49751687733258,8345,1.1725,0,0
0.49751753624908,8346,1.173,0,0
0.49751819498446,8347,1.1735,0,0
0.49751885353871,8348,1.174,0,0
0.49751951191184,8349,1.1745,0,0
0.49752017010384,8350,1.175,0,0
0.49752082811471,8351,1.1755,0,0
0.49752148594446,8352,1.176,0,0
0.49752214359309,8353,1.1765,0,0
0.49752280106059,8354,1.177,0,0
0.49752345834697,8355,1.1775,0,0
0.49752411545223,8356,1.178,0,0
0.49752477237637,8357,1.1785,0,0
0.49752542911939,8358,1.179,0,0
0.49752608568129,8359,1.1795,0,0
0.49752674206207,8360,1.18,0,0
0.49752739826173,8361,1.1805,0,0
0.49752805428028,8362,1.181,0,0
0.49752871011771,8363,1.1815,0,0
0.49752936577402,8364,1.182,0,0
0.49753002124922,8365,1.1825,0,0
0.4975306765433,8366,1.183,0,0
0.49753133165627,8367,1.1835,0,0
0.49753198658812,8368,1.184,0,0
0.49753264133886,8369,1.1845,0,0
0.49753329590849,8370,1.185,0,0
0.49753395029701,8371,1.1855,0,0
0.49753460450442,8372,1.186,0,0
0.49753525853072,8373,1.1865,0,0
0.49753591237591,8374,1.187,0,0
0.49753656603999,8375,1.1875,0,0
0.49753721952296,8376,1.188,0,0
0.49753787282482,8377,1.1885,0,0
0.49753852594558,8378,1.189,0,0
0.49753917888523,8379,1.1895,0,0
0.49753983164378,8380,1.19,0,0
0.49754048422122,8381,1.1905,0,0
0.49754113661756,8382,1.191,0,0
0.4975417888328,8383,1.1915,0,0
0.49754244086693,8384,1.192,0,0
0.49754309271996,8385,1.1925,0,0
0.49754374439189,8386,1.193,0,0
0.49754439588272,8387,1.1935,0,0
0.49754504719244,8388,1.194,0,0
0.49754569832107,8389,1.1945,0,0
0.4975463492686,8390,1.195,0,0
0.49754700003504,8391,1.1955,0,0
0.49754765062037,8392,1.196,0,0
0.49754830102461,8393,1.1965,0,0
0.49754895124775,8394,1.197,0,0
0.4975496012898,8395,1.1975,0,0
0.49755025115075,8396,1.198,0,0
0.49755090083061,8397,1.1985,0,0
0.49755155032938,8398,1.199,0,0
0.49755219964705,8399,1.1995,0,0
0.49755284878363,8400,1.2,0,0
0.49755349773912,8401,1.2005,0,0
0.49755414651352,8402,1.201,0,0
0.49755479510683,8403,1.2015,0,0
0.49755544351905,8404,1.202,0,0
0.49755609175019,8405,1.2025,0,0
0.49755673980023,8406,1.203,0,0
0.49755738766919,8407,1.2035,0,0
0.49755803535706,8408,1.204,0,0
0.49755868286384,8409,1.2045,0,0
0.49755933018954,8410,1.205,0,0
0.49755997733416,8411,1.2055,0,0
0.49756062429769,8412,1.206,0,0
0.49756127108014,8413,1.2065,0,0
0.4975619176815,8414,1.207,0,0
0.49756256410178,8415,1.2075,0,0
0.49756321034099,8416,1.208,0,0
0.49756385639911,8417,1.2085,0,0
0.49756450227615,8418,1.209,0,0
0.49756514797211,8419,1.2095,0,0
0.497565793487,8420,1.21,0,0
0.4975664388208,8421,1.2105,0,0
0.49756708397353,8422,1.211,0,0
0.49756772894518,8423,1.2115,0,0
0.49756837373576,8424,1.212,0,0
0.49756901834526,8425,1.2125,0,0
0.49756966277369,8426,1.213,0,0
0.49757030702104,8427,1.2135,0,0
0.49757095108732,8428,1.214,0,0
0.49757159497253,8429,1.2145,0,0
0.49757223867666,8430,1.215,0,0
0.49757288219973,8431,1.2155,0,0
0.49757352554172,8432,1.216,0,0
0.49757416870264,8433,1.2165,0,0
0.4975748116825,8434,1.217,0,0
0.49757545448128,8435,1.2175,0,0
0.497576097099,8436,1.218,0,0
0.49757673953565,8437,1.2185,0,0
0.49757738179123,8438,1.219,0,0
0.49757802386575,8439,1.2195,0,0
0.4975786657592,8440,1.22,0,0
0.49757930747159,8441,1.2205,0,0
0.49757994900292,8442,1.221,0,0
0.49758059035318,8443,1.2215,0,0
0.49758123152237,8444,1.222,0,0
0.49758187251051,8445,1.2225,0,0
0.49758251331758,8446,1.223,0,0
0.4975831539436,8447,1.2235,0,0
0.49758379438855,8448,1.224,0,0
0.49758443465245,8449,1.2245,0,0
0.49758507473528,8450,1.225,0,0
0.49758571463706,8451,1.2255,0,0
0.49758635435778,8452,1.226,0,0
0.49758699389744,8453,1.2265,0,0
0.49758763325605,8454,1.227,0,0
0.49758827243361,8455,1.2275,0,0
0.4975889114301,8456,1.228,0,0
0.49758955024555,8457,1.2285,0,0
0.49759018887994,8458,1.229,0,0
0.49759082733327,8459,1.2295,0,0
0.49759146560556,8460,1.23,0,0
0.49759210369679,8461,1.2305,0,0
0.49759274160698,8462,1.231,0,0
0.49759337933611,8463,1.2315,0,0
0.49759401688419,8464,1.232,0,0
0.49759465425123,8465,1.2325,0,0
0.49759529143721,8466,1.233,0,0
0.49759592844215,8467,1.2335,0,0
0.49759656526605,8468,1.234,0,0
0.49759720190889,8469,1.2345,0,0
0.49759783837069,8470,1.235,0,0
0.49759847465145,8471,1.2355,0,0
0.49759911075116,8472,1.236,0,0
0.49759974666983,8473,1.2365,0,0
0.49760038240745,8474,1.237,0,0
0.49760101796404,8475,1.2375,0,0
0.49760165333958,8476,1.238,0,0
0.49760228853408,8477,1.2385,0,0
0.49760292354754,8478,1.239,0,0
0.49760355837996,8479,1.2395,0,0
0.49760419303134,8480,1.24,0,0
0.49760482750168,8481,1.2405,0,0
0.49760546179099,8482,1.241,0,0
0.49760609589926,8483,1.2415,0,0
0.49760672982649,8484,1.242,0,0
0.49760736357268,8485,1.2425,0,0
0.49760799713785,8486,1.243,0,0
0.49760863052197,8487,1.2435,0,0
0.49760926372507,8488,1.244,0,0
0.49760989674713,8489,1.2445,0,0
0.49761052958815,8490,1.245,0,0
0.49761116224815,8491,1.2455,0,0
0.49761179472711,8492,1.246,0,0
0.49761242702505,8493,1.2465,0,0
0.49761305914195,8494,1.247,0,0
0.49761369107783,8495,1.2475,0,0
0.49761432283267,8496,1.248,0,0
0.49761495440649,8497,1.2485,0,0
0.49761558579928,8498,1.249,0,0
0.49761621701105,8499,1.2495,0,0
0.49761684804179,8500,1.25,0,0
0.4976174788915,8501,1.2505,0,0
0.49761810956019,8502,1.251,0,0
0.49761874004786,8503,1.2515,0,0
0.4976193703545,8504,1.252,0,0
0.49762000048012,8505,1.2525,0,0
0.49762063042471,8506,1.253,0,0
0.49762126018829,8507,1.2535,0,0
0.49762188977084,8508,1.254,0,0
0.49762251917238,8509,1.2545,0,0
0.49762314839289,8510,1.255,0,0
0.49762377743239,8511,1.2555,0,0
0.49762440629087,8512,1.256,0,0
0.49762503496833,8513,1.2565,0,0
0.49762566346477,8514,1.257,0,0
0.4976262917802,8515,1.2575,0,0
0.49762691991461,8516,1.258,0,0
0.49762754786801,8517,1.2585,0,0
0.49762817564039,8518,1.259,0,0
0.49762880323176,8519,1.2595,0,0
0.49762943064212,8520,1.26,0,0
0.49763005787146,8521,1.2605,0,0
0.4976306849198,8522,1.261,0,0
0.49763131178712,8523,1.2615,0,0
0.49763193847343,8524,1.262,0,0
0.49763256497873,8525,1.2625,0,0
0.49763319130302,8526,1.263,0,0
0.49763381744631,8527,1.2635,0,0
0.49763444340858,8528,1.264,0,0
0.49763506918985,8529,1.2645,0,0
0.49763569479011,8530,1.265,0,0
0.49763632020937,8531,1.2655,0,0
0.49763694544762,8532,1.266,0,0
0.49763757050487,8533,1.2665,0,0
0.49763819538111,8534,1.267,0,0
0.49763882007635,8535,1.2675,0,0
0.49763944459059,8536,1.268,0,0
0.49764006892382,8537,1.2685,0,0
0.49764069307606,8538,1.269,0,0
0.49764131704729,8539,1.2695,0,0
0.49764194083752,8540,1.27,0,0
0.49764256444675,8541,1.2705,0,0
0.49764318787499,8542,1.271,0,0
0.49764381112223,8543,1.2715,0,0
0.49764443418846,8544,1.272,0,0
0.49764505707371,8545,1.2725,0,0
0.49764567977795,8546,1.273,0,0
0.4976463023012,8547,1.2735,0,0
0.49764692464346,8548,1.274,0,0
0.49764754680472,8549,1.2745,0,0
0.49764816878498,8550,1.275,0,0
0.49764879058426,8551,1.2755,0,0
0.49764941220254,8552,1.276,0,0
0.49765003363983,8553,1.2765,0,0
0.49765065489613,8554,1.277,0,0
0.49765127597144,8555,1.2775,0,0
0.49765189686576,8556,1.278,0,0
0.49765251757909,8557,1.2785,0,0
0.49765313811143,8558,1.279,0,0
0.49765375846278,8559,1.2795,0,0
0.49765437863315,8560,1.28,0,0
0.49765499862252,8561,1.2805,0,0
0.49765561843092,8562,1.281,0,0
0.49765623805833,8563,1.2815,0,0
0.49765685750475,8564,1.282,0,0
0.49765747677019,8565,1.2825,0,0
0.49765809585464,8566,1.283,0,0
0.49765871475812,8567,1.2835,0,0
0.49765933348061,8568,1.284,0,0
0.49765995202212,8569,1.2845,0,0
0.49766057038264,8570,1.285,0,0
0.49766118856219,8571,1.2855,0,0
0.49766180656076,8572,1.286,0,0
0.49766242437835,8573,1.2865,0,0
0.49766304201496,8574,1.287,0,0
0.49766365947059,8575,1.2875,0,0
0.49766427674525,8576,1.288,0,0
0.49766489383893,8577,1.2885,0,0
0.49766551075163,8578,1.289,0,0
0.49766612748336,8579,1.2895,0,0
0.49766674403412,8580,1.29,0,0
0.4976673604039,8581,1.2905,0,0
0.4976679765927,8582,1.291,0,0
0.49766859260054,8583,1.2915,0,0
0.4976692084274,8584,1.292,0,0
0.49766982407329,8585,1.2925,0,0
0.49767043953821,8586,1.293,0,0
0.49767105482216,8587,1.2935,0,0
0.49767166992514,8588,1.294,0,0
0.49767228484716,8589,1.2945,0,0
0.4976728995882,8590,1.295,0,0
0.49767351414828,8591,1.2955,0,0
0.49767412852739,8592,1.296,0,0
0.49767474272553,8593,1.2965,0,0
0.49767535674271,8594,1.297,0,0
0.49767597057892,8595,1.2975,0,0
0.49767658423417,8596,1.298,0,0
0.49767719770845,8597,1.2985,0,0
0.49767781100177,8598,1.299,0,0
0.49767842411413,8599,1.2995,0,0
0.49767903704553,8600,1.3,0,0
0.49767964979597,8601,1.3005,0,0
0.49768026236544,8602,1.301,0,0
0.49768087475396,8603,1.3015,0,0
0.49768148696151,8604,1.302,0,0
0.49768209898811,8605,1.3025,0,0
0.49768271083375,8606,1.303,0,0
0.49768332249843,8607,1.3035,0,0
0.49768393398216,8608,1.304,0,0
0.49768454528492,8609,1.3045,0,0
0.49768515640674,8610,1.305,0,0
0.4976857673476,8611,1.3055,0,0
0.4976863781075,8612,1.306,0,0
0.49768698868645,8613,1.3065,0,0
0.49768759908445,8614,1.307,0,0
0.49768820930149,8615,1.3075,0,0
0.49768881933758,8616,1.308,0,0
0.49768942919273,8617,1.3085,0,0
0.49769003886692,8618,1.309,0,0
0.49769064836016,8619,1.3095,0,0
0.49769125767245,8620,1.31,0,0
0.49769186680379,8621,1.3105,0,0
0.49769247575419,8622,1.311,0,0
0.49769308452364,8623,1.3115,0,0
0.49769369311214,8624,1.312,0,0
0.4976943015197,8625,1.3125,0,0
0.4976949097463,8626,1.313,0,0
0.49769551779197,8627,1.3135,0,0
0.49769612565669,8628,1.314,0,0
0.49769673334047,8629,1.3145,0,0
0.4976973408433,8630,1.315,0,0
0.49769794816519,8631,1.3155,0,0
0.49769855530614,8632,1.316,0,0
0.49769916226615,8633,1.3165,0,0
0.49769976904522,8634,1.317,0,0
0.49770037564335,8635,1.3175,0,0
0.49770098206054,8636,1.318,0,0
0.49770158829679,8637,1.3185,0,0
0.4977021943521,8638,1.319,0,0
0.49770280022648,8639,1.3195,0,0
0.49770340591991,8640,1.32,0,0
0.49770401143242,8641,1.3205,0,0
0.49770461676398,8642,1.321,0,0
0.49770522191461,8643,1.3215,0,0
0.49770582688431,8644,1.322,0,0
0.49770643167308,8645,1.3225,0,0
0.49770703628091,8646,1.323,0,0
0.49770764070781,8647,1.3235,0,0
0.49770824495377,8648,1.324,0,0
0.49770884901881,8649,1.3245,0,0
0.49770945290291,8650,1.325,0,0
0.49771005660609,8651,1.3255,0,0
0.49771066012833,8652,1.326,0,0
0.49771126346965,8653,1.3265,0,0
0.49771186663004,8654,1.327,0,0
0.4977124696095,8655,1.3275,0,0
0.49771307240804,8656,1.328,0,0
0.49771367502565,8657,1.3285,0,0
0.49771427746233,8658,1.329,0,0
0.49771487971809,8659,1.3295,0,0
0.49771548179292,8660,1.33,0,0
0.49771608368683,8661,1.3305,0,0
0.49771668539982,8662,1.331,0,0
0.49771728693189,8663,1.3315,0,0
0.49771788828303,8664,1.332,0,0
0.49771848945325,8665,1.3325,0,0
0.49771909044255,8666,1.333,0,0
0.49771969125093,8667,1.3335,0,0
0.49772029187839,8668,1.334,0,0
0.49772089232494,8669,1.3345,0,0
0.49772149259056,8670,1.335,0,0
0.49772209267527,8671,1.3355,0,0
0.49772269257906,8672,1.336,0,0
0.49772329230194,8673,1.3365,0,0
0.49772389184389,8674,1.337,0,0
0.49772449120494,8675,1.3375,0,0
0.49772509038507,8676,1.338,0,0
0.49772568938428,8677,1.3385,0,0
0.49772628820258,8678,1.339,0,0
0.49772688683997,8679,1.3395,0,0
0.49772748529645,8680,1.34,0,0
0.49772808357202,8681,1.3405,0,0
0.49772868166667,8682,1.341,0,0
0.49772927958042,8683,1.3415,0,0
0.49772987731326,8684,1.342,0,0
0.49773047486518,8685,1.3425,0,0
0.4977310722362,8686,1.343,0,0
0.49773166942631,8687,1.3435,0,0
0.49773226643552,8688,1.344,0,0
0.49773286326382,8689,1.3445,0,0
0.49773345991121,8690,1.345,0,0
0.4977340563777,8691,1.3455,0,0
0.49773465266328,8692,1.346,0,0
0.49773524876796,8693,1.3465,0,0
0.49773584469173,8694,1.347,0,0
0.4977364404346,8695,1.3475,0,0
0.49773703599658,8696,1.348,0,0
0.49773763137764,8697,1.3485,0,0
0.49773822657781,8698,1.349,0,0
0.49773882159708,8699,1.3495,0,0
0.49773941643545,8700,1.35,0,0
0.49774001109292,8701,1.3505,0,0
0.49774060556949,8702,1.351,0,0
0.49774119986516,8703,1.3515,0,0
0.49774179397994,8704,1.352,0,0
0.49774238791381,8705,1.3525,0,0
0.4977429816668,8706,1.353,0,0
0.49774357523889,8707,1.3535,0,0
0.49774416863008,8708,1.354,0,0
0.49774476184038,8709,1.3545,0,0
0.49774535486978,8710,1.355,0,0
0.49774594771829,8711,1.3555,0,0
0.49774654038591,8712,1.356,0,0
0.49774713287264,8713,1.3565,0,0
0.49774772517848,8714,1.357,0,0
0.49774831730343,8715,1.3575,0,0
0.49774890924748,8716,1.358,0,0
0.49774950101065,8717,1.3585,0,0
0.49775009259293,8718,1.359,0,0
0.49775068399432,8719,1.3595,0,0
0.49775127521482,8720,1.36,0,0
0.49775186625444,8721,1.3605,0,0
0.49775245711317,8722,1.361,0,0
0.49775304779101,8723,1.3615,0,0
0.49775363828797,8724,1.362,0,0
0.49775422860405,8725,1.3625,0,0
0.49775481873924,8726,1.363,0,0
0.49775540869355,8727,1.3635,0,0
0.49775599846698,8728,1.364,0,0
0.49775658805952,8729,1.3645,0,0
0.49775717747118,8730,1.365,0,0
0.49775776670196,8731,1.3655,0,0
0.49775835575186,8732,1.366,0,0
0.49775894462089,8733,1.3665,0,0
0.49775953330903,8734,1.367,0,0
0.49776012181629,8735,1.3675,0,0
0.49776071014268,8736,1.368,0,0
0.49776129828819,8737,1.3685,0,0
0.49776188625282,8738,1.369,0,0
0.49776247403658,8739,1.3695,0,0
0.49776306163946,8740,1.37,0,0
0.49776364906147,8741,1.3705,0,0
0.4977642363026,8742,1.371,0,0
0.49776482336286,8743,1.3715,0,0
0.49776541024225,8744,1.372,0,0
0.49776599694077,8745,1.3725,0,0
0.49776658345841,8746,1.373,0,0
0.49776716979518,8747,1.3735,0,0
0.49776775595108,8748,1.374,0,0
0.49776834192611,8749,1.3745,0,0
0.49776892772028,8750,1.375,0,0
0.49776951333357,8751,1.3755,0,0
0.497770098766,8752,1.376,0,0
0.49777068401755,8753,1.3765,0,0
0.49777126908825,8754,1.377,0,0
0.49777185397807,8755,1.3775,0,0
0.49777243868703,8756,1.378,0,0
0.49777302321512,8757,1.3785,0,0
0.49777360756235,8758,1.379,0,0
0.49777419172872,8759,1.3795,0,0
0.49777477571422,8760,1.38,0,0
0.49777535951886,8761,1.3805,0,0
0.49777594314264,8762,1.381,0,0
0.49777652658556,8763,1.3815,0,0
0.49777710984762,8764,1.382,0,0
0.49777769292881,8765,1.3825,0,0
0.49777827582915,8766,1.383,0,0
0.49777885854862,8767,1.3835,0,0
0.49777944108724,8768,1.384,0,0
0.497780023445,8769,1.3845,0,0
0.49778060562191,8770,1.385,0,0
0.49778118761795,8771,1.3855,0,0
0.49778176943315,8772,1.386,0,0
0.49778235106748,8773,1.3865,0,0
0.49778293252096,8774,1.387,0,0
0.49778351379359,8775,1.3875,0,0
0.49778409488536,8776,1.388,0,0
0.49778467579628,8777,1.3885,0,0
0.49778525652635,8778,1.389,0,0
0.49778583707556,8779,1.3895,0,0
0.49778641744393,8780,1.39,0,0
0.49778699763144,8781,1.3905,0,0
0.49778757763811,8782,1.391,0,0
0.49778815746392,8783,1.3915,0,0
0.49778873710888,8784,1.392,0,0
0.497789316573,8785,1.3925,0,0
0.49778989585627,8786,1.393,0,0
0.49779047495869,8787,1.3935,0,0
0.49779105388027,8788,1.394,0,0
0.497791632621,8789,1.3945,0,0
0.49779221118088,8790,1.395,0,0
0.49779278955992,8791,1.3955,0,0
0.49779336775812,8792,1.396,0,0
0.49779394577547,8793,1.3965,0,0
0.49779452361198,8794,1.397,0,0
0.49779510126765,8795,1.3975,0,0
0.49779567874247,8796,1.398,0,0
0.49779625603646,8797,1.3985,0,0
0.4977968331496,8798,1.399,0,0
0.49779741008191,8799,1.3995,0,0
0.49779798683337,8800,1.4,0,0
0.497798563404,8801,1.4005,0,0
0.49779913979378,8802,1.401,0,0
0.49779971600274,8803,1.4015,0,0
0.49780029203085,8804,1.402,0,0
0.49780086787813,8805,1.4025,0,0
0.49780144354457,8806,1.403,0,0
0.49780201903017,8807,1.4035,0,0
0.49780259433494,8808,1.404,0,0
0.49780316945888,8809,1.4045,0,0
0.49780374440199,8810,1.405,0,0
0.49780431916426,8811,1.4055,0,0
0.4978048937457,8812,1.406,0,0
0.4978054681463,8813,1.4065,0,0
0.49780604236608,8814,1.407,0,0
0.49780661640502,8815,1.4075,0,0
0.49780719026314,8816,1.408,0,0
0.49780776394043,8817,1.4085,0,0
0.49780833743689,8818,1.409,0,0
0.49780891075252,8819,1.4095,0,0
0.49780948388732,8820,1.41,0,0
0.49781005684129,8821,1.4105,0,0
0.49781062961444,8822,1.411,0,0
0.49781120220677,8823,1.4115,0,0
0.49781177461827,8824,1.412,0,0
0.49781234684894,8825,1.4125,0,0
0.49781291889879,8826,1.413,0,0
0.49781349076782,8827,1.4135,0,0
0.49781406245602,8828,1.414,0,0
0.4978146339634,8829,1.4145,0,0
0.49781520528996,8830,1.415,0,0
0.4978157764357,8831,1.4155,0,0
0.49781634740062,8832,1.416,0,0
0.49781691818472,8833,1.4165,0,0
0.497817488788,8834,1.417,0,0
0.49781805921046,8835,1.4175,0,0
0.4978186294521,8836,1.418,0,0
0.49781919951293,8837,1.4185,0,0
0.49781976939294,8838,1.419,0,0
0.49782033909213,8839,1.4195,0,0
0.4978209086105,8840,1.42,0,0
0.49782147794807,8841,1.4205,0,0
0.49782204710481,8842,1.421,0,0
0.49782261608075,8843,1.4215,0,0
0.49782318487586,8844,1.422,0,0
0.49782375349017,8845,1.4225,0,0
0.49782432192367,8846,1.423,0,0
0.49782489017635,8847,1.4235,0,0
0.49782545824822,8848,1.424,0,0
0.49782602613928,8849,1.4245,0,0
0.49782659384953,8850,1.425,0,0
0.49782716137898,8851,1.4255,0,0
0.49782772872761,8852,1.426,0,0
0.49782829589543,8853,1.4265,0,0
0.49782886288245,8854,1.427,0,0
0.49782942968866,8855,1.4275,0,0
0.49782999631407,8856,1.428,0,0
0.49783056275867,8857,1.4285,0,0
0.49783112902246,8858,1.429,0,0
0.49783169510545,8859,1.4295,0,0
0.49783226100763,8860,1.43,0,0
0.49783282672902,8861,1.4305,0,0
0.49783339226959,8862,1.431,0,0
0.49783395762937,8863,1.4315,0,0
0.49783452280835,8864,1.432,0,0
0.49783508780652,8865,1.4325,0,0
0.49783565262389,8866,1.433,0,0
0.49783621726046,8867,1.4335,0,0
0.49783678171624,8868,1.434,0,0
0.49783734599121,8869,1.4345,0,0
0.49783791008539,8870,1.435,0,0
0.49783847399877,8871,1.4355,0,0
0.49783903773135,8872,1.436,0,0
0.49783960128314,8873,1.4365,0,0
0.49784016465413,8874,1.437,0,0
0.49784072784432,8875,1.4375,0,0
0.49784129085372,8876,1.438,0,0
0.49784185368233,8877,1.4385,0,0
0.49784241633014,8878,1.439,0,0
0.49784297879716,8879,1.4395,0,0
0.49784354108338,8880,1.44,0,0
0.49784410318882,8881,1.4405,0,0
0.49784466511346,8882,1.441,0,0
0.49784522685731,8883,1.4415,0,0
0.49784578842038,8884,1.442,0,0
0.49784634980265,8885,1.4425,0,0
0.49784691100413,8886,1.443,0,0
0.49784747202483,8887,1.4435,0,0
0.49784803286474,8888,1.444,0,0
0.49784859352386,8889,1.4445,0,0
0.49784915400219,8890,1.445,0,0
0.49784971429974,8891,1.4455,0,0
0.4978502744165,8892,1.446,0,0
0.49785083435248,8893,1.4465,0,0
0.49785139410767,8894,1.447,0,0
0.49785195368208,8895,1.4475,0,0
0.49785251307571,8896,1.448,0,0
0.49785307228855,8897,1.4485,0,0
0.49785363132061,8898,1.449,0,0
0.49785419017189,8899,1.4495,0,0
0.49785474884239,8900,1.45,0,0
0.49785530733211,8901,1.4505,0,0
0.49785586564105,8902,1.451,0,0
0.49785642376921,8903,1.4515,0,0
0.49785698171659,8904,1.452,0,0
0.4978575394832,8905,1.4525,0,0
0.49785809706902,8906,1.453,0,0
0.49785865447407,8907,1.4535,0,0
0.49785921169835,8908,1.454,0,0
0.49785976874184,8909,1.4545,0,0
0.49786032560457,8910,1.455,0,0
0.49786088228651,8911,1.4555,0,0
0.49786143878769,8912,1.456,0,0
0.49786199510809,8913,1.4565,0,0
0.49786255124772,8914,1.457,0,0
0.49786310720657,8915,1.4575,0,0
0.49786366298466,8916,1.458,0,0
0.49786421858197,8917,1.4585,0,0
0.49786477399851,8918,1.459,0,0
0.49786532923428,8919,1.4595,0,0
0.49786588428928,8920,1.46,0,0
0.49786643916352,8921,1.4605,0,0
0.49786699385698,8922,1.461,0,0
0.49786754836968,8923,1.4615,0,0
0.49786810270161,8924,1.462,0,0
0.49786865685278,8925,1.4625,0,0
0.49786921082317,8926,1.463,0,0
0.49786976461281,8927,1.4635,0,0
0.49787031822167,8928,1.464,0,0
0.49787087164978,8929,1.4645,0,0
0.49787142489712,8930,1.465,0,0
0.49787197796369,8931,1.4655,0,0
0.49787253084951,8932,1.466,0,0
0.49787308355456,8933,1.4665,0,0
0.49787363607885,8934,1.467,0,0
0.49787418842238,8935,1.4675,0,0
0.49787474058515,8936,1.468,0,0
0.49787529256716,8937,1.4685,0,0
0.49787584436841,8938,1.469,0,0
0.4978763959889,8939,1.4695,0,0
0.49787694742864,8940,1.47,0,0
0.49787749868761,8941,1.4705,0,0
0.49787804976583,8942,1.471,0,0
0.4978786006633,8943,1.4715,0,0
0.49787915138001,8944,1.472,0,0
0.49787970191596,8945,1.4725,0,0
0.49788025227116,8946,1.473,0,0
0.4978808024456,8947,1.4735,0,0
0.49788135243929,8948,1.474,0,0
0.49788190225223,8949,1.4745,0,0
0.49788245188441,8950,1.475,0,0
0.49788300133585,8951,1.4755,0,0
0.49788355060653,8952,1.476,0,0
0.49788409969646,8953,1.4765,0,0
0.49788464860564,8954,1.477,0,0
0.49788519733407,8955,1.4775,0,0
0.49788574588176,8956,1.478,0,0
0.49788629424869,8957,1.4785,0,0
0.49788684243488,8958,1.479,0,0
0.49788739044032,8959,1.4795,0,0
0.49788793826501,8960,1.48,0,0
0.49788848590896,8961,1.4805,0,0
0.49788903337216,8962,1.481,0,0
0.49788958065462,8963,1.4815,0,0
0.49789012775633,8964,1.482,0,0
0.49789067467729,8965,1.4825,0,0
0.49789122141752,8966,1.483,0,0
0.497891767977,8967,1.4835,0,0
0.49789231435574,8968,1.484,0,0
0.49789286055374,8969,1.4845,0,0
0.49789340657099,8970,1.485,0,0
0.49789395240751,8971,1.4855,0,0
0.49789449806329,8972,1.486,0,0
0.49789504353832,8973,1.4865,0,0
0.49789558883262,8974,1.487,0,0
0.49789613394618,8975,1.4875,0,0
0.49789667887901,8976,1.488,0,0
0.49789722363109,8977,1.4885,0,0
0.49789776820244,8978,1.489,0,0
0.49789831259305,8979,1.4895,0,0
0.49789885680293,8980,1.49,0,0
0.49789940083207,8981,1.4905,0,0
0.49789994468048,8982,1.491,0,0
0.49790048834815,8983,1.4915,0,0
0.49790103183509,8984,1.492,0,0
0.4979015751413,8985,1.4925,0,0
0.49790211826678,8986,1.493,0,0
0.49790266121152,8987,1.4935,0,0
0.49790320397554,8988,1.494,0,0
0.49790374655882,8989,1.4945,0,0
0.49790428896137,8990,1.495,0,0
0.4979048311832,8991,1.4955,0,0
0.49790537322429,8992,1.496,0,0
0.49790591508466,8993,1.4965,0,0
0.4979064567643,8994,1.497,0,0
0.49790699826321,8995,1.4975,0,0
0.4979075395814,8996,1.498,0,0
0.49790808071886,8997,1.4985,0,0
0.49790862167559,8998,1.499,0,0
0.4979091624516,8999,1.4995,0,0
0.49790970304689,9000,1.5,0,0
0.49791024346145,9001,1.5005,0,0
0.49791078369529,9002,1.501,0,0
0.4979113237484,9003,1.5015,0,0
0.49791186362079,9004,1.502,0,0
0.49791240331247,9005,1.5025,0,0
0.49791294282342,9006,1.503,0,0
0.49791348215365,9007,1.5035,0,0
0.49791402130316,9008,1.504,0,0
0.49791456027195,9009,1.5045,0,0
0.49791509906002,9010,1.505,0,0
0.49791563766738,9011,1.5055,0,0
0.49791617609402,9012,1.506,0,0
0.49791671433994,9013,1.5065,0,0
0.49791725240514,9014,1.507,0,0
0.49791779028963,9015,1.5075,0,0
0.4979183279934,9016,1.508,0,0
0.49791886551646,9017,1.5085,0,0
0.4979194028588,9018,1.509,0,0
0.49791994002043,9019,1.5095,0,0
0.49792047700135,9020,1.51,0,0
0.49792101380155,9021,1.5105,0,0
0.49792155042104,9022,1.511,0,0
0.49792208685982,9023,1.5115,0,0
0.49792262311789,9024,1.512,0,0
0.49792315919525,9025,1.5125,0,0
0.4979236950919,9026,1.513,0,0
0.49792423080784,9027,1.5135,0,0
0.49792476634307,9028,1.514,0,0
0.49792530169759,9029,1.5145,0,0
0.4979258368714,9030,1.515,0,0
0.49792637186451,9031,1.5155,0,0
0.49792690667691,9032,1.516,0,0
0.49792744130861,9033,1.5165,0,0
0.4979279757596,9034,1.517,0,0
0.49792851002988,9035,1.5175,0,0
0.49792904411946,9036,1.518,0,0
0.49792957802834,9037,1.5185,0,0
0.49793011175651,9038,1.519,0,0
0.49793064530398,9039,1.5195,0,0
0.49793117867075,9040,1.52,0,0
0.49793171185682,9041,1.5205,0,0
0.49793224486218,9042,1.521,0,0
0.49793277768685,9043,1.5215,0,0
0.49793331033081,9044,1.522,0,0
0.49793384279408,9045,1.5225,0,0
0.49793437507664,9046,1.523,0,0
0.49793490717851,9047,1.5235,0,0
0.49793543909968,9048,1.524,0,0
0.49793597084015,9049,1.5245,0,0
0.49793650239993,9050,1.525,0,0
0.49793703377901,9051,1.5255,0,0
0.4979375649774,9052,1.526,0,0
0.49793809599509,9053,1.5265,0,0
0.49793862683208,9054,1.527,0,0
0.49793915748838,9055,1.5275,0,0
0.49793968796399,9056,1.528,0,0
0.4979402182589,9057,1.5285,0,0
0.49794074837313,9058,1.529,0,0
0.49794127830666,9059,1.5295,0,0
0.4979418080595,9060,1.53,0,0
0.49794233763165,9061,1.5305,0,0
0.49794286702311,9062,1.531,0,0
0.49794339623387,9063,1.5315,0,0
0.49794392526395,9064,1.532,0,0
0.49794445411335,9065,1.5325,0,0
0.49794498278205,9066,1.533,0,0
0.49794551127007,9067,1.5335,0,0
0.4979460395774,9068,1.534,0,0
0.49794656770404,9069,1.5345,0,0
0.49794709565,9070,1.535,0,0
0.49794762341527,9071,1.5355,0,0
0.49794815099985,9072,1.536,0,0
0.49794867840376,9073,1.5365,0,0
0.49794920562698,9074,1.537,0,0
0.49794973266951,9075,1.5375,0,0
0.49795025953137,9076,1.538,0,0
0.49795078621254,9077,1.5385,0,0
0.49795131271303,9078,1.539,0,0
0.49795183903284,9079,1.5395,0,0
0.49795236517197,9080,1.54,0,0
0.49795289113042,9081,1.5405,0,0
0.49795341690819,9082,1.541,0,0
0.49795394250528,9083,1.5415,0,0
0.49795446792169,9084,1.542,0,0
0.49795499315743,9085,1.5425,0,0
0.49795551821249,9086,1.543,0,0
0.49795604308687,9087,1.5435,0,0
0.49795656778057,9088,1.544,0,0
0.4979570922936,9089,1.5445,0,0
0.49795761662596,9090,1.545,0,0
0.49795814077764,9091,1.5455,0,0
0.49795866474865,9092,1.546,0,0
0.49795918853898,9093,1.5465,0,0
0.49795971214864,9094,1.547,0,0
0.49796023557763,9095,1.5475,0,0
0.49796075882595,9096,1.548,0,0
0.49796128189359,9097,1.5485,0,0
0.49796180478057,9098,1.549,0,0
0.49796232748687,9099,1.5495,0,0
0.49796285001251,9100,1.55,0,0
0.49796337235747,9101,1.5505,0,0
0.49796389452177,9102,1.551,0,0
0.4979644165054,9103,1.5515,0,0
0.49796493830836,9104,1.552,0,0
0.49796545993066,9105,1.5525,0,0
0.49796598137229,9106,1.553,0,0
0.49796650263325,9107,1.5535,0,0
0.49796702371355,9108,1.554,0,0
0.49796754461318,9109,1.5545,0,0
0.49796806533215,9110,1.555,0,0
0.49796858587046,9111,1.5555,0,0
0.4979691062281,9112,1.556,0,0
0.49796962640508,9113,1.5565,0,0
0.4979701464014,9114,1.557,0,0
0.49797066621705,9115,1.5575,0,0
0.49797118585205,9116,1.558,0,0
0.49797170530638,9117,1.5585,0,0
0.49797222458006,9118,1.559,0,0
0.49797274367307,9119,1.5595,0,0
0.49797326258543,9120,1.56,0,0
0.49797378131713,9121,1.5605,0,0
0.49797429986817,9122,1.561,0,0
0.49797481823855,9123,1.5615,0,0
0.49797533642828,9124,1.562,0,0
0.49797585443735,9125,1.5625,0,0
0.49797637226576,9126,1.563,0,0
0.49797688991352,9127,1.5635,0,0
0.49797740738063,9128,1.564,0,0
0.49797792466708,9129,1.5645,0,0
0.49797844177287,9130,1.565,0,0
0.49797895869802,9131,1.5655,0,0
0.49797947544251,9132,1.566,0,0
0.49797999200635,9133,1.5665,0,0
0.49798050838954,9134,1.567,0,0
0.49798102459208,9135,1.5675,0,0
0.49798154061396,9136,1.568,0,0
0.4979820564552,9137,1.5685,0,0
0.49798257211579,9138,1.569,0,0
0.49798308759573,9139,1.5695,0,0
0.49798360289502,9140,1.57,0,0
0.49798411801366,9141,1.5705,0,0
0.49798463295166,9142,1.571,0,0
0.49798514770901,9143,1.5715,0,0
0.49798566228571,9144,1.572,0,0
0.49798617668177,9145,1.5725,0,0
0.49798669089719,9146,1.573,0,0
0.49798720493195,9147,1.5735,0,0
0.49798771878608,9148,1.574,0,0
0.49798823245956,9149,1.5745,0,0
0.4979887459524,9150,1.575,0,0
0.4979892592646,9151,1.5755,0,0
0.49798977239615,9152,1.576,0,0
0.49799028534706,9153,1.5765,0,0
0.49799079811733,9154,1.577,0,0
0.49799131070697,9155,1.5775,0,0
0.49799182311596,9156,1.578,0,0
0.49799233534431,9157,1.5785,0,0
0.49799284739202,9158,1.579,0,0
0.4979933592591,9159,1.5795,0,0
0.49799387094554,9160,1.58,0,0
0.49799438245134,9161,1.5805,0,0
0.4979948937765,9162,1.581,0,0
0.49799540492103,9163,1.5815,0,0
0.49799591588493,9164,1.582,0,0
0.49799642666818,9165,1.5825,0,0
0.49799693727081,9166,1.583,0,0
0.4979974476928,9167,1.5835,0,0
0.49799795793415,9168,1.584,0,0
0.49799846799488,9169,1.5845,0,0
0.49799897787497,9170,1.585,0,0
0.49799948757443,9171,1.5855,0,0
0.49799999709325,9172,1.586,0,0
0.49800050643145,9173,1.5865,0,0
0.49800101558902,9174,1.587,0,0
0.49800152456595,9175,1.5875,0,0
0.49800203336226,9176,1.588,0,0
0.49800254197794,9177,1.5885,0,0
0.49800305041299,9178,1.589,0,0
0.49800355866741,9179,1.5895,0,0
0.49800406674121,9180,1.59,0,0
0.49800457463438,9181,1.5905,0,0
0.49800508234692,9182,1.591,0,0
0.49800558987884,9183,1.5915,0,0
0.49800609723013,9184,1.592,0,0
0.4980066044008,9185,1.5925,0,0
0.49800711139084,9186,1.593,0,0
0.49800761820026,9187,1.5935,0,0
0.49800812482906,9188,1.594,0,0
0.49800863127724,9189,1.5945,0,0
0.49800913754479,9190,1.595,0,0
0.49800964363172,9191,1.5955,0,0
0.49801014953803,9192,1.596,0,0
0.49801065526372,9193,1.5965,0,0
0.49801116080879,9194,1.597,0,0
0.49801166617324,9195,1.5975,0,0
0.49801217135708,9196,1.598,0,0
0.49801267636029,9197,1.5985,0,0
0.49801318118289,9198,1.599,0,0
0.49801368582487,9199,1.5995,0,0
0.49801419028623,9200,1.6,0,0
0.49801469456698,9201,1.6005,0,0
0.49801519866711,9202,1.601,0,0
0.49801570258662,9203,1.6015,0,0
0.49801620632552,9204,1.602,0,0
0.49801670988381,9205,1.6025,0,0
0.49801721326148,9206,1.603,0,0
0.49801771645854,9207,1.6035,0,0
0.49801821947499,9208,1.604,0,0
0.49801872231082,9209,1.6045,0,0
0.49801922496605,9210,1.605,0,0
0.49801972744066,9211,1.6055,0,0
0.49802022973466,9212,1.606,0,0
0.49802073184806,9213,1.6065,0,0
0.49802123378084,9214,1.607,0,0
0.49802173553301,9215,1.6075,0,0
0.49802223710458,9216,1.608,0,0
0.49802273849553,9217,1.6085,0,0
0.49802323970588,9218,1.609,0,0
0.49802374073563,9219,1.6095,0,0
0.49802424158476,9220,1.61,0,0
0.4980247422533,9221,1.6105,0,0
0.49802524274122,9222,1.611,0,0
0.49802574304854,9223,1.6115,0,0
0.49802624317526,9224,1.612,0,0
0.49802674312137,9225,1.6125,0,0
0.49802724288688,9226,1.613,0,0
0.49802774247179,9227,1.6135,0,0
0.49802824187609,9228,1.614,0,0
0.49802874109979,9229,1.6145,0,0
0.49802924014289,9230,1.615,0,0
0.49802973900539,9231,1.6155,0,0
0.4980302376873,9232,1.616,0,0
0.4980307361886,9233,1.6165,0,0
0.4980312345093,9234,1.617,0,0
0.4980317326494,9235,1.6175,0,0
0.4980322306089,9236,1.618,0,0
0.49803272838781,9237,1.6185,0,0
0.49803322598612,9238,1.619,0,0
0.49803372340383,9239,1.6195,0,0
0.49803422064095,9240,1.62,0,0
0.49803471769747,9241,1.6205,0,0
0.4980352145734,9242,1.621,0,0
0.49803571126873,9243,1.6215,0,0
0.49803620778347,9244,1.622,0,0
0.49803670411761,9245,1.6225,0,0
0.49803720027116,9246,1.623,0,0
0.49803769624412,9247,1.6235,0,0
0.49803819203649,9248,1.624,0,0
0.49803868764827,9249,1.6245,0,0
0.49803918307945,9250,1.625,0,0
0.49803967833004,9251,1.6255,0,0
0.49804017340005,9252,1.626,0,0
0.49804066828946,9253,1.6265,0,0
0.49804116299829,9254,1.627,0,0
0.49804165752652,9255,1.6275,0,0
0.49804215187417,9256,1.628,0,0
0.49804264604123,9257,1.6285,0,0
0.49804314002771,9258,1.629,0,0
0.4980436338336,9259,1.6295,0,0
0.4980441274589,9260,1.63,0,0
0.49804462090361,9261,1.6305,0,0
0.49804511416775,9262,1.631,0,0
0.49804560725129,9263,1.6315,0,0
0.49804610015426,9264,1.632,0,0
0.49804659287664,9265,1.6325,0,0
0.49804708541844,9266,1.633,0,0
0.49804757777965,9267,1.6335,0,0
0.49804806996028,9268,1.634,0,0
0.49804856196033,9269,1.6345,0,0
0.49804905377981,9270,1.635,0,0
0.4980495454187,9271,1.6355,0,0
0.49805003687701,9272,1.636,0,0
0.49805052815474,9273,1.6365,0,0
0.49805101925189,9274,1.637,0,0
0.49805151016847,9275,1.6375,0,0
0.49805200090446,9276,1.638,0,0
0.49805249145988,9277,1.6385,0,0
0.49805298183472,9278,1.639,0,0
0.49805347202899,9279,1.6395,0,0
0.49805396204268,9280,1.64,0,0
0.4980544518758,9281,1.6405,0,0
0.49805494152834,9282,1.641,0,0
0.4980554310003,9283,1.6415,0,0
0.49805592029169,9284,1.642,0,0
0.49805640940251,9285,1.6425,0,0
0.49805689833276,9286,1.643,0,0
0.49805738708243,9287,1.6435,0,0
0.49805787565153,9288,1.644,0,0
0.49805836404007,9289,1.6445,0,0
0.49805885224803,9290,1.645,0,0
0.49805934027542,9291,1.6455,0,0
0.49805982812224,9292,1.646,0,0
0.49806031578849,9293,1.6465,0,0
0.49806080327417,9294,1.647,0,0
0.49806129057928,9295,1.6475,0,0
0.49806177770383,9296,1.648,0,0
0.49806226464781,9297,1.6485,0,0
0.49806275141122,9298,1.649,0,0
0.49806323799407,9299,1.6495,0,0
0.49806372439635,9300,1.65,0,0
0.49806421061806,9301,1.6505,0,0
0.49806469665921,9302,1.651,0,0
0.4980651825198,9303,1.6515,0,0
0.49806566819982,9304,1.652,0,0
0.49806615369928,9305,1.6525,0,0
0.49806663901817,9306,1.653,0,0
0.49806712415651,9307,1.6535,0,0
0.49806760911428,9308,1.654,0,0
0.49806809389149,9309,1.6545,0,0
0.49806857848814,9310,1.655,0,0
0.49806906290423,9311,1.6555,0,0
0.49806954713976,9312,1.656,0,0
0.49807003119473,9313,1.6565,0,0
0.49807051506914,9314,1.657,0,0
0.498070998763,9315,1.6575,0,0
0.4980714822763,9316,1.658,0,0
0.49807196560903,9317,1.6585,0,0
0.49807244876122,9318,1.659,0,0
0.49807293173284,9319,1.6595,0,0
0.49807341452391,9320,1.66,0,0
0.49807389713443,9321,1.6605,0,0
0.49807437956439,9322,1.661,0,0
0.49807486181379,9323,1.6615,0,0
0.49807534388264,9324,1.662,0,0
0.49807582577094,9325,1.6625,0,0
0.49807630747869,9326,1.663,0,0
0.49807678900588,9327,1.6635,0,0
0.49807727035252,9328,1.664,0,0
0.49807775151862,9329,1.6645,0,0
0.49807823250416,9330,1.665,0,0
0.49807871330914,9331,1.6655,0,0
0.49807919393358,9332,1.666,0,0
0.49807967437747,9333,1.6665,0,0
0.49808015464082,9334,1.667,0,0
0.49808063472361,9335,1.6675,0,0
0.49808111462585,9336,1.668,0,0
0.49808159434755,9337,1.6685,0,0
0.4980820738887,9338,1.669,0,0
0.49808255324931,9339,1.6695,0,0
0.49808303242937,9340,1.67,0,0
0.49808351142888,9341,1.6705,0,0
0.49808399024785,9342,1.671,0,0
0.49808446888627,9343,1.6715,0,0
0.49808494734415,9344,1.672,0,0
0.49808542562149,9345,1.6725,0,0
0.49808590371828,9346,1.673,0,0
0.49808638163453,9347,1.6735,0,0
0.49808685937024,9348,1.674,0,0
0.49808733692541,9349,1.6745,0,0
0.49808781430004,9350,1.675,0,0
0.49808829149413,9351,1.6755,0,0
0.49808876850767,9352,1.676,0,0
0.49808924534068,9353,1.6765,0,0
0.49808972199315,9354,1.677,0,0
0.49809019846508,9355,1.6775,0,0
0.49809067475647,9356,1.678,0,0
0.49809115086732,9357,1.6785,0,0
0.49809162679764,9358,1.679,0,0
0.49809210254742,9359,1.6795,0,0
0.49809257811667,9360,1.68,0,0
0.49809305350538,9361,1.6805,0,0
0.49809352871355,9362,1.681,0,0
0.49809400374119,9363,1.6815,0,0
0.49809447858829,9364,1.682,0,0
0.49809495325487,9365,1.6825,0,0
0.4980954277409,9366,1.683,0,0
0.49809590204641,9367,1.6835,0,0
0.49809637617138,9368,1.684,0,0
0.49809685011583,9369,1.6845,0,0
0.49809732387974,9370,1.685,0,0
0.49809779746312,9371,1.6855,0,0
0.49809827086597,9372,1.686,0,0
0.49809874408829,9373,1.6865,0,0
0.49809921713008,9374,1.687,0,0
0.49809968999134,9375,1.6875,0,0
0.49810016267208,9376,1.688,0,0
0.49810063517228,9377,1.6885,0,0
0.49810110749196,9378,1.689,0,0
0.49810157963111,9379,1.6895,0,0
0.49810205158974,9380,1.69,0,0
0.49810252336784,9381,1.6905,0,0
0.49810299496541,9382,1.691,0,0
0.49810346638246,9383,1.6915,0,0
0.49810393761899,9384,1.692,0,0
0.49810440867499,9385,1.6925,0,0
0.49810487955047,9386,1.693,0,0
0.49810535024543,9387,1.6935,0,0
0.49810582075986,9388,1.694,0,0
0.49810629109377,9389,1.6945,0,0
0.49810676124716,9390,1.695,0,0
0.49810723122003,9391,1.6955,0,0
0.49810770101238,9392,1.696,0,0
0.49810817062421,9393,1.6965,0,0
0.49810864005551,9394,1.697,0,0
0.4981091093063,9395,1.6975,0,0
0.49810957837658,9396,1.698,0,0
0.49811004726633,9397,1.6985,0,0
0.49811051597556,9398,1.699,0,0
0.49811098450428,9399,1.6995,0,0
0.49811145285248,9400,1.7,0,0
0.49811192102017,9401,1.7005,0,0
0.49811238900734,9402,1.701,0,0
0.498112856814,9403,1.7015,0,0
0.49811332444014,9404,1.702,0,0
0.49811379188576,9405,1.7025,0,0
0.49811425915087,9406,1.703,0,0
0.49811472623547,9407,1.7035,0,0
0.49811519313956,9408,1.704,0,0
0.49811565986313,9409,1.7045,0,0
0.49811612640619,9410,1.705,0,0
0.49811659276874,9411,1.7055,0,0
0.49811705895078,9412,1.706,0,0
0.49811752495231,9413,1.7065,0,0
0.49811799077333,9414,1.707,0,0
0.49811845641384,9415,1.7075,0,0
0.49811892187384,9416,1.708,0,0
0.49811938715334,9417,1.7085,0,0
0.49811985225232,9418,1.709,0,0
0.4981203171708,9419,1.7095,0,0
0.49812078190877,9420,1.71,0,0
0.49812124646623,9421,1.7105,0,0
0.49812171084319,9422,1.711,0,0
0.49812217503964,9423,1.7115,0,0
0.49812263905559,9424,1.712,0,0
0.49812310289103,9425,1.7125,0,0
0.49812356654597,9426,1.713,0,0
0.4981240300204,9427,1.7135,0,0
0.49812449331434,9428,1.714,0,0
0.49812495642776,9429,1.7145,0,0
0.49812541936069,9430,1.715,0,0
0.49812588211311,9431,1.7155,0,0
0.49812634468504,9432,1.716,0,0
0.49812680707646,9433,1.7165,0,0
0.49812726928738,9434,1.717,0,0
0.4981277313178,9435,1.7175,0,0
0.49812819316773,9436,1.718,0,0
0.49812865483715,9437,1.7185,0,0
0.49812911632608,9438,1.719,0,0
0.4981295776345,9439,1.7195,0,0
0.49813003876243,9440,1.72,0,0
0.49813049970986,9441,1.7205,0,0
0.4981309604768,9442,1.721,0,0
0.49813142106324,9443,1.7215,0,0
0.49813188146919,9444,1.722,0,0
0.49813234169464,9445,1.7225,0,0
0.49813280173959,9446,1.723,0,0
0.49813326160405,9447,1.7235,0,0
0.49813372128802,9448,1.724,0,0
0.49813418079149,9449,1.7245,0,0
0.49813464011447,9450,1.725,0,0
0.49813509925696,9451,1.7255,0,0
0.49813555821896,9452,1.726,0,0
0.49813601700046,9453,1.7265,0,0
0.49813647560148,9454,1.727,0,0
0.498136934022,9455,1.7275,0,0
0.49813739226203,9456,1.728,0,0
0.49813785032158,9457,1.7285,0,0
0.49813830820064,9458,1.729,0,0
0.4981387658992,9459,1.7295,0,0
0.49813922341728,9460,1.73,0,0
0.49813968075487,9461,1.7305,0,0
0.49814013791198,9462,1.731,0,0
0.4981405948886,9463,1.7315,0,0
0.49814105168473,9464,1.732,0,0
0.49814150830037,9465,1.7325,0,0
0.49814196473553,9466,1.733,0,0
0.49814242099021,9467,1.7335,0,0
0.4981428770644,9468,1.734,0,0
0.49814333295811,9469,1.7345,0,0
0.49814378867133,9470,1.735,0,0
0.49814424420407,9471,1.7355,0,0
0.49814469955633,9472,1.736,0,0
0.49814515472811,9473,1.7365,0,0
0.49814560971941,9474,1.737,0,0
0.49814606453022,9475,1.7375,0,0
0.49814651916056,9476,1.738,0,0
0.49814697361041,9477,1.7385,0,0
0.49814742787978,9478,1.739,0,0
0.49814788196868,9479,1.7395,0,0
0.4981483358771,9480,1.74,0,0
0.49814878960503,9481,1.7405,0,0
0.4981492431525,9482,1.741,0,0
0.49814969651948,9483,1.7415,0,0
0.49815014970599,9484,1.742,0,0
0.49815060271202,9485,1.7425,0,0
0.49815105553757,9486,1.743,0,0
0.49815150818265,9487,1.7435,0,0
0.49815196064725,9488,1.744,0,0
0.49815241293138,9489,1.7445,0,0
0.49815286503504,9490,1.745,0,0
0.49815331695822,9491,1.7455,0,0
0.49815376870093,9492,1.746,0,0
0.49815422026317,9493,1.7465,0,0
0.49815467164493,9494,1.747,0,0
0.49815512284622,9495,1.7475,0,0
0.49815557386704,9496,1.748,0,0
0.49815602470739,9497,1.7485,0,0
0.49815647536727,9498,1.749,0,0
0.49815692584668,9499,1.7495,0,0
0.49815737614563,9500,1.75,0,0
0.4981578262641,9501,1.7505,0,0
0.4981582762021,9502,1.751,0,0
0.49815872595964,9503,1.7515,0,0
0.4981591755367,9504,1.752,0,0
0.49815962493331,9505,1.7525,0,0
0.49816007414944,9506,1.753,0,0
0.49816052318511,9507,1.7535,0,0
0.49816097204031,9508,1.754,0,0
0.49816142071505,9509,1.7545,0,0
0.49816186920932,9510,1.755,0,0
0.49816231752313,9511,1.7555,0,0
0.49816276565647,9512,1.756,0,0
0.49816321360935,9513,1.7565,0,0
0.49816366138177,9514,1.757,0,0
0.49816410897373,9515,1.7575,0,0
0.49816455638522,9516,1.758,0,0
0.49816500361626,9517,1.7585,0,0
0.49816545066683,9518,1.759,0,0
0.49816589753694,9519,1.7595,0,0
0.49816634422659,9520,1.76,0,0
0.49816679073578,9521,1.7605,0,0
0.49816723706451,9522,1.761,0,0
0.49816768321278,9523,1.7615,0,0
0.4981681291806,9524,1.762,0,0
0.49816857496795,9525,1.7625,0,0
0.49816902057485,9526,1.763,0,0
0.4981694660013,9527,1.7635,0,0
0.49816991124728,9528,1.764,0,0
0.49817035631281,9529,1.7645,0,0
0.49817080119789,9530,1.765,0,0
0.4981712459025,9531,1.7655,0,0
0.49817169042667,9532,1.766,0,0
0.49817213477038,9533,1.7665,0,0
0.49817257893364,9534,1.767,0,0
0.49817302291644,9535,1.7675,0,0
0.49817346671879,9536,1.768,0,0
0.49817391034069,9537,1.7685,0,0
0.49817435378213,9538,1.769,0,0
0.49817479704313,9539,1.7695,0,0
0.49817524012367,9540,1.77,0,0
0.49817568302377,9541,1.7705,0,0
0.49817612574341,9542,1.771,0,0
0.4981765682826,9543,1.7715,0,0
0.49817701064135,9544,1.772,0,0
0.49817745281964,9545,1.7725,0,0
0.49817789481749,9546,1.773,0,0
0.49817833663489,9547,1.7735,0,0
0.49817877827184,9548,1.774,0,0
0.49817921972835,9549,1.7745,0,0
0.49817966100441,9550,1.775,0,0
0.49818010210002,9551,1.7755,0,0
0.49818054301519,9552,1.776,0,0
0.49818098374991,9553,1.7765,0,0
0.49818142430419,9554,1.777,0,0
0.49818186467802,9555,1.7775,0,0
0.49818230487141,9556,1.778,0,0
0.49818274488436,9557,1.7785,0,0
0.49818318471686,9558,1.779,0,0
0.49818362436892,9559,1.7795,0,0
0.49818406384054,9560,1.78,0,0
0.49818450313172,9561,1.7805,0,0
0.49818494224245,9562,1.781,0,0
0.49818538117275,9563,1.7815,0,0
0.49818581992261,9564,1.782,0,0
0.49818625849202,9565,1.7825,0,0
0.498186696881,9566,1.783,0,0
0.49818713508954,9567,1.7835,0,0
0.49818757311764,9568,1.784,0,0
0.4981880109653,9569,1.7845,0,0
0.49818844863253,9570,1.785,0,0
0.49818888611932,9571,1.7855,0,0
0.49818932342567,9572,1.786,0,0
0.49818976055158,9573,1.7865,0,0
0.49819019749706,9574,1.787,0,0
0.49819063426211,9575,1.7875,0,0
0.49819107084672,9576,1.788,0,0
0.49819150725089,9577,1.7885,0,0
0.49819194347463,9578,1.789,0,0
0.49819237951794,9579,1.7895,0,0
0.49819281538082,9580,1.79,0,0
0.49819325106326,9581,1.7905,0,0
0.49819368656527,9582,1.791,0,0
0.49819412188685,9583,1.7915,0,0
0.498194557028,9584,1.792,0,0
0.49819499198872,9585,1.7925,0,0
0.49819542676901,9586,1.793,0,0
0.49819586136886,9587,1.7935,0,0
0.49819629578829,9588,1.794,0,0
0.49819673002729,9589,1.7945,0,0
0.49819716408586,9590,1.795,0,0
0.49819759796401,9591,1.7955,0,0
0.49819803166172,9592,1.796,0,0
0.49819846517901,9593,1.7965,0,0
0.49819889851587,9594,1.797,0,0
0.49819933167231,9595,1.7975,0,0
0.49819976464832,9596,1.798,0,0
0.4982001974439,9597,1.7985,0,0
0.49820063005906,9598,1.799,0,0
0.4982010624938,9599,1.7995,0,0
0.49820149474811,9600,1.8,0,0
0.498201926822,9601,1.8005,0,0
0.49820235871546,9602,1.801,0,0
0.4982027904285,9603,1.8015,0,0
0.49820322196112,9604,1.802,0,0
0.49820365331332,9605,1.8025,0,0
0.4982040844851,9606,1.803,0,0
0.49820451547645,9607,1.8035,0,0
0.49820494628739,9608,1.804,0,0
0.49820537691791,9609,1.8045,0,0
0.498205807368,9610,1.805,0,0
0.49820623763768,9611,1.8055,0,0
0.49820666772694,9612,1.806,0,0
0.49820709763578,9613,1.8065,0,0
0.4982075273642,9614,1.807,0,0
0.4982079569122,9615,1.8075,0,0
0.49820838627979,9616,1.808,0,0
0.49820881546696,9617,1.8085,0,0
0.49820924447372,9618,1.809,0,0
0.49820967330006,9619,1.8095,0,0
0.49821010194598,9620,1.81,0,0
0.49821053041149,9621,1.8105,0,0
0.49821095869659,9622,1.811,0,0
0.49821138680127,9623,1.8115,0,0
0.49821181472554,9624,1.812,0,0
0.4982122424694,9625,1.8125,0,0
0.49821267003284,9626,1.813,0,0
0.49821309741587,9627,1.8135,0,0
0.49821352461849,9628,1.814,0,0
0.4982139516407,9629,1.8145,0,0
0.4982143784825,9630,1.815,0,0
0.49821480514388,9631,1.8155,0,0
0.49821523162486,9632,1.816,0,0
0.49821565792543,9633,1.8165,0,0
0.49821608404559,9634,1.817,0,0
0.49821650998534,9635,1.8175,0,0
0.49821693574468,9636,1.818,0,0
0.49821736132362,9637,1.8185,0,0
0.49821778672214,9638,1.819,0,0
0.49821821194026,9639,1.8195,0,0
0.49821863697798,9640,1.82,0,0
0.49821906183529,9641,1.8205,0,0
0.49821948651219,9642,1.821,0,0
0.49821991100869,9643,1.8215,0,0
0.49822033532478,9644,1.822,0,0
0.49822075946047,9645,1.8225,0,0
0.49822118341576,9646,1.823,0,0
0.49822160719064,9647,1.8235,0,0
0.49822203078512,9648,1.824,0,0
0.4982224541992,9649,1.8245,0,0
0.49822287743287,9650,1.825,0,0
0.49822330048614,9651,1.8255,0,0
0.49822372335902,9652,1.826,0,0
0.49822414605149,9653,1.8265,0,0
0.49822456856356,9654,1.827,0,0
0.49822499089523,9655,1.8275,0,0
0.4982254130465,9656,1.828,0,0
0.49822583501738,9657,1.8285,0,0
0.49822625680785,9658,1.829,0,0
0.49822667841793,9659,1.8295,0,0
0.49822709984761,9660,1.83,0,0
0.49822752109689,9661,1.8305,0,0
0.49822794216577,9662,1.831,0,0
0.49822836305426,9663,1.8315,0,0
0.49822878376236,9664,1.832,0,0
0.49822920429005,9665,1.8325,0,0
0.49822962463736,9666,1.833,0,0
0.49823004480426,9667,1.8335,0,0
0.49823046479078,9668,1.834,0,0
0.4982308845969,9669,1.8345,0,0
0.49823130422262,9670,1.835,0,0
0.49823172366796,9671,1.8355,0,0
0.4982321429329,9672,1.836,0,0
0.49823256201745,9673,1.8365,0,0
0.4982329809216,9674,1.837,0,0
0.49823339964537,9675,1.8375,0,0
0.49823381818875,9676,1.838,0,0
0.49823423655173,9677,1.8385,0,0
0.49823465473433,9678,1.839,0,0
0.49823507273653,9679,1.8395,0,0
0.49823549055835,9680,1.84,0,0
0.49823590819978,9681,1.8405,0,0
0.49823632566082,9682,1.841,0,0
0.49823674294147,9683,1.8415,0,0
0.49823716004174,9684,1.842,0,0
0.49823757696161,9685,1.8425,0,0
0.49823799370111,9686,1.843,0,0
0.49823841026021,9687,1.8435,0,0
0.49823882663893,9688,1.844,0,0
0.49823924283727,9689,1.8445,0,0
0.49823965885522,9690,1.845,0,0
0.49824007469278,9691,1.8455,0,0
0.49824049034997,9692,1.846,0,0
0.49824090582677,9693,1.8465,0,0
0.49824132112318,9694,1.847,0,0
0.49824173623921,9695,1.8475,0,0
0.49824215117487,9696,1.848,0,0
0.49824256593014,9697,1.8485,0,0
0.49824298050502,9698,1.849,0,0
0.49824339489953,9699,1.8495,0,0
0.49824380911366,9700,1.85,0,0
0.4982442231474,9701,1.8505,0,0
0.49824463700077,9702,1.851,0,0
0.49824505067376,9703,1.8515,0,0
0.49824546416637,9704,1.852,0,0
0.4982458774786,9705,1.8525,0,0
0.49824629061045,9706,1.853,0,0
0.49824670356193,9707,1.8535,0,0
0.49824711633303,9708,1.854,0,0
0.49824752892375,9709,1.8545,0,0
0.49824794133409,9710,1.855,0,0
0.49824835356406,9711,1.8555,0,0
0.49824876561366,9712,1.856,0,0
0.49824917748288,9713,1.8565,0,0
0.49824958917172,9714,1.857,0,0
0.49825000068019,9715,1.8575,0,0
0.49825041200829,9716,1.858,0,0
0.49825082315601,9717,1.8585,0,0
0.49825123412337,9718,1.859,0,0
0.49825164491034,9719,1.8595,0,0
0.49825205551695,9720,1.86,0,0
0.49825246594319,9721,1.8605,0,0
0.49825287618905,9722,1.861,0,0
0.49825328625454,9723,1.8615,0,0
0.49825369613967,9724,1.862,0,0
0.49825410584442,9725,1.8625,0,0
0.4982545153688,9726,1.863,0,0
0.49825492471282,9727,1.8635,0,0
0.49825533387647,9728,1.864,0,0
0.49825574285974,9729,1.8645,0,0
0.49825615166265,9730,1.865,0,0
0.4982565602852,9731,1.8655,0,0
0.49825696872737,9732,1.866,0,0
0.49825737698918,9733,1.8665,0,0
0.49825778507063,9734,1.867,0,0
0.4982581929717,9735,1.8675,0,0
0.49825860069242,9736,1.868,0,0
0.49825900823276,9737,1.8685,0,0
0.49825941559275,9738,1.869,0,0
0.49825982277237,9739,1.8695,0,0
0.49826022977162,9740,1.87,0,0
0.49826063659052,9741,1.8705,0,0
0.49826104322905,9742,1.871,0,0
0.49826144968721,9743,1.8715,0,0
0.49826185596502,9744,1.872,0,0
0.49826226206246,9745,1.8725,0,0
0.49826266797955,9746,1.873,0,0
0.49826307371627,9747,1.8735,0,0
0.49826347927263,9748,1.874,0,0
0.49826388464863,9749,1.8745,0,0
0.49826428984428,9750,1.875,0,0
0.49826469485956,9751,1.8755,0,0
0.49826509969449,9752,1.876,0,0
0.49826550434905,9753,1.8765,0,0
0.49826590882326,9754,1.877,0,0
0.49826631311712,9755,1.8775,0,0
0.49826671723061,9756,1.878,0,0
0.49826712116375,9757,1.8785,0,0
0.49826752491653,9758,1.879,0,0
0.49826792848896,9759,1.8795,0,0
0.49826833188103,9760,1.88,0,0
0.49826873509275,9761,1.8805,0,0
0.49826913812411,9762,1.881,0,0
0.49826954097512,9763,1.8815,0,0
0.49826994364578,9764,1.882,0,0
0.49827034613608,9765,1.8825,0,0
0.49827074844603,9766,1.883,0,0
0.49827115057563,9767,1.8835,0,0
0.49827155252487,9768,1.884,0,0
0.49827195429377,9769,1.8845,0,0
0.49827235588231,9770,1.885,0,0
0.4982727572905,9771,1.8855,0,0
0.49827315851834,9772,1.886,0,0
0.49827355956584,9773,1.8865,0,0
0.49827396043298,9774,1.887,0,0
0.49827436111977,9775,1.8875,0,0
0.49827476162622,9776,1.888,0,0
0.49827516195231,9777,1.8885,0,0
0.49827556209806,9778,1.889,0,0
0.49827596206346,9779,1.8895,0,0
0.49827636184852,9780,1.89,0,0
0.49827676145323,9781,1.8905,0,0
0.49827716087759,9782,1.891,0,0
0.4982775601216,9783,1.8915,0,0
0.49827795918527,9784,1.892,0,0
0.4982783580686,9785,1.8925,0,0
0.49827875677158,9786,1.893,0,0
0.49827915529422,9787,1.8935,0,0
0.49827955363651,9788,1.894,0,0
0.49827995179846,9789,1.8945,0,0
0.49828034978007,9790,1.895,0,0
0.49828074758133,9791,1.8955,0,0
0.49828114520226,9792,1.896,0,0
0.49828154264284,9793,1.8965,0,0
0.49828193990308,9794,1.897,0,0
0.49828233698298,9795,1.8975,0,0
0.49828273388254,9796,1.898,0,0
0.49828313060175,9797,1.8985,0,0
0.49828352714063,9798,1.899,0,0
0.49828392349917,9799,1.8995,0,0
0.49828431967737,9800,1.9,0,0
0.49828471567524,9801,1.9005,0,0
0.49828511149276,9802,1.901,0,0
0.49828550712995,9803,1.9015,0,0
0.4982859025868,9804,1.902,0,0
0.49828629786331,9805,1.9025,0,0
0.49828669295949,9806,1.903,0,0
0.49828708787533,9807,1.9035,0,0
0.49828748261084,9808,1.904,0,0
0.49828787716601,9809,1.9045,0,0
0.49828827154084,9810,1.905,0,0
0.49828866573534,9811,1.9055,0,0
0.49828905974951,9812,1.906,0,0
0.49828945358334,9813,1.9065,0,0
0.49828984723685,9814,1.907,0,0
0.49829024071001,9815,1.9075,0,0
0.49829063400285,9816,1.908,0,0
0.49829102711535,9817,1.9085,0,0
0.49829142004753,9818,1.909,0,0
0.49829181279937,9819,1.9095,0,0
0.49829220537088,9820,1.91,0,0
0.49829259776206,9821,1.9105,0,0
0.49829298997291,9822,1.911,0,0
0.49829338200343,9823,1.9115,0,0
0.49829377385362,9824,1.912,0,0
0.49829416552349,9825,1.9125,0,0
0.49829455701302,9826,1.913,0,0
0.49829494832223,9827,1.9135,0,0
0.49829533945111,9828,1.914,0,0
0.49829573039966,9829,1.9145,0,0
0.49829612116789,9830,1.915,0,0
0.49829651175579,9831,1.9155,0,0
0.49829690216336,9832,1.916,0,0
0.49829729239061,9833,1.9165,0,0
0.49829768243753,9834,1.917,0,0
0.49829807230413,9835,1.9175,0,0
0.49829846199041,9836,1.918,0,0
0.49829885149636,9837,1.9185,0,0
0.49829924082198,9838,1.919,0,0
0.49829962996729,9839,1.9195,0,0
0.49830001893227,9840,1.92,0,0
0.49830040771693,9841,1.9205,0,0
0.49830079632127,9842,1.921,0,0
0.49830118474528,9843,1.9215,0,0
0.49830157298898,9844,1.922,0,0
0.49830196105235,9845,1.9225,0,0
0.49830234893541,9846,1.923,0,0
0.49830273663814,9847,1.9235,0,0
0.49830312416056,9848,1.924,0,0
0.49830351150265,9849,1.9245,0,0
0.49830389866443,9850,1.925,0,0
0.49830428564589,9851,1.9255,0,0
0.49830467244703,9852,1.926,0,0
0.49830505906785,9853,1.9265,0,0
0.49830544550836,9854,1.927,0,0
0.49830583176855,9855,1.9275,0,0
0.49830621784843,9856,1.928,0,0
0.49830660374798,9857,1.9285,0,0
0.49830698946723,9858,1.929,0,0
0.49830737500615,9859,1.9295,0,0
0.49830776036477,9860,1.93,0,0
0.49830814554306,9861,1.9305,0,0
0.49830853054105,9862,1.931,0,0
0.49830891535872,9863,1.9315,0,0
0.49830929999608,9864,1.932,0,0
0.49830968445312,9865,1.9325,0,0
0.49831006872986,9866,1.933,0,0
0.49831045282628,9867,1.9335,0,0
0.49831083674239,9868,1.934,0,0
0.49831122047818,9869,1.9345,0,0
0.49831160403367,9870,1.935,0,0
0.49831198740885,9871,1.9355,0,0
0.49831237060372,9872,1.936,0,0
0.49831275361828,9873,1.9365,0,0
0.49831313645252,9874,1.937,0,0
0.49831351910646,9875,1.9375,0,0
0.4983139015801,9876,1.938,0,0
0.49831428387342,9877,1.9385,0,0
0.49831466598644,9878,1.939,0,0
0.49831504791914,9879,1.9395,0,0
0.49831542967155,9880,1.94,0,0
0.49831581124364,9881,1.9405,0,0
0.49831619263543,9882,1.941,0,0
0.49831657384692,9883,1.9415,0,0
0.4983169548781,9884,1.942,0,0
0.49831733572897,9885,1.9425,0,0
0.49831771639954,9886,1.943,0,0
0.4983180968898,9887,1.9435,0,0
0.49831847719977,9888,1.944,0,0
0.49831885732942,9889,1.9445,0,0
0.49831923727878,9890,1.945,0,0
0.49831961704783,9891,1.9455,0,0
0.49831999663659,9892,1.946,0,0
0.49832037604503,9893,1.9465,0,0
0.49832075527318,9894,1.947,0,0
0.49832113432103,9895,1.9475,0,0
0.49832151318858,9896,1.948,0,0
0.49832189187582,9897,1.9485,0,0
0.49832227038277,9898,1.949,0,0
0.49832264870942,9899,1.9495,0,0
0.49832302685577,9900,1.95,0,0
0.49832340482182,9901,1.9505,0,0
0.49832378260757,9902,1.951,0,0
0.49832416021302,9903,1.9515,0,0
0.49832453763818,9904,1.952,0,0
0.49832491488304,9905,1.9525,0,0
0.4983252919476,9906,1.953,0,0
0.49832566883187,9907,1.9535,0,0
0.49832604553584,9908,1.954,0,0
0.49832642205951,9909,1.9545,0,0
0.49832679840289,9910,1.955,0,0
0.49832717456598,9911,1.9555,0,0
0.49832755054877,9912,1.956,0,0
0.49832792635127,9913,1.9565,0,0
0.49832830197347,9914,1.957,0,0
0.49832867741538,9915,1.9575,0,0
0.498329052677,9916,1.958,0,0
0.49832942775832,9917,1.9585,0,0
0.49832980265936,9918,1.959,0,0
0.4983301773801,9919,1.9595,0,0
0.49833055192055,9920,1.96,0,0
0.49833092628071,9921,1.9605,0,0
0.49833130046058,9922,1.961,0,0
0.49833167446016,9923,1.9615,0,0
0.49833204827945,9924,1.962,0,0
0.49833242191845,9925,1.9625,0,0
0.49833279537716,9926,1.963,0,0
0.49833316865558,9927,1.9635,0,0
0.49833354175371,9928,1.964,0,0
0.49833391467156,9929,1.9645,0,0
0.49833428740912,9930,1.965,0,0
0.49833465996639,9931,1.9655,0,0
0.49833503234338,9932,1.966,0,0
0.49833540454008,9933,1.9665,0,0
0.49833577655649,9934,1.967,0,0
0.49833614839262,9935,1.9675,0,0
0.49833652004846,9936,1.968,0,0
0.49833689152402,9937,1.9685,0,0
0.49833726281929,9938,1.969,0,0
0.49833763393428,9939,1.9695,0,0
0.49833800486899,9940,1.97,0,0
0.49833837562341,9941,1.9705,0,0
0.49833874619755,9942,1.971,0,0
0.49833911659141,9943,1.9715,0,0
0.49833948680499,9944,1.972,0,0
0.49833985683828,9945,1.9725,0,0
0.49834022669129,9946,1.973,0,0
0.49834059636403,9947,1.9735,0,0
0.49834096585648,9948,1.974,0,0
0.49834133516865,9949,1.9745,0,0
0.49834170430054,9950,1.975,0,0
0.49834207325215,9951,1.9755,0,0
0.49834244202349,9952,1.976,0,0
0.49834281061454,9953,1.9765,0,0
0.49834317902532,9954,1.977,0,0
0.49834354725582,9955,1.9775,0,0
0.49834391530604,9956,1.978,0,0
0.49834428317598,9957,1.9785,0,0
0.49834465086565,9958,1.979,0,0
0.49834501837504,9959,1.9795,0,0
0.49834538570415,9960,1.98,0,0
0.49834575285299,9961,1.9805,0,0
0.49834611982156,9962,1.981,0,0
0.49834648660984,9963,1.9815,0,0
0.49834685321786,9964,1.982,0,0
0.4983472196456,9965,1.9825,0,0
0.49834758589307,9966,1.983,0,0
0.49834795196026,9967,1.9835,0,0
0.49834831784718,9968,1.984,0,0
0.49834868355383,9969,1.9845,0,0
0.4983490490802,9970,1.985,0,0
0.49834941442631,9971,1.9855,0,0
0.49834977959214,9972,1.986,0,0
0.4983501445777,9973,1.9865,0,0
0.49835050938299,9974,1.987,0,0
0.49835087400801,9975,1.9875,0,0
0.49835123845276,9976,1.988,0,0
0.49835160271724,9977,1.9885,0,0
0.49835196680145,9978,1.989,0,0
0.4983523307054,9979,1.9895,0,0
0.49835269442907,9980,1.99,0,0
0.49835305797248,9981,1.9905,0,0
0.49835342133562,9982,1.991,0,0
0.49835378451849,9983,1.9915,0,0
0.49835414752109,9984,1.992,0,0
0.49835451034343,9985,1.9925,0,0
0.4983548729855,9986,1.993,0,0
0.4983552354473,9987,1.9935,0,0
0.49835559772884,9988,1.994,0,0
0.49835595983012,9989,1.9945,0,0
0.49835632175113,9990,1.995,0,0
0.49835668349188,9991,1.9955,0,0
0.49835704505236,9992,1.996,0,0
0.49835740643258,9993,1.9965,0,0
0.49835776763253,9994,1.997,0,0
0.49835812865222,9995,1.9975,0,0
0.49835848949165,9996,1.998,0,0
0.49835885015082,9997,1.9985,0,0
0.49835921062972,9998,1.999,0,0
0.49835957092837,9999,1.9995,0,0
0.49835993104675,10000,2,0,0
0.49836029098487,10001,2.0005,0,0
0.49836065074274,10002,2.001,0,0
0.49836101032034,10003,2.0015,0,0
0.49836136971768,10004,2.002,0,0
0.49836172893476,10005,2.0025,0,0
0.49836208797159,10006,2.003,0,0
0.49836244682816,10007,2.0035,0,0
0.49836280550446,10008,2.004,0,0
0.49836316400051,10009,2.0045,0,0
0.49836352231631,10010,2.005,0,0
0.49836388045184,10011,2.0055,0,0
0.49836423840712,10012,2.006,0,0
0.49836459618215,10013,2.0065,0,0
0.49836495377692,10014,2.007,0,0
0.49836531119143,10015,2.0075,0,0
0.49836566842568,10016,2.008,0,0
0.49836602547969,10017,2.0085,0,0
0.49836638235343,10018,2.009,0,0
0.49836673904693,10019,2.0095,0,0
0.49836709556017,10020,2.01,0,0
0.49836745189316,10021,2.0105,0,0
0.49836780804589,10022,2.011,0,0
0.49836816401837,10023,2.0115,0,0
0.4983685198106,10024,2.012,0,0
0.49836887542258,10025,2.0125,0,0
0.4983692308543,10026,2.013,0,0
0.49836958610578,10027,2.0135,0,0
0.498369941177,10028,2.014,0,0
0.49837029606798,10029,2.0145,0,0
0.4983706507787,10030,2.015,0,0
0.49837100530917,10031,2.0155,0,0
0.4983713596594,10032,2.016,0,0
0.49837171382937,10033,2.0165,0,0
0.4983720678191,10034,2.017,0,0
0.49837242162858,10035,2.0175,0,0
0.49837277525781,10036,2.018,0,0
0.4983731287068,10037,2.0185,0,0
0.49837348197553,10038,2.019,0,0
0.49837383506402,10039,2.0195,0,0
0.49837418797227,10040,2.02,0,0
0.49837454070027,10041,2.0205,0,0
0.49837489324802,10042,2.021,0,0
0.49837524561552,10043,2.0215,0,0
0.49837559780279,10044,2.022,0,0
0.4983759498098,10045,2.0225,0,0
0.49837630163658,10046,2.023,0,0
0.49837665328311,10047,2.0235,0,0
0.49837700474939,10048,2.024,0,0
0.49837735603543,10049,2.0245,0,0
0.49837770714123,10050,2.025,0,0
0.49837805806679,10051,2.0255,0,0
0.49837840881211,10052,2.026,0,0
0.49837875937718,10053,2.0265,0,0
0.49837910976201,10054,2.027,0,0
0.49837945996661,10055,2.0275,0,0
0.49837980999096,10056,2.028,0,0
0.49838015983507,10057,2.0285,0,0
0.49838050949894,10058,2.029,0,0
0.49838085898257,10059,2.0295,0,0
0.49838120828596,10060,2.03,0,0
0.49838155740912,10061,2.0305,0,0
0.49838190635203,10062,2.031,0,0
0.49838225511471,10063,2.0315,0,0
0.49838260369715,10064,2.032,0,0
0.49838295209935,10065,2.0325,0,0
0.49838330032132,10066,2.033,0,0
0.49838364836305,10067,2.0335,0,0
0.49838399622454,10068,2.034,0,0
0.49838434390579,10069,2.0345,0,0
0.49838469140682,10070,2.035,0,0
0.4983850387276,10071,2.0355,0,0
0.49838538586815,10072,2.036,0,0
0.49838573282847,10073,2.0365,0,0
0.49838607960855,10074,2.037,0,0
0.4983864262084,10075,2.0375,0,0
0.49838677262801,10076,2.038,0,0
0.49838711886739,10077,2.0385,0,0
0.49838746492654,10078,2.039,0,0
0.49838781080546,10079,2.0395,0,0
0.49838815650415,10080,2.04,0,0
0.4983885020226,10081,2.0405,0,0
0.49838884736082,10082,2.041,0,0
0.49838919251881,10083,2.0415,0,0
0.49838953749657,10084,2.042,0,0
0.4983898822941,10085,2.0425,0,0
0.4983902269114,10086,2.043,0,0
0.49839057134847,10087,2.0435,0,0
0.49839091560531,10088,2.044,0,0
0.49839125968193,10089,2.0445,0,0
0.49839160357831,10090,2.045,0,0
0.49839194729447,10091,2.0455,0,0
0.4983922908304,10092,2.046,0,0
0.4983926341861,10093,2.0465,0,0
0.49839297736157,10094,2.047,0,0
0.49839332035682,10095,2.0475,0,0
0.49839366317184,10096,2.048,0,0
0.49839400580663,10097,2.0485,0,0
0.4983943482612,10098,2.049,0,0
0.49839469053555,10099,2.0495,0,0
0.49839503262967,10100,2.05,0,0
0.49839537454356,10101,2.0505,0,0
0.49839571627723,10102,2.051,0,0
0.49839605783068,10103,2.0515,0,0
0.4983963992039,10104,2.052,0,0
0.4983967403969,10105,2.0525,0,0
0.49839708140968,10106,2.053,0,0
0.49839742224223,10107,2.0535,0,0
0.49839776289457,10108,2.054,0,0
0.49839810336668,10109,2.0545,0,0
0.49839844365857,10110,2.055,0,0
0.49839878377023,10111,2.0555,0,0
0.49839912370168,10112,2.056,0,0
0.49839946345291,10113,2.0565,0,0
0.49839980302392,10114,2.057,0,0
0.4984001424147,10115,2.0575,0,0
0.49840048162527,10116,2.058,0,0
0.49840082065562,10117,2.0585,0,0
0.49840115950575,10118,2.059,0,0
0.49840149817566,10119,2.0595,0,0
0.49840183666536,10120,2.06,0,0
0.49840217497483,10121,2.0605,0,0
0.49840251310409,10122,2.061,0,0
0.49840285105314,10123,2.0615,0,0
0.49840318882196,10124,2.062,0,0
0.49840352641057,10125,2.0625,0,0
0.49840386381897,10126,2.063,0,0
0.49840420104714,10127,2.0635,0,0
0.49840453809511,10128,2.064,0,0
0.49840487496286,10129,2.0645,0,0
0.49840521165039,10130,2.065,0,0
0.49840554815771,10131,2.0655,0,0
0.49840588448482,10132,2.066,0,0
0.49840622063171,10133,2.0665,0,0
0.49840655659839,10134,2.067,0,0
0.49840689238485,10135,2.0675,0,0
0.49840722799111,10136,2.068,0,0
0.49840756341715,10137,2.0685,0,0
0.49840789866298,10138,2.069,0,0
0.4984082337286,10139,2.0695,0,0
0.49840856861401,10140,2.07,0,0
0.49840890331921,10141,2.0705,0,0
0.4984092378442,10142,2.071,0,0
0.49840957218897,10143,2.0715,0,0
0.49840990635354,10144,2.072,0,0
0.4984102403379,10145,2.0725,0,0
0.49841057414205,10146,2.073,0,0
0.49841090776599,10147,2.0735,0,0
0.49841124120972,10148,2.074,0,0
0.49841157447325,10149,2.0745,0,0
0.49841190755657,10150,2.075,0,0
0.49841224045968,10151,2.0755,0,0
0.49841257318258,10152,2.076,0,0
0.49841290572527,10153,2.0765,0,0
0.49841323808777,10154,2.077,0,0
0.49841357027005,10155,2.0775,0,0
0.49841390227213,10156,2.078,0,0
0.498414234094,10157,2.0785,0,0
0.49841456573567,10158,2.079,0,0
0.49841489719714,10159,2.0795,0,0
0.4984152284784,10160,2.08,0,0
0.49841555957945,10161,2.0805,0,0
0.49841589050031,10162,2.081,0,0
0.49841622124096,10163,2.0815,0,0
0.4984165518014,10164,2.082,0,0
0.49841688218165,10165,2.0825,0,0
0.49841721238169,10166,2.083,0,0
0.49841754240153,10167,2.0835,0,0
0.49841787224117,10168,2.084,0,0
0.49841820190061,10169,2.0845,0,0
0.49841853137985,10170,2.085,0,0
0.49841886067888,10171,2.0855,0,0
0.49841918979772,10172,2.086,0,0
0.49841951873636,10173,2.0865,0,0
0.49841984749479,10174,2.087,0,0
0.49842017607303,10175,2.0875,0,0
0.49842050447107,10176,2.088,0,0
0.49842083268891,10177,2.0885,0,0
0.49842116072656,10178,2.089,0,0
0.498421488584,10179,2.0895,0,0
0.49842181626125,10180,2.09,0,0
0.4984221437583,10181,2.0905,0,0
0.49842247107516,10182,2.091,0,0
0.49842279821182,10183,2.0915,0,0
0.49842312516828,10184,2.092,0,0
0.49842345194454,10185,2.0925,0,0
0.49842377854062,10186,2.093,0,0
0.49842410495649,10187,2.0935,0,0
0.49842443119217,10188,2.094,0,0
0.49842475724766,10189,2.0945,0,0
0.49842508312295,10190,2.095,0,0
0.49842540881805,10191,2.0955,0,0
0.49842573433296,10192,2.096,0,0
0.49842605966767,10193,2.0965,0,0
0.49842638482219,10194,2.097,0,0
0.49842670979652,10195,2.0975,0,0
0.49842703459065,10196,2.098,0,0
0.4984273592046,10197,2.0985,0,0
0.49842768363835,10198,2.099,0,0
0.49842800789191,10199,2.0995,0,0
0.49842833196528,10200,2.1,0,0
0.49842865585846,10201,2.1005,0,0
0.49842897957146,10202,2.101,0,0
0.49842930310426,10203,2.1015,0,0
0.49842962645687,10204,2.102,0,0
0.49842994962929,10205,2.1025,0,0
0.49843027262152,10206,2.103,0,0
0.49843059543357,10207,2.1035,0,0
0.49843091806543,10208,2.104,0,0
0.4984312405171,10209,2.1045,0,0
0.49843156278858,10210,2.105,0,0
0.49843188487988,10211,2.1055,0,0
0.49843220679098,10212,2.106,0,0
0.49843252852191,10213,2.1065,0,0
0.49843285007264,10214,2.107,0,0
0.49843317144319,10215,2.1075,0,0
0.49843349263356,10216,2.108,0,0
0.49843381364374,10217,2.1085,0,0
0.49843413447373,10218,2.109,0,0
0.49843445512355,10219,2.1095,0,0
0.49843477559317,10220,2.11,0,0
0.49843509588262,10221,2.1105,0,0
0.49843541599188,10222,2.111,0,0
0.49843573592095,10223,2.1115,0,0
0.49843605566985,10224,2.112,0,0
0.49843637523856,10225,2.1125,0,0
0.49843669462709,10226,2.113,0,0
0.49843701383544,10227,2.1135,0,0
0.4984373328636,10228,2.114,0,0
0.49843765171159,10229,2.1145,0,0
0.49843797037939,10230,2.115,0,0
0.49843828886702,10231,2.1155,0,0
0.49843860717446,10232,2.116,0,0
0.49843892530172,10233,2.1165,0,0
0.49843924324881,10234,2.117,0,0
0.49843956101571,10235,2.1175,0,0
0.49843987860244,10236,2.118,0,0
0.49844019600899,10237,2.1185,0,0
0.49844051323536,10238,2.119,0,0
0.49844083028155,10239,2.1195,0,0
0.49844114714757,10240,2.12,0,0
0.4984414638334,10241,2.1205,0,0
0.49844178033906,10242,2.121,0,0
0.49844209666455,10243,2.1215,0,0
0.49844241280986,10244,2.122,0,0
0.49844272877499,10245,2.1225,0,0
0.49844304455994,10246,2.123,0,0
0.49844336016473,10247,2.1235,0,0
0.49844367558933,10248,2.124,0,0
0.49844399083376,10249,2.1245,0,0
0.49844430589802,10250,2.125,0,0
0.4984446207821,10251,2.1255,0,0
0.49844493548601,10252,2.126,0,0
0.49844525000975,10253,2.1265,0,0
0.49844556435331,10254,2.127,0,0
0.49844587851671,10255,2.1275,0,0
0.49844619249992,10256,2.128,0,0
0.49844650630297,10257,2.1285,0,0
0.49844681992585,10258,2.129,0,0
0.49844713336855,10259,2.1295,0,0
0.49844744663108,10260,2.13,0,0
0.49844775971344,10261,2.1305,0,0
0.49844807261564,10262,2.131,0,0
0.49844838533766,10263,2.1315,0,0
0.49844869787951,10264,2.132,0,0
0.49844901024119,10265,2.1325,0,0
0.4984493224227,10266,2.133,0,0
0.49844963442405,10267,2.1335,0,0
0.49844994624522,10268,2.134,0,0
0.49845025788623,10269,2.1345,0,0
0.49845056934707,10270,2.135,0,0
0.49845088062774,10271,2.1355,0,0
0.49845119172825,10272,2.136,0,0
0.49845150264859,10273,2.1365,0,0
0.49845181338876,10274,2.137,0,0
0.49845212394877,10275,2.1375,0,0
0.49845243432861,10276,2.138,0,0
0.49845274452828,10277,2.1385,0,0
0.49845305454779,10278,2.139,0,0
0.49845336438713,10279,2.1395,0,0
0.49845367404631,10280,2.14,0,0
0.49845398352533,10281,2.1405,0,0
0.49845429282418,10282,2.141,0,0
0.49845460194286,10283,2.1415,0,0
0.49845491088139,10284,2.142,0,0
0.49845521963975,10285,2.1425,0,0
0.49845552821795,10286,2.143,0,0
0.49845583661598,10287,2.1435,0,0
0.49845614483386,10288,2.144,0,0
0.49845645287157,10289,2.1445,0,0
0.49845676072912,10290,2.145,0,0
0.49845706840651,10291,2.1455,0,0
0.49845737590374,10292,2.146,0,0
0.49845768322081,10293,2.1465,0,0
0.49845799035771,10294,2.147,0,0
0.49845829731446,10295,2.1475,0,0
0.49845860409105,10296,2.148,0,0
0.49845891068748,10297,2.1485,0,0
0.49845921710375,10298,2.149,0,0
0.49845952333986,10299,2.1495,0,0
0.49845982939581,10300,2.15,0,0
0.49846013527161,10301,2.1505,0,0
0.49846044096725,10302,2.151,0,0
0.49846074648273,10303,2.1515,0,0
0.49846105181805,10304,2.152,0,0
0.49846135697322,10305,2.1525,0,0
0.49846166194823,10306,2.153,0,0
0.49846196674308,10307,2.1535,0,0
0.49846227135778,10308,2.154,0,0
0.49846257579232,10309,2.1545,0,0
0.49846288004671,10310,2.155,0,0
0.49846318412094,10311,2.1555,0,0
0.49846348801502,10312,2.156,0,0
0.49846379172894,10313,2.1565,0,0
0.49846409526271,10314,2.157,0,0
0.49846439861633,10315,2.1575,0,0
0.49846470178979,10316,2.158,0,0
0.4984650047831,10317,2.1585,0,0
0.49846530759626,10318,2.159,0,0
0.49846561022926,10319,2.1595,0,0
0.49846591268212,10320,2.16,0,0
0.49846621495482,10321,2.1605,0,0
0.49846651704737,10322,2.161,0,0
0.49846681895977,10323,2.1615,0,0
0.49846712069201,10324,2.162,0,0
0.49846742224411,10325,2.1625,0,0
0.49846772361606,10326,2.163,0,0
0.49846802480786,10327,2.1635,0,0
0.4984683258195,10328,2.164,0,0
0.498468626651,10329,2.1645,0,0
0.49846892730235,10330,2.165,0,0
0.49846922777355,10331,2.1655,0,0
0.49846952806461,10332,2.166,0,0
0.49846982817551,10333,2.1665,0,0
0.49847012810627,10334,2.167,0,0
0.49847042785688,10335,2.1675,0,0
0.49847072742734,10336,2.168,0,0
0.49847102681765,10337,2.1685,0,0
0.49847132602782,10338,2.169,0,0
0.49847162505785,10339,2.1695,0,0
0.49847192390772,10340,2.17,0,0
0.49847222257745,10341,2.1705,0,0
0.49847252106704,10342,2.171,0,0
0.49847281937648,10343,2.1715,0,0
0.49847311750578,10344,2.172,0,0
0.49847341545493,10345,2.1725,0,0
0.49847371322394,10346,2.173,0,0
0.4984740108128,10347,2.1735,0,0
0.49847430822153,10348,2.174,0,0
0.4984746054501,10349,2.1745,0,0
0.49847490249854,10350,2.175,0,0
0.49847519936683,10351,2.1755,0,0
0.49847549605498,10352,2.176,0,0
0.49847579256299,10353,2.1765,0,0
0.49847608889086,10354,2.177,0,0
0.49847638503858,10355,2.1775,0,0
0.49847668100617,10356,2.178,0,0
0.49847697679361,10357,2.1785,0,0
0.49847727240092,10358,2.179,0,0
0.49847756782808,10359,2.1795,0,0
0.4984778630751,10360,2.18,0,0
0.49847815814199,10361,2.1805,0,0
0.49847845302873,10362,2.181,0,0
0.49847874773534,10363,2.1815,0,0
0.49847904226181,10364,2.182,0,0
0.49847933660814,10365,2.1825,0,0
0.49847963077433,10366,2.183,0,0
0.49847992476038,10367,2.1835,0,0
0.4984802185663,10368,2.184,0,0
0.49848051219208,10369,2.1845,0,0
0.49848080563772,10370,2.185,0,0
0.49848109890323,10371,2.1855,0,0
0.4984813919886,10372,2.186,0,0
0.49848168489383,10373,2.1865,0,0
0.49848197761893,10374,2.187,0,0
0.4984822701639,10375,2.1875,0,0
0.49848256252872,10376,2.188,0,0
0.49848285471342,10377,2.1885,0,0
0.49848314671798,10378,2.189,0,0
0.4984834385424,10379,2.1895,0,0
0.4984837301867,10380,2.19,0,0
0.49848402165086,10381,2.1905,0,0
0.49848431293488,10382,2.191,0,0
0.49848460403877,10383,2.1915,0,0
0.49848489496253,10384,2.192,0,0
0.49848518570616,10385,2.1925,0,0
0.49848547626966,10386,2.193,0,0
0.49848576665302,10387,2.1935,0,0
0.49848605685626,10388,2.194,0,0
0.49848634687936,10389,2.1945,0,0
0.49848663672233,10390,2.195,0,0
0.49848692638517,10391,2.1955,0,0
0.49848721586788,10392,2.196,0,0
0.49848750517046,10393,2.1965,0,0
0.49848779429291,10394,2.197,0,0
0.49848808323523,10395,2.1975,0,0
0.49848837199743,10396,2.198,0,0
0.49848866057949,10397,2.1985,0,0
0.49848894898143,10398,2.199,0,0
0.49848923720324,10399,2.1995,0,0
0.49848952524492,10400,2.2,0,0
0.49848981310647,10401,2.2005,0,0
0.49849010078789,10402,2.201,0,0
0.49849038828919,10403,2.2015,0,0
0.49849067561036,10404,2.202,0,0
0.49849096275141,10405,2.2025,0,0
0.49849124971233,10406,2.203,0,0
0.49849153649312,10407,2.2035,0,0
0.49849182309379,10408,2.204,0,0
0.49849210951434,10409,2.2045,0,0
0.49849239575476,10410,2.205,0,0
0.49849268181505,10411,2.2055,0,0
0.49849296769522,10412,2.206,0,0
0.49849325339527,10413,2.2065,0,0
0.49849353891519,10414,2.207,0,0
0.49849382425499,10415,2.2075,0,0
0.49849410941466,10416,2.208,0,0
0.49849439439422,10417,2.2085,0,0
0.49849467919365,10418,2.209,0,0
0.49849496381296,10419,2.2095,0,0
0.49849524825214,10420,2.21,0,0
0.49849553251121,10421,2.2105,0,0
0.49849581659015,10422,2.211,0,0
0.49849610048897,10423,2.2115,0,0
0.49849638420768,10424,2.212,0,0
0.49849666774626,10425,2.2125,0,0
0.49849695110472,10426,2.213,0,0
0.49849723428306,10427,2.2135,0,0
0.49849751728128,10428,2.214,0,0
0.49849780009938,10429,2.2145,0,0
0.49849808273737,10430,2.215,0,0
0.49849836519523,10431,2.2155,0,0
0.49849864747298,10432,2.216,0,0
0.49849892957061,10433,2.2165,0,0
0.49849921148812,10434,2.217,0,0
0.49849949322551,10435,2.2175,0,0
0.49849977478279,10436,2.218,0,0
0.49850005615995,10437,2.2185,0,0
0.49850033735699,10438,2.219,0,0
0.49850061837392,10439,2.2195,0,0
0.49850089921073,10440,2.22,0,0
0.49850117986742,10441,2.2205,0,0
0.498501460344,10442,2.221,0,0
0.49850174064046,10443,2.2215,0,0
0.49850202075681,10444,2.222,0,0
0.49850230069305,10445,2.2225,0,0
0.49850258044917,10446,2.223,0,0
0.49850286002517,10447,2.2235,0,0
0.49850313942106,10448,2.224,0,0
0.49850341863684,10449,2.2245,0,0
0.49850369767251,10450,2.225,0,0
0.49850397652806,10451,2.2255,0,0
0.4985042552035,10452,2.226,0,0
0.49850453369883,10453,2.2265,0,0
0.49850481201404,10454,2.227,0,0
0.49850509014914,10455,2.2275,0,0
0.49850536810414,10456,2.228,0,0
0.49850564587902,10457,2.2285,0,0
0.49850592347379,10458,2.229,0,0
0.49850620088844,10459,2.2295,0,0
0.49850647812299,10460,2.23,0,0
0.49850675517743,10461,2.2305,0,0
0.49850703205176,10462,2.231,0,0
0.49850730874598,10463,2.2315,0,0
0.49850758526009,10464,2.232,0,0
0.49850786159409,10465,2.2325,0,0
0.49850813774799,10466,2.233,0,0
0.49850841372177,10467,2.2335,0,0
0.49850868951545,10468,2.234,0,0
0.49850896512901,10469,2.2345,0,0
0.49850924056248,10470,2.235,0,0
0.49850951581583,10471,2.2355,0,0
0.49850979088908,10472,2.236,0,0
0.49851006578222,10473,2.2365,0,0
0.49851034049525,10474,2.237,0,0
0.49851061502818,10475,2.2375,0,0
0.498510889381,10476,2.238,0,0
0.49851116355372,10477,2.2385,0,0
0.49851143754633,10478,2.239,0,0
0.49851171135883,10479,2.2395,0,0
0.49851198499123,10480,2.24,0,0
0.49851225844353,10481,2.2405,0,0
0.49851253171572,10482,2.241,0,0
0.49851280480781,10483,2.2415,0,0
0.4985130777198,10484,2.242,0,0
0.49851335045168,10485,2.2425,0,0
0.49851362300346,10486,2.243,0,0
0.49851389537514,10487,2.2435,0,0
0.49851416756671,10488,2.244,0,0
0.49851443957818,10489,2.2445,0,0
0.49851471140955,10490,2.245,0,0
0.49851498306082,10491,2.2455,0,0
0.49851525453199,10492,2.246,0,0
0.49851552582306,10493,2.2465,0,0
0.49851579693402,10494,2.247,0,0
0.49851606786489,10495,2.2475,0,0
0.49851633861565,10496,2.248,0,0
0.49851660918631,10497,2.2485,0,0
0.49851687957688,10498,2.249,0,0
0.49851714978735,10499,2.2495,0,0
0.49851741981771,10500,2.25,0,0
0.49851768966798,10501,2.2505,0,0
0.49851795933815,10502,2.251,0,0
0.49851822882822,10503,2.2515,0,0
0.49851849813819,10504,2.252,0,0
0.49851876726807,10505,2.2525,0,0
0.49851903621785,10506,2.253,0,0
0.49851930498753,10507,2.2535,0,0
0.49851957357711,10508,2.254,0,0
0.4985198419866,10509,2.2545,0,0
0.49852011021599,10510,2.255,0,0
0.49852037826528,10511,2.2555,0,0
0.49852064613448,10512,2.256,0,0
0.49852091382359,10513,2.2565,0,0
0.49852118133259,10514,2.257,0,0
0.49852144866151,10515,2.2575,0,0
0.49852171581033,10516,2.258,0,0
0.49852198277905,10517,2.2585,0,0
0.49852224956768,10518,2.259,0,0
0.49852251617622,10519,2.2595,0,0
0.49852278260466,10520,2.26,0,0
0.49852304885301,10521,2.2605,0,0
0.49852331492127,10522,2.261,0,0
0.49852358080943,10523,2.2615,0,0
0.4985238465175,10524,2.262,0,0
0.49852411204548,10525,2.2625,0,0
0.49852437739337,10526,2.263,0,0
0.49852464256116,10527,2.2635,0,0
0.49852490754887,10528,2.264,0,0
0.49852517235648,10529,2.2645,0,0
0.498525436984,10530,2.265,0,0
0.49852570143143,10531,2.2655,0,0
0.49852596569877,10532,2.266,0,0
0.49852622978602,10533,2.2665,0,0
0.49852649369319,10534,2.267,0,0
0.49852675742026,10535,2.2675,0,0
0.49852702096724,10536,2.268,0,0
0.49852728433413,10537,2.2685,0,0
0.49852754752094,10538,2.269,0,0
0.49852781052765,10539,2.2695,0,0
0.49852807335428,10540,2.27,0,0
0.49852833600082,10541,2.2705,0,0
0.49852859846728,10542,2.271,0,0
0.49852886075364,10543,2.2715,0,0
0.49852912285992,10544,2.272,0,0
0.49852938478611,10545,2.2725,0,0
0.49852964653222,10546,2.273,0,0
0.49852990809824,10547,2.2735,0,0
0.49853016948417,10548,2.274,0,0
0.49853043069002,10549,2.2745,0,0
0.49853069171578,10550,2.275,0,0
0.49853095256145,10551,2.2755,0,0
0.49853121322705,10552,2.276,0,0
0.49853147371255,10553,2.2765,0,0
0.49853173401798,10554,2.277,0,0
0.49853199414331,10555,2.2775,0,0
0.49853225408857,10556,2.278,0,0
0.49853251385374,10557,2.2785,0,0
0.49853277343883,10558,2.279,0,0
0.49853303284383,10559,2.2795,0,0
0.49853329206875,10560,2.28,0,0
0.49853355111359,10561,2.2805,0,0
0.49853380997835,10562,2.281,0,0
0.49853406866303,10563,2.2815,0,0
0.49853432716762,10564,2.282,0,0
0.49853458549213,10565,2.2825,0,0
0.49853484363656,10566,2.283,0,0
0.49853510160091,10567,2.2835,0,0
0.49853535938518,10568,2.284,0,0
0.49853561698937,10569,2.2845,0,0
0.49853587441348,10570,2.285,0,0
0.49853613165751,10571,2.2855,0,0
0.49853638872146,10572,2.286,0,0
0.49853664560533,10573,2.2865,0,0
0.49853690230912,10574,2.287,0,0
0.49853715883283,10575,2.2875,0,0
0.49853741517646,10576,2.288,0,0
0.49853767134002,10577,2.2885,0,0
0.4985379273235,10578,2.289,0,0
0.4985381831269,10579,2.2895,0,0
0.49853843875022,10580,2.29,0,0
0.49853869419346,10581,2.2905,0,0
0.49853894945663,10582,2.291,0,0
0.49853920453972,10583,2.2915,0,0
0.49853945944274,10584,2.292,0,0
0.49853971416568,10585,2.2925,0,0
0.49853996870854,10586,2.293,0,0
0.49854022307132,10587,2.2935,0,0
0.49854047725404,10588,2.294,0,0
0.49854073125667,10589,2.2945,0,0
0.49854098507923,10590,2.295,0,0
0.49854123872172,10591,2.2955,0,0
0.49854149218413,10592,2.296,0,0
0.49854174546647,10593,2.2965,0,0
0.49854199856874,10594,2.297,0,0
0.49854225149093,10595,2.2975,0,0
0.49854250423305,10596,2.298,0,0
0.49854275679509,10597,2.2985,0,0
0.49854300917706,10598,2.299,0,0
0.49854326137896,10599,2.2995,0,0
0.49854351340079,10600,2.3,0,0
0.49854376524255,10601,2.3005,0,0
0.49854401690423,10602,2.301,0,0
0.49854426838584,10603,2.3015,0,0
0.49854451968738,10604,2.302,0,0
0.49854477080885,10605,2.3025,0,0
0.49854502175025,10606,2.303,0,0
0.49854527251158,10607,2.3035,0,0
0.49854552309284,10608,2.304,0,0
0.49854577349403,10609,2.3045,0,0
0.49854602371514,10610,2.305,0,0
0.49854627375619,10611,2.3055,0,0
0.49854652361717,10612,2.306,0,0
0.49854677329808,10613,2.3065,0,0
0.49854702279893,10614,2.307,0,0
0.4985472721197,10615,2.3075,0,0
0.49854752126041,10616,2.308,0,0
0.49854777022105,10617,2.3085,0,0
0.49854801900162,10618,2.309,0,0
0.49854826760212,10619,2.3095,0,0
0.49854851602255,10620,2.31,0,0
0.49854876426292,10621,2.3105,0,0
0.49854901232323,10622,2.311,0,0
0.49854926020346,10623,2.3115,0,0
0.49854950790363,10624,2.312,0,0
0.49854975542374,10625,2.3125,0,0
0.49855000276377,10626,2.313,0,0
0.49855024992375,10627,2.3135,0,0
0.49855049690366,10628,2.314,0,0
0.4985507437035,10629,2.3145,0,0
0.49855099032328,10630,2.315,0,0
0.49855123676299,10631,2.3155,0,0
0.49855148302264,10632,2.316,0,0
0.49855172910223,10633,2.3165,0,0
0.49855197500175,10634,2.317,0,0
0.49855222072121,10635,2.3175,0,0
0.49855246626061,10636,2.318,0,0
0.49855271161994,10637,2.3185,0,0
0.49855295679921,10638,2.319,0,0
0.49855320179842,10639,2.3195,0,0
0.49855344661757,10640,2.32,0,0
0.49855369125665,10641,2.3205,0,0
0.49855393571568,10642,2.321,0,0
0.49855417999464,10643,2.3215,0,0
0.49855442409354,10644,2.322,0,0
0.49855466801238,10645,2.3225,0,0
0.49855491175116,10646,2.323,0,0
0.49855515530988,10647,2.3235,0,0
0.49855539868854,10648,2.324,0,0
0.49855564188714,10649,2.3245,0,0
0.49855588490568,10650,2.325,0,0
0.49855612774416,10651,2.3255,0,0
0.49855637040258,10652,2.326,0,0
0.49855661288094,10653,2.3265,0,0
0.49855685517925,10654,2.327,0,0
0.49855709729749,10655,2.3275,0,0
0.49855733923568,10656,2.328,0,0
0.49855758099381,10657,2.3285,0,0
0.49855782257188,10658,2.329,0,0
0.4985580639699,10659,2.3295,0,0
0.49855830518786,10660,2.33,0,0
0.49855854622576,10661,2.3305,0,0
0.4985587870836,10662,2.331,0,0
0.49855902776139,10663,2.3315,0,0
0.49855926825912,10664,2.332,0,0
0.4985595085768,10665,2.3325,0,0
0.49855974871442,10666,2.333,0,0
0.49855998867199,10667,2.3335,0,0
0.4985602284495,10668,2.334,0,0
0.49856046804695,10669,2.3345,0,0
0.49856070746435,10670,2.335,0,0
0.4985609467017,10671,2.3355,0,0
0.49856118575899,10672,2.336,0,0
0.49856142463623,10673,2.3365,0,0
0.49856166333342,10674,2.337,0,0
0.49856190185055,10675,2.3375,0,0
0.49856214018763,10676,2.338,0,0
0.49856237834465,10677,2.3385,0,0
0.49856261632163,10678,2.339,0,0
0.49856285411855,10679,2.3395,0,0
0.49856309173541,10680,2.34,0,0
0.49856332917223,10681,2.3405,0,0
0.498563566429,10682,2.341,0,0
0.49856380350571,10683,2.3415,0,0
0.49856404040237,10684,2.342,0,0
0.49856427711898,10685,2.3425,0,0
0.49856451365555,10686,2.343,0,0
0.49856475001206,10687,2.3435,0,0
0.49856498618852,10688,2.344,0,0
0.49856522218493,10689,2.3445,0,0
0.49856545800129,10690,2.345,0,0
0.4985656936376,10691,2.3455,0,0
0.49856592909386,10692,2.346,0,0
0.49856616437007,10693,2.3465,0,0
0.49856639946624,10694,2.347,0,0
0.49856663438235,10695,2.3475,0,0
0.49856686911842,10696,2.348,0,0
0.49856710367444,10697,2.3485,0,0
0.49856733805041,10698,2.349,0,0
0.49856757224633,10699,2.3495,0,0
0.49856780626221,10700,2.35,0,0
0.49856804009804,10701,2.3505,0,0
0.49856827375382,10702,2.351,0,0
0.49856850722956,10703,2.3515,0,0
0.49856874052525,10704,2.352,0,0
0.49856897364089,10705,2.3525,0,0
0.49856920657649,10706,2.353,0,0
0.49856943933204,10707,2.3535,0,0
0.49856967190755,10708,2.354,0,0
0.49856990430301,10709,2.3545,0,0
0.49857013651843,10710,2.355,0,0
0.4985703685538,10711,2.3555,0,0
0.49857060040913,10712,2.356,0,0
0.49857083208441,10713,2.3565,0,0
0.49857106357965,10714,2.357,0,0
0.49857129489485,10715,2.3575,0,0
0.49857152603,10716,2.358,0,0
0.49857175698511,10717,2.3585,0,0
0.49857198776018,10718,2.359,0,0
0.4985722183552,10719,2.3595,0,0
0.49857244877018,10720,2.36,0,0
0.49857267900512,10721,2.3605,0,0
0.49857290906002,10722,2.361,0,0
0.49857313893487,10723,2.3615,0,0
0.49857336862969,10724,2.362,0,0
0.49857359814446,10725,2.3625,0,0
0.49857382747919,10726,2.363,0,0
0.49857405663388,10727,2.3635,0,0
0.49857428560853,10728,2.364,0,0
0.49857451440314,10729,2.3645,0,0
0.49857474301771,10730,2.365,0,0
0.49857497145223,10731,2.3655,0,0
0.49857519970672,10732,2.366,0,0
0.49857542778117,10733,2.3665,0,0
0.49857565567558,10734,2.367,0,0
0.49857588338996,10735,2.3675,0,0
0.49857611092429,10736,2.368,0,0
0.49857633827858,10737,2.3685,0,0
0.49857656545284,10738,2.369,0,0
0.49857679244706,10739,2.3695,0,0
0.49857701926124,10740,2.37,0,0
0.49857724589538,10741,2.3705,0,0
0.49857747234948,10742,2.371,0,0
0.49857769862355,10743,2.3715,0,0
0.49857792471758,10744,2.372,0,0
0.49857815063158,10745,2.3725,0,0
0.49857837636553,10746,2.373,0,0
0.49857860191946,10747,2.3735,0,0
0.49857882729334,10748,2.374,0,0
0.49857905248719,10749,2.3745,0,0
0.49857927750101,10750,2.375,0,0
0.49857950233479,10751,2.3755,0,0
0.49857972698853,10752,2.376,0,0
0.49857995146224,10753,2.3765,0,0
0.49858017575591,10754,2.377,0,0
0.49858039986955,10755,2.3775,0,0
0.49858062380316,10756,2.378,0,0
0.49858084755673,10757,2.3785,0,0
0.49858107113027,10758,2.379,0,0
0.49858129452378,10759,2.3795,0,0
0.49858151773725,10760,2.38,0,0
0.49858174077069,10761,2.3805,0,0
0.49858196362409,10762,2.381,0,0
0.49858218629747,10763,2.3815,0,0
0.49858240879081,10764,2.382,0,0
0.49858263110412,10765,2.3825,0,0
0.4985828532374,10766,2.383,0,0
0.49858307519064,10767,2.3835,0,0
0.49858329696386,10768,2.384,0,0
0.49858351855704,10769,2.3845,0,0
0.49858373997019,10770,2.385,0,0
0.49858396120332,10771,2.3855,0,0
0.49858418225641,10772,2.386,0,0
0.49858440312947,10773,2.3865,0,0
0.4985846238225,10774,2.387,0,0
0.4985848443355,10775,2.3875,0,0
0.49858506466847,10776,2.388,0,0
0.49858528482142,10777,2.3885,0,0
0.49858550479433,10778,2.389,0,0
0.49858572458722,10779,2.3895,0,0
0.49858594420007,10780,2.39,0,0
0.4985861636329,10781,2.3905,0,0
0.4985863828857,10782,2.391,0,0
0.49858660195847,10783,2.3915,0,0
0.49858682085121,10784,2.392,0,0
0.49858703956393,10785,2.3925,0,0
0.49858725809662,10786,2.393,0,0
0.49858747644928,10787,2.3935,0,0
0.49858769462191,10788,2.394,0,0
0.49858791261452,10789,2.3945,0,0
0.4985881304271,10790,2.395,0,0
0.49858834805966,10791,2.3955,0,0
0.49858856551219,10792,2.396,0,0
0.49858878278469,10793,2.3965,0,0
0.49858899987717,10794,2.397,0,0
0.49858921678963,10795,2.3975,0,0
0.49858943352205,10796,2.398,0,0
0.49858965007446,10797,2.3985,0,0
0.49858986644684,10798,2.399,0,0
0.49859008263919,10799,2.3995,0,0
0.49859029865152,10800,2.4,0,0
0.49859051448383,10801,2.4005,0,0
0.49859073013611,10802,2.401,0,0
0.49859094560837,10803,2.4015,0,0
0.4985911609006,10804,2.402,0,0
0.49859137601282,10805,2.4025,0,0
0.49859159094501,10806,2.403,0,0
0.49859180569717,10807,2.4035,0,0
0.49859202026932,10808,2.404,0,0
0.49859223466144,10809,2.4045,0,0
0.49859244887354,10810,2.405,0,0
0.49859266290562,10811,2.4055,0,0
0.49859287675768,10812,2.406,0,0
0.49859309042971,10813,2.4065,0,0
0.49859330392173,10814,2.407,0,0
0.49859351723372,10815,2.4075,0,0
0.49859373036569,10816,2.408,0,0
0.49859394331765,10817,2.4085,0,0
0.49859415608958,10818,2.409,0,0
0.49859436868149,10819,2.4095,0,0
0.49859458109338,10820,2.41,0,0
0.49859479332526,10821,2.4105,0,0
0.49859500537711,10822,2.411,0,0
0.49859521724895,10823,2.4115,0,0
0.49859542894076,10824,2.412,0,0
0.49859564045256,10825,2.4125,0,0
0.49859585178434,10826,2.413,0,0
0.4985960629361,10827,2.4135,0,0
0.49859627390784,10828,2.414,0,0
0.49859648469957,10829,2.4145,0,0
0.49859669531127,10830,2.415,0,0
0.49859690574296,10831,2.4155,0,0
0.49859711599464,10832,2.416,0,0
0.49859732606629,10833,2.4165,0,0
0.49859753595793,10834,2.417,0,0
0.49859774566955,10835,2.4175,0,0
0.49859795520116,10836,2.418,0,0
0.49859816455275,10837,2.4185,0,0
0.49859837372432,10838,2.419,0,0
0.49859858271588,10839,2.4195,0,0
0.49859879152743,10840,2.42,0,0
0.49859900015895,10841,2.4205,0,0
0.49859920861047,10842,2.421,0,0
0.49859941688196,10843,2.4215,0,0
0.49859962497345,10844,2.422,0,0
0.49859983288492,10845,2.4225,0,0
0.49860004061637,10846,2.423,0,0
0.49860024816781,10847,2.4235,0,0
0.49860045553924,10848,2.424,0,0
0.49860066273065,10849,2.4245,0,0
0.49860086974205,10850,2.425,0,0
0.49860107657344,10851,2.4255,0,0
0.49860128322481,10852,2.426,0,0
0.49860148969618,10853,2.4265,0,0
0.49860169598753,10854,2.427,0,0
0.49860190209886,10855,2.4275,0,0
0.49860210803019,10856,2.428,0,0
0.4986023137815,10857,2.4285,0,0
0.4986025193528,10858,2.429,0,0
0.49860272474409,10859,2.4295,0,0
0.49860292995537,10860,2.43,0,0
0.49860313498664,10861,2.4305,0,0
0.4986033398379,10862,2.431,0,0
0.49860354450914,10863,2.4315,0,0
0.49860374900038,10864,2.432,0,0
0.4986039533116,10865,2.4325,0,0
0.49860415744282,10866,2.433,0,0
0.49860436139403,10867,2.4335,0,0
0.49860456516522,10868,2.434,0,0
0.49860476875641,10869,2.4345,0,0
0.49860497216759,10870,2.435,0,0
0.49860517539876,10871,2.4355,0,0
0.49860537844992,10872,2.436,0,0
0.49860558132107,10873,2.4365,0,0
0.49860578401222,10874,2.437,0,0
0.49860598652335,10875,2.4375,0,0
0.49860618885448,10876,2.438,0,0
0.4986063910056,10877,2.4385,0,0
0.49860659297672,10878,2.439,0,0
0.49860679476782,10879,2.4395,0,0
0.49860699637892,10880,2.44,0,0
0.49860719781001,10881,2.4405,0,0
0.4986073990611,10882,2.441,0,0
0.49860760013218,10883,2.4415,0,0
0.49860780102325,10884,2.442,0,0
0.49860800173432,10885,2.4425,0,0
0.49860820226538,10886,2.443,0,0
0.49860840261644,10887,2.4435,0,0
0.49860860278749,10888,2.444,0,0
0.49860880277853,10889,2.4445,0,0
0.49860900258957,10890,2.445,0,0
0.49860920222061,10891,2.4455,0,0
0.49860940167164,10892,2.446,0,0
0.49860960094267,10893,2.4465,0,0
0.49860980003369,10894,2.447,0,0
0.49860999894471,10895,2.4475,0,0
0.49861019767572,10896,2.448,0,0
0.49861039622673,10897,2.4485,0,0
0.49861059459774,10898,2.449,0,0
0.49861079278875,10899,2.4495,0,0
0.49861099079975,10900,2.45,0,0
0.49861118863075,10901,2.4505,0,0
0.49861138628175,10902,2.451,0,0
0.49861158375274,10903,2.4515,0,0
0.49861178104373,10904,2.452,0,0
0.49861197815472,10905,2.4525,0,0
0.49861217508571,10906,2.453,0,0
0.4986123718367,10907,2.4535,0,0
0.49861256840769,10908,2.454,0,0
0.49861276479867,10909,2.4545,0,0
0.49861296100966,10910,2.455,0,0
0.49861315704064,10911,2.4555,0,0
0.49861335289162,10912,2.456,0,0
0.4986135485626,10913,2.4565,0,0
0.49861374405359,10914,2.457,0,0
0.49861393936457,10915,2.4575,0,0
0.49861413449555,10916,2.458,0,0
0.49861432944654,10917,2.4585,0,0
0.49861452421752,10918,2.459,0,0
0.49861471880851,10919,2.4595,0,0
0.49861491321949,10920,2.46,0,0
0.49861510745048,10921,2.4605,0,0
0.49861530150147,10922,2.461,0,0
0.49861549537246,10923,2.4615,0,0
0.49861568906345,10924,2.462,0,0
0.49861588257445,10925,2.4625,0,0
0.49861607590545,10926,2.463,0,0
0.49861626905645,10927,2.4635,0,0
0.49861646202745,10928,2.464,0,0
0.49861665481846,10929,2.4645,0,0
0.49861684742946,10930,2.465,0,0
0.49861703986048,10931,2.4655,0,0
0.49861723211149,10932,2.466,0,0
0.49861742418251,10933,2.4665,0,0
0.49861761607353,10934,2.467,0,0
0.49861780778456,10935,2.4675,0,0
0.49861799931559,10936,2.468,0,0
0.49861819066663,10937,2.4685,0,0
0.49861838183767,10938,2.469,0,0
0.49861857282872,10939,2.4695,0,0
0.49861876363977,10940,2.47,0,0
0.49861895427082,10941,2.4705,0,0
0.49861914472188,10942,2.471,0,0
0.49861933499295,10943,2.4715,0,0
0.49861952508402,10944,2.472,0,0
0.4986197149951,10945,2.4725,0,0
0.49861990472619,10946,2.473,0,0
0.49862009427728,10947,2.4735,0,0
0.49862028364838,10948,2.474,0,0
0.49862047283948,10949,2.4745,0,0
0.4986206618506,10950,2.475,0,0
0.49862085068172,10951,2.4755,0,0
0.49862103933284,10952,2.476,0,0
0.49862122780398,10953,2.4765,0,0
0.49862141609512,10954,2.477,0,0
0.49862160420627,10955,2.4775,0,0
0.49862179213743,10956,2.478,0,0
0.4986219798886,10957,2.4785,0,0
0.49862216745977,10958,2.479,0,0
0.49862235485096,10959,2.4795,0,0
0.49862254206215,10960,2.48,0,0
0.49862272909335,10961,2.4805,0,0
0.49862291594456,10962,2.481,0,0
0.49862310261579,10963,2.4815,0,0
0.49862328910702,10964,2.482,0,0
0.49862347541826,10965,2.4825,0,0
0.49862366154951,10966,2.483,0,0
0.49862384750077,10967,2.4835,0,0
0.49862403327204,10968,2.484,0,0
0.49862421886333,10969,2.4845,0,0
0.49862440427462,10970,2.485,0,0
0.49862458950592,10971,2.4855,0,0
0.49862477455724,10972,2.486,0,0
0.49862495942857,10973,2.4865,0,0
0.49862514411991,10974,2.487,0,0
0.49862532863126,10975,2.4875,0,0
0.49862551296262,10976,2.488,0,0
0.498625697114,10977,2.4885,0,0
0.49862588108538,10978,2.489,0,0
0.49862606487678,10979,2.4895,0,0
0.4986262484882,10980,2.49,0,0
0.49862643191962,10981,2.4905,0,0
0.49862661517106,10982,2.491,0,0
0.49862679824251,10983,2.4915,0,0
0.49862698113398,10984,2.492,0,0
0.49862716384546,10985,2.4925,0,0
0.49862734637695,10986,2.493,0,0
0.49862752872846,10987,2.4935,0,0
0.49862771089998,10988,2.494,0,0
0.49862789289152,10989,2.4945,0,0
0.49862807470307,10990,2.495,0,0
0.49862825633463,10991,2.4955,0,0
0.49862843778622,10992,2.496,0,0
0.49862861905781,10993,2.4965,0,0
0.49862880014942,10994,2.497,0,0
0.49862898106105,10995,2.4975,0,0
0.49862916179269,10996,2.498,0,0
0.49862934234435,10997,2.4985,0,0
0.49862952271603,10998,2.499,0,0
0.49862970290772,10999,2.4995,0,0
0.49862988291943,11000,2.5,0,0
0.49863006275115,11001,2.5005,0,0
0.49863024240289,11002,2.501,0,0
0.49863042187465,11003,2.5015,0,0
0.49863060116643,11004,2.502,0,0
0.49863078027822,11005,2.5025,0,0
0.49863095921003,11006,2.503,0,0
0.49863113796186,11007,2.5035,0,0
0.49863131653371,11008,2.504,0,0
0.49863149492557,11009,2.5045,0,0
0.49863167313745,11010,2.505,0,0
0.49863185116936,11011,2.5055,0,0
0.49863202902128,11012,2.506,0,0
0.49863220669322,11013,2.5065,0,0
0.49863238418517,11014,2.507,0,0
0.49863256149715,11015,2.5075,0,0
0.49863273862915,11016,2.508,0,0
0.49863291558117,11017,2.5085,0,0
0.4986330923532,11018,2.509,0,0
0.49863326894526,11019,2.5095,0,0
0.49863344535734,11020,2.51,0,0
0.49863362158943,11021,2.5105,0,0
0.49863379764155,11022,2.511,0,0
0.49863397351369,11023,2.5115,0,0
0.49863414920585,11024,2.512,0,0
0.49863432471803,11025,2.5125,0,0
0.49863450005023,11026,2.513,0,0
0.49863467520245,11027,2.5135,0,0
0.4986348501747,11028,2.514,0,0
0.49863502496696,11029,2.5145,0,0
0.49863519957925,11030,2.515,0,0
0.49863537401156,11031,2.5155,0,0
0.4986355482639,11032,2.516,0,0
0.49863572233625,11033,2.5165,0,0
0.49863589622863,11034,2.517,0,0
0.49863606994103,11035,2.5175,0,0
0.49863624347346,11036,2.518,0,0
0.4986364168259,11037,2.5185,0,0
0.49863658999837,11038,2.519,0,0
0.49863676299087,11039,2.5195,0,0
0.49863693580339,11040,2.52,0,0
0.49863710843593,11041,2.5205,0,0
0.49863728088849,11042,2.521,0,0
0.49863745316109,11043,2.5215,0,0
0.4986376252537,11044,2.522,0,0
0.49863779716634,11045,2.5225,0,0
0.498637968899,11046,2.523,0,0
0.49863814045169,11047,2.5235,0,0
0.49863831182441,11048,2.524,0,0
0.49863848301715,11049,2.5245,0,0
0.49863865402991,11050,2.525,0,0
0.49863882486271,11051,2.5255,0,0
0.49863899551552,11052,2.526,0,0
0.49863916598837,11053,2.5265,0,0
0.49863933628124,11054,2.527,0,0
0.49863950639413,11055,2.5275,0,0
0.49863967632705,11056,2.528,0,0
0.49863984608,11057,2.5285,0,0
0.49864001565298,11058,2.529,0,0
0.49864018504598,11059,2.5295,0,0
0.49864035425901,11060,2.53,0,0
0.49864052329207,11061,2.5305,0,0
0.49864069214516,11062,2.531,0,0
0.49864086081827,11063,2.5315,0,0
0.49864102931141,11064,2.532,0,0
0.49864119762458,11065,2.5325,0,0
0.49864136575778,11066,2.533,0,0
0.498641533711,11067,2.5335,0,0
0.49864170148426,11068,2.534,0,0
0.49864186907754,11069,2.5345,0,0
0.49864203649086,11070,2.535,0,0
0.4986422037242,11071,2.5355,0,0
0.49864237077757,11072,2.536,0,0
0.49864253765097,11073,2.5365,0,0
0.4986427043444,11074,2.537,0,0
0.49864287085786,11075,2.5375,0,0
0.49864303719135,11076,2.538,0,0
0.49864320334487,11077,2.5385,0,0
0.49864336931842,11078,2.539,0,0
0.49864353511201,11079,2.5395,0,0
0.49864370072562,11080,2.54,0,0
0.49864386615926,11081,2.5405,0,0
0.49864403141294,11082,2.541,0,0
0.49864419648664,11083,2.5415,0,0
0.49864436138038,11084,2.542,0,0
0.49864452609415,11085,2.5425,0,0
0.49864469062795,11086,2.543,0,0
0.49864485498178,11087,2.5435,0,0
0.49864501915564,11088,2.544,0,0
0.49864518314954,11089,2.5445,0,0
0.49864534696347,11090,2.545,0,0
0.49864551059743,11091,2.5455,0,0
0.49864567405143,11092,2.546,0,0
0.49864583732545,11093,2.5465,0,0
0.49864600041951,11094,2.547,0,0
0.49864616333361,11095,2.5475,0,0
0.49864632606773,11096,2.548,0,0
0.49864648862189,11097,2.5485,0,0
0.49864665099609,11098,2.549,0,0
0.49864681319032,11099,2.5495,0,0
0.49864697520458,11100,2.55,0,0
0.49864713703888,11101,2.5505,0,0
0.49864729869321,11102,2.551,0,0
0.49864746016757,11103,2.5515,0,0
0.49864762146197,11104,2.552,0,0
0.49864778257641,11105,2.5525,0,0
0.49864794351088,11106,2.553,0,0
0.49864810426538,11107,2.5535,0,0
0.49864826483992,11108,2.554,0,0
0.4986484252345,11109,2.5545,0,0
0.49864858544911,11110,2.555,0,0
0.49864874548376,11111,2.5555,0,0
0.49864890533845,11112,2.556,0,0
0.49864906501317,11113,2.5565,0,0
0.49864922450792,11114,2.557,0,0
0.49864938382272,11115,2.5575,0,0
0.49864954295755,11116,2.558,0,0
0.49864970191241,11117,2.5585,0,0
0.49864986068732,11118,2.559,0,0
0.49865001928226,11119,2.5595,0,0
0.49865017769724,11120,2.56,0,0
0.49865033593226,11121,2.5605,0,0
0.49865049398731,11122,2.561,0,0
0.4986506518624,11123,2.5615,0,0
0.49865080955753,11124,2.562,0,0
0.4986509670727,11125,2.5625,0,0
0.49865112440791,11126,2.563,0,0
0.49865128156315,11127,2.5635,0,0
0.49865143853843,11128,2.564,0,0
0.49865159533376,11129,2.5645,0,0
0.49865175194912,11130,2.565,0,0
0.49865190838452,11131,2.5655,0,0
0.49865206463996,11132,2.566,0,0
0.49865222071544,11133,2.5665,0,0
0.49865237661096,11134,2.567,0,0
0.49865253232652,11135,2.5675,0,0
0.49865268786212,11136,2.568,0,0
0.49865284321775,11137,2.5685,0,0
0.49865299839343,11138,2.569,0,0
0.49865315338915,11139,2.5695,0,0
0.49865330820491,11140,2.57,0,0
0.49865346284072,11141,2.5705,0,0
0.49865361729656,11142,2.571,0,0
0.49865377157244,11143,2.5715,0,0
0.49865392566836,11144,2.572,0,0
0.49865407958433,11145,2.5725,0,0
0.49865423332034,11146,2.573,0,0
0.49865438687639,11147,2.5735,0,0
0.49865454025248,11148,2.574,0,0
0.49865469344861,11149,2.5745,0,0
0.49865484646479,11150,2.575,0,0
0.498654999301,11151,2.5755,0,0
0.49865515195726,11152,2.576,0,0
0.49865530443357,11153,2.5765,0,0
0.49865545672991,11154,2.577,0,0
0.4986556088463,11155,2.5775,0,0
0.49865576078273,11156,2.578,0,0
0.4986559125392,11157,2.5785,0,0
0.49865606411572,11158,2.579,0,0
0.49865621551228,11159,2.5795,0,0
0.49865636672889,11160,2.58,0,0
0.49865651776554,11161,2.5805,0,0
0.49865666862223,11162,2.581,0,0
0.49865681929897,11163,2.5815,0,0
0.49865696979575,11164,2.582,0,0
0.49865712011258,11165,2.5825,0,0
0.49865727024945,11166,2.583,0,0
0.49865742020637,11167,2.5835,0,0
0.49865756998333,11168,2.584,0,0
0.49865771958033,11169,2.5845,0,0
0.49865786899738,11170,2.585,0,0
0.49865801823448,11171,2.5855,0,0
0.49865816729162,11172,2.586,0,0
0.49865831616881,11173,2.5865,0,0
0.49865846486605,11174,2.587,0,0
0.49865861338333,11175,2.5875,0,0
0.49865876172065,11176,2.588,0,0
0.49865890987803,11177,2.5885,0,0
0.49865905785544,11178,2.589,0,0
0.49865920565291,11179,2.5895,0,0
0.49865935327042,11180,2.59,0,0
0.49865950070798,11181,2.5905,0,0
0.49865964796559,11182,2.591,0,0
0.49865979504324,11183,2.5915,0,0
0.49865994194095,11184,2.592,0,0
0.49866008865869,11185,2.5925,0,0
0.49866023519649,11186,2.593,0,0
0.49866038155434,11187,2.5935,0,0
0.49866052773223,11188,2.594,0,0
0.49866067373017,11189,2.5945,0,0
0.49866081954816,11190,2.595,0,0
0.4986609651862,11191,2.5955,0,0
0.49866111064428,11192,2.596,0,0
0.49866125592242,11193,2.5965,0,0
0.4986614010206,11194,2.597,0,0
0.49866154593883,11195,2.5975,0,0
0.49866169067712,11196,2.598,0,0
0.49866183523545,11197,2.5985,0,0
0.49866197961383,11198,2.599,0,0
0.49866212381226,11199,2.5995,0,0
0.49866226783074,11200,2.6,0,0
0.49866241166927,11201,2.6005,0,0
0.49866255532785,11202,2.601,0,0
0.49866269880648,11203,2.6015,0,0
0.49866284210516,11204,2.602,0,0
0.4986629852239,11205,2.6025,0,0
0.49866312816268,11206,2.603,0,0
0.49866327092151,11207,2.6035,0,0
0.4986634135004,11208,2.604,0,0
0.49866355589933,11209,2.6045,0,0
0.49866369811832,11210,2.605,0,0
0.49866384015736,11211,2.6055,0,0
0.49866398201645,11212,2.606,0,0
0.49866412369559,11213,2.6065,0,0
0.49866426519478,11214,2.607,0,0
0.49866440651403,11215,2.6075,0,0
0.49866454765332,11216,2.608,0,0
0.49866468861267,11217,2.6085,0,0
0.49866482939208,11218,2.609,0,0
0.49866496999153,11219,2.6095,0,0
0.49866511041104,11220,2.61,0,0
0.4986652506506,11221,2.6105,0,0
0.49866539071021,11222,2.611,0,0
0.49866553058988,11223,2.6115,0,0
0.4986656702896,11224,2.612,0,0
0.49866580980937,11225,2.6125,0,0
0.4986659491492,11226,2.613,0,0
0.49866608830908,11227,2.6135,0,0
0.49866622728902,11228,2.614,0,0
0.498666366089,11229,2.6145,0,0
0.49866650470905,11230,2.615,0,0
0.49866664314914,11231,2.6155,0,0
0.4986667814093,11232,2.616,0,0
0.4986669194895,11233,2.6165,0,0
0.49866705738976,11234,2.617,0,0
0.49866719511008,11235,2.6175,0,0
0.49866733265045,11236,2.618,0,0
0.49866747001088,11237,2.6185,0,0
0.49866760719136,11238,2.619,0,0
0.49866774419189,11239,2.6195,0,0
0.49866788101249,11240,2.62,0,0
0.49866801765313,11241,2.6205,0,0
0.49866815411384,11242,2.621,0,0
0.4986682903946,11243,2.6215,0,0
0.49866842649541,11244,2.622,0,0
0.49866856241629,11245,2.6225,0,0
0.49866869815722,11246,2.623,0,0
0.4986688337182,11247,2.6235,0,0
0.49866896909924,11248,2.624,0,0
0.49866910430034,11249,2.6245,0,0
0.4986692393215,11250,2.625,0,0
0.49866937416271,11251,2.6255,0,0
0.49866950882398,11252,2.626,0,0
0.49866964330531,11253,2.6265,0,0
0.49866977760669,11254,2.627,0,0
0.49866991172814,11255,2.6275,0,0
0.49867004566964,11256,2.628,0,0
0.4986701794312,11257,2.6285,0,0
0.49867031301281,11258,2.629,0,0
0.49867044641449,11259,2.6295,0,0
0.49867057963622,11260,2.63,0,0
0.49867071267801,11261,2.6305,0,0
0.49867084553986,11262,2.631,0,0
0.49867097822177,11263,2.6315,0,0
0.49867111072374,11264,2.632,0,0
0.49867124304577,11265,2.6325,0,0
0.49867137518785,11266,2.633,0,0
0.49867150715,11267,2.6335,0,0
0.4986716389322,11268,2.634,0,0
0.49867177053447,11269,2.6345,0,0
0.49867190195679,11270,2.635,0,0
0.49867203319918,11271,2.6355,0,0
0.49867216426162,11272,2.636,0,0
0.49867229514413,11273,2.6365,0,0
0.49867242584669,11274,2.637,0,0
0.49867255636932,11275,2.6375,0,0
0.498672686712,11276,2.638,0,0
0.49867281687475,11277,2.6385,0,0
0.49867294685755,11278,2.639,0,0
0.49867307666042,11279,2.6395,0,0
0.49867320628335,11280,2.64,0,0
0.49867333572634,11281,2.6405,0,0
0.49867346498939,11282,2.641,0,0
0.4986735940725,11283,2.6415,0,0
0.49867372297568,11284,2.642,0,0
0.49867385169892,11285,2.6425,0,0
0.49867398024221,11286,2.643,0,0
0.49867410860557,11287,2.6435,0,0
0.498674236789,11288,2.644,0,0
0.49867436479248,11289,2.6445,0,0
0.49867449261603,11290,2.645,0,0
0.49867462025964,11291,2.6455,0,0
0.49867474772331,11292,2.646,0,0
0.49867487500704,11293,2.6465,0,0
0.49867500211084,11294,2.647,0,0
0.4986751290347,11295,2.6475,0,0
0.49867525577862,11296,2.648,0,0
0.49867538234261,11297,2.6485,0,0
0.49867550872666,11298,2.649,0,0
0.49867563493078,11299,2.6495,0,0
0.49867576095495,11300,2.65,0,0
0.4986758867992,11301,2.6505,0,0
0.4986760124635,11302,2.651,0,0
0.49867613794787,11303,2.6515,0,0
0.4986762632523,11304,2.652,0,0
0.4986763883768,11305,2.6525,0,0
0.49867651332137,11306,2.653,0,0
0.49867663808599,11307,2.6535,0,0
0.49867676267068,11308,2.654,0,0
0.49867688707544,11309,2.6545,0,0
0.49867701130026,11310,2.655,0,0
0.49867713534515,11311,2.6555,0,0
0.4986772592101,11312,2.656,0,0
0.49867738289512,11313,2.6565,0,0
0.4986775064002,11314,2.657,0,0
0.49867762972535,11315,2.6575,0,0
0.49867775287056,11316,2.658,0,0
0.49867787583584,11317,2.6585,0,0
0.49867799862119,11318,2.659,0,0
0.4986781212266,11319,2.6595,0,0
0.49867824365208,11320,2.66,0,0
0.49867836589763,11321,2.6605,0,0
0.49867848796324,11322,2.661,0,0
0.49867860984892,11323,2.6615,0,0
0.49867873155466,11324,2.662,0,0
0.49867885308047,11325,2.6625,0,0
0.49867897442635,11326,2.663,0,0
0.4986790955923,11327,2.6635,0,0
0.49867921657831,11328,2.664,0,0
0.49867933738439,11329,2.6645,0,0
0.49867945801054,11330,2.665,0,0
0.49867957845675,11331,2.6655,0,0
0.49867969872303,11332,2.666,0,0
0.49867981880939,11333,2.6665,0,0
0.4986799387158,11334,2.667,0,0
0.49868005844229,11335,2.6675,0,0
0.49868017798885,11336,2.668,0,0
0.49868029735547,11337,2.6685,0,0
0.49868041654216,11338,2.669,0,0
0.49868053554892,11339,2.6695,0,0
0.49868065437575,11340,2.67,0,0
0.49868077302265,11341,2.6705,0,0
0.49868089148962,11342,2.671,0,0
0.49868100977665,11343,2.6715,0,0
0.49868112788376,11344,2.672,0,0
0.49868124581093,11345,2.6725,0,0
0.49868136355818,11346,2.673,0,0
0.49868148112549,11347,2.6735,0,0
0.49868159851288,11348,2.674,0,0
0.49868171572033,11349,2.6745,0,0
0.49868183274785,11350,2.675,0,0
0.49868194959545,11351,2.6755,0,0
0.49868206626311,11352,2.676,0,0
0.49868218275084,11353,2.6765,0,0
0.49868229905865,11354,2.677,0,0
0.49868241518652,11355,2.6775,0,0
0.49868253113447,11356,2.678,0,0
0.49868264690248,11357,2.6785,0,0
0.49868276249057,11358,2.679,0,0
0.49868287789873,11359,2.6795,0,0
0.49868299312696,11360,2.68,0,0
0.49868310817526,11361,2.6805,0,0
0.49868322304363,11362,2.681,0,0
0.49868333773207,11363,2.6815,0,0
0.49868345224059,11364,2.682,0,0
0.49868356656917,11365,2.6825,0,0
0.49868368071783,11366,2.683,0,0
0.49868379468656,11367,2.6835,0,0
0.49868390847536,11368,2.684,0,0
0.49868402208424,11369,2.6845,0,0
0.49868413551319,11370,2.685,0,0
0.4986842487622,11371,2.6855,0,0
0.4986843618313,11372,2.686,0,0
0.49868447472046,11373,2.6865,0,0
0.4986845874297,11374,2.687,0,0
0.49868469995901,11375,2.6875,0,0
0.49868481230839,11376,2.688,0,0
0.49868492447785,11377,2.6885,0,0
0.49868503646738,11378,2.689,0,0
0.49868514827698,11379,2.6895,0,0
0.49868525990666,11380,2.69,0,0
0.4986853713564,11381,2.6905,0,0
0.49868548262623,11382,2.691,0,0
0.49868559371613,11383,2.6915,0,0
0.4986857046261,11384,2.692,0,0
0.49868581535614,11385,2.6925,0,0
0.49868592590626,11386,2.693,0,0
0.49868603627645,11387,2.6935,0,0
0.49868614646672,11388,2.694,0,0
0.49868625647706,11389,2.6945,0,0
0.49868636630748,11390,2.695,0,0
0.49868647595797,11391,2.6955,0,0
0.49868658542854,11392,2.696,0,0
0.49868669471918,11393,2.6965,0,0
0.4986868038299,11394,2.697,0,0
0.49868691276069,11395,2.6975,0,0
0.49868702151156,11396,2.698,0,0
0.4986871300825,11397,2.6985,0,0
0.49868723847352,11398,2.699,0,0
0.49868734668461,11399,2.6995,0,0
0.49868745471578,11400,2.7,0,0
0.49868756256702,11401,2.7005,0,0
0.49868767023834,11402,2.701,0,0
0.49868777772974,11403,2.7015,0,0
0.49868788504121,11404,2.702,0,0
0.49868799217276,11405,2.7025,0,0
0.49868809912439,11406,2.703,0,0
0.49868820589609,11407,2.7035,0,0
0.49868831248787,11408,2.704,0,0
0.49868841889973,11409,2.7045,0,0
0.49868852513166,11410,2.705,0,0
0.49868863118367,11411,2.7055,0,0
0.49868873705575,11412,2.706,0,0
0.49868884274792,11413,2.7065,0,0
0.49868894826016,11414,2.707,0,0
0.49868905359247,11415,2.7075,0,0
0.49868915874487,11416,2.708,0,0
0.49868926371734,11417,2.7085,0,0
0.49868936850989,11418,2.709,0,0
0.49868947312252,11419,2.7095,0,0
0.49868957755523,11420,2.71,0,0
0.49868968180801,11421,2.7105,0,0
0.49868978588088,11422,2.711,0,0
0.49868988977382,11423,2.7115,0,0
0.49868999348683,11424,2.712,0,0
0.49869009701993,11425,2.7125,0,0
0.49869020037311,11426,2.713,0,0
0.49869030354636,11427,2.7135,0,0
0.4986904065397,11428,2.714,0,0
0.49869050935311,11429,2.7145,0,0
0.4986906119866,11430,2.715,0,0
0.49869071444017,11431,2.7155,0,0
0.49869081671382,11432,2.716,0,0
0.49869091880755,11433,2.7165,0,0
0.49869102072136,11434,2.717,0,0
0.49869112245524,11435,2.7175,0,0
0.49869122400921,11436,2.718,0,0
0.49869132538326,11437,2.7185,0,0
0.49869142657738,11438,2.719,0,0
0.49869152759159,11439,2.7195,0,0
0.49869162842588,11440,2.72,0,0
0.49869172908024,11441,2.7205,0,0
0.49869182955469,11442,2.721,0,0
0.49869192984922,11443,2.7215,0,0
0.49869202996383,11444,2.722,0,0
0.49869212989851,11445,2.7225,0,0
0.49869222965328,11446,2.723,0,0
0.49869232922813,11447,2.7235,0,0
0.49869242862306,11448,2.724,0,0
0.49869252783807,11449,2.7245,0,0
0.49869262687317,11450,2.725,0,0
0.49869272572834,11451,2.7255,0,0
0.49869282440359,11452,2.726,0,0
0.49869292289893,11453,2.7265,0,0
0.49869302121435,11454,2.727,0,0
0.49869311934985,11455,2.7275,0,0
0.49869321730543,11456,2.728,0,0
0.49869331508109,11457,2.7285,0,0
0.49869341267683,11458,2.729,0,0
0.49869351009266,11459,2.7295,0,0
0.49869360732857,11460,2.73,0,0
0.49869370438456,11461,2.7305,0,0
0.49869380126063,11462,2.731,0,0
0.49869389795678,11463,2.7315,0,0
0.49869399447302,11464,2.732,0,0
0.49869409080934,11465,2.7325,0,0
0.49869418696574,11466,2.733,0,0
0.49869428294223,11467,2.7335,0,0
0.4986943787388,11468,2.734,0,0
0.49869447435545,11469,2.7345,0,0
0.49869456979218,11470,2.735,0,0
0.498694665049,11471,2.7355,0,0
0.4986947601259,11472,2.736,0,0
0.49869485502288,11473,2.7365,0,0
0.49869494973995,11474,2.737,0,0
0.4986950442771,11475,2.7375,0,0
0.49869513863433,11476,2.738,0,0
0.49869523281165,11477,2.7385,0,0
0.49869532680905,11478,2.739,0,0
0.49869542062654,11479,2.7395,0,0
0.49869551426411,11480,2.74,0,0
0.49869560772176,11481,2.7405,0,0
0.4986957009995,11482,2.741,0,0
0.49869579409732,11483,2.7415,0,0
0.49869588701523,11484,2.742,0,0
0.49869597975322,11485,2.7425,0,0
0.4986960723113,11486,2.743,0,0
0.49869616468946,11487,2.7435,0,0
0.4986962568877,11488,2.744,0,0
0.49869634890603,11489,2.7445,0,0
0.49869644074445,11490,2.745,0,0
0.49869653240295,11491,2.7455,0,0
0.49869662388153,11492,2.746,0,0
0.4986967151802,11493,2.7465,0,0
0.49869680629896,11494,2.747,0,0
0.4986968972378,11495,2.7475,0,0
0.49869698799673,11496,2.748,0,0
0.49869707857574,11497,2.7485,0,0
0.49869716897484,11498,2.749,0,0
0.49869725919402,11499,2.7495,0,0
0.49869734923329,11500,2.75,0,0
0.49869743909264,11501,2.7505,0,0
0.49869752877209,11502,2.751,0,0
0.49869761827161,11503,2.7515,0,0
0.49869770759123,11504,2.752,0,0
0.49869779673093,11505,2.7525,0,0
0.49869788569072,11506,2.753,0,0
0.49869797447059,11507,2.7535,0,0
0.49869806307055,11508,2.754,0,0
0.4986981514906,11509,2.7545,0,0
0.49869823973073,11510,2.755,0,0
0.49869832779095,11511,2.7555,0,0
0.49869841567126,11512,2.756,0,0
0.49869850337165,11513,2.7565,0,0
0.49869859089213,11514,2.757,0,0
0.4986986782327,11515,2.7575,0,0
0.49869876539336,11516,2.758,0,0
0.4986988523741,11517,2.7585,0,0
0.49869893917493,11518,2.759,0,0
0.49869902579585,11519,2.7595,0,0
0.49869911223686,11520,2.76,0,0
0.49869919849795,11521,2.7605,0,0
0.49869928457914,11522,2.761,0,0
0.49869937048041,11523,2.7615,0,0
0.49869945620176,11524,2.762,0,0
0.49869954174321,11525,2.7625,0,0
0.49869962710475,11526,2.763,0,0
0.49869971228637,11527,2.7635,0,0
0.49869979728808,11528,2.764,0,0
0.49869988210988,11529,2.7645,0,0
0.49869996675177,11530,2.765,0,0
0.49870005121375,11531,2.7655,0,0
0.49870013549581,11532,2.766,0,0
0.49870021959797,11533,2.7665,0,0
0.49870030352021,11534,2.767,0,0
0.49870038726254,11535,2.7675,0,0
0.49870047082496,11536,2.768,0,0
0.49870055420748,11537,2.7685,0,0
0.49870063741008,11538,2.769,0,0
0.49870072043276,11539,2.7695,0,0
0.49870080327554,11540,2.77,0,0
0.49870088593841,11541,2.7705,0,0
0.49870096842137,11542,2.771,0,0
0.49870105072442,11543,2.7715,0,0
0.49870113284756,11544,2.772,0,0
0.49870121479078,11545,2.7725,0,0
0.4987012965541,11546,2.773,0,0
0.49870137813751,11547,2.7735,0,0
0.49870145954101,11548,2.774,0,0
0.49870154076459,11549,2.7745,0,0
0.49870162180827,11550,2.775,0,0
0.49870170267204,11551,2.7755,0,0
0.4987017833559,11552,2.776,0,0
0.49870186385985,11553,2.7765,0,0
0.49870194418389,11554,2.777,0,0
0.49870202432802,11555,2.7775,0,0
0.49870210429224,11556,2.778,0,0
0.49870218407655,11557,2.7785,0,0
0.49870226368096,11558,2.779,0,0
0.49870234310545,11559,2.7795,0,0
0.49870242235004,11560,2.78,0,0
0.49870250141471,11561,2.7805,0,0
0.49870258029948,11562,2.781,0,0
0.49870265900434,11563,2.7815,0,0
0.49870273752929,11564,2.782,0,0
0.49870281587434,11565,2.7825,0,0
0.49870289403947,11566,2.783,0,0
0.49870297202469,11567,2.7835,0,0
0.49870304983001,11568,2.784,0,0
0.49870312745542,11569,2.7845,0,0
0.49870320490092,11570,2.785,0,0
0.49870328216652,11571,2.7855,0,0
0.4987033592522,11572,2.786,0,0
0.49870343615798,11573,2.7865,0,0
0.49870351288385,11574,2.787,0,0
0.49870358942981,11575,2.7875,0,0
0.49870366579586,11576,2.788,0,0
0.49870374198201,11577,2.7885,0,0
0.49870381798825,11578,2.789,0,0
0.49870389381458,11579,2.7895,0,0
0.49870396946101,11580,2.79,0,0
0.49870404492752,11581,2.7905,0,0
0.49870412021413,11582,2.791,0,0
0.49870419532084,11583,2.7915,0,0
0.49870427024763,11584,2.792,0,0
0.49870434499452,11585,2.7925,0,0
0.4987044195615,11586,2.793,0,0
0.49870449394858,11587,2.7935,0,0
0.49870456815575,11588,2.794,0,0
0.49870464218301,11589,2.7945,0,0
0.49870471603037,11590,2.795,0,0
0.49870478969782,11591,2.7955,0,0
0.49870486318536,11592,2.796,0,0
0.498704936493,11593,2.7965,0,0
0.49870500962073,11594,2.797,0,0
0.49870508256855,11595,2.7975,0,0
0.49870515533647,11596,2.798,0,0
0.49870522792448,11597,2.7985,0,0
0.49870530033259,11598,2.799,0,0
0.49870537256079,11599,2.7995,0,0
0.49870544460908,11600,2.8,0,0
0.49870551647747,11601,2.8005,0,0
0.49870558816596,11602,2.801,0,0
0.49870565967453,11603,2.8015,0,0
0.49870573100321,11604,2.802,0,0
0.49870580215197,11605,2.8025,0,0
0.49870587312083,11606,2.803,0,0
0.49870594390979,11607,2.8035,0,0
0.49870601451884,11608,2.804,0,0
0.49870608494799,11609,2.8045,0,0
0.49870615519723,11610,2.805,0,0
0.49870622526656,11611,2.8055,0,0
0.498706295156,11612,2.806,0,0
0.49870636486552,11613,2.8065,0,0
0.49870643439514,11614,2.807,0,0
0.49870650374486,11615,2.8075,0,0
0.49870657291467,11616,2.808,0,0
0.49870664190458,11617,2.8085,0,0
0.49870671071458,11618,2.809,0,0
0.49870677934468,11619,2.8095,0,0
0.49870684779488,11620,2.81,0,0
0.49870691606517,11621,2.8105,0,0
0.49870698415555,11622,2.811,0,0
0.49870705206603,11623,2.8115,0,0
0.49870711979661,11624,2.812,0,0
0.49870718734729,11625,2.8125,0,0
0.49870725471806,11626,2.813,0,0
0.49870732190892,11627,2.8135,0,0
0.49870738891988,11628,2.814,0,0
0.49870745575094,11629,2.8145,0,0
0.4987075224021,11630,2.815,0,0
0.49870758887335,11631,2.8155,0,0
0.4987076551647,11632,2.816,0,0
0.49870772127614,11633,2.8165,0,0
0.49870778720768,11634,2.817,0,0
0.49870785295932,11635,2.8175,0,0
0.49870791853105,11636,2.818,0,0
0.49870798392289,11637,2.8185,0,0
0.49870804913481,11638,2.819,0,0
0.49870811416684,11639,2.8195,0,0
0.49870817901896,11640,2.82,0,0
0.49870824369118,11641,2.8205,0,0
0.4987083081835,11642,2.821,0,0
0.49870837249591,11643,2.8215,0,0
0.49870843662842,11644,2.822,0,0
0.49870850058103,11645,2.8225,0,0
0.49870856435374,11646,2.823,0,0
0.49870862794654,11647,2.8235,0,0
0.49870869135944,11648,2.824,0,0
0.49870875459244,11649,2.8245,0,0
0.49870881764553,11650,2.825,0,0
0.49870888051873,11651,2.8255,0,0
0.49870894321202,11652,2.826,0,0
0.49870900572541,11653,2.8265,0,0
0.4987090680589,11654,2.827,0,0
0.49870913021248,11655,2.8275,0,0
0.49870919218617,11656,2.828,0,0
0.49870925397995,11657,2.8285,0,0
0.49870931559383,11658,2.829,0,0
0.49870937702781,11659,2.8295,0,0
0.49870943828188,11660,2.83,0,0
0.49870949935606,11661,2.8305,0,0
0.49870956025033,11662,2.831,0,0
0.4987096209647,11663,2.8315,0,0
0.49870968149917,11664,2.832,0,0
0.49870974185374,11665,2.8325,0,0
0.49870980202841,11666,2.833,0,0
0.49870986202318,11667,2.8335,0,0
0.49870992183804,11668,2.834,0,0
0.49870998147301,11669,2.8345,0,0
0.49871004092807,11670,2.835,0,0
0.49871010020323,11671,2.8355,0,0
0.4987101592985,11672,2.836,0,0
0.49871021821386,11673,2.8365,0,0
0.49871027694932,11674,2.837,0,0
0.49871033550488,11675,2.8375,0,0
0.49871039388053,11676,2.838,0,0
0.49871045207629,11677,2.8385,0,0
0.49871051009215,11678,2.839,0,0
0.49871056792811,11679,2.8395,0,0
0.49871062558416,11680,2.84,0,0
0.49871068306032,11681,2.8405,0,0
0.49871074035657,11682,2.841,0,0
0.49871079747293,11683,2.8415,0,0
0.49871085440938,11684,2.842,0,0
0.49871091116594,11685,2.8425,0,0
0.49871096774259,11686,2.843,0,0
0.49871102413935,11687,2.8435,0,0
0.4987110803562,11688,2.844,0,0
0.49871113639316,11689,2.8445,0,0
0.49871119225021,11690,2.845,0,0
0.49871124792737,11691,2.8455,0,0
0.49871130342462,11692,2.846,0,0
0.49871135874198,11693,2.8465,0,0
0.49871141387944,11694,2.847,0,0
0.49871146883699,11695,2.8475,0,0
0.49871152361465,11696,2.848,0,0
0.49871157821241,11697,2.8485,0,0
0.49871163263026,11698,2.849,0,0
0.49871168686822,11699,2.8495,0,0
0.49871174092628,11700,2.85,0,0
0.49871179480444,11701,2.8505,0,0
0.4987118485027,11702,2.851,0,0
0.49871190202107,11703,2.8515,0,0
0.49871195535953,11704,2.852,0,0
0.49871200851809,11705,2.8525,0,0
0.49871206149676,11706,2.853,0,0
0.49871211429552,11707,2.8535,0,0
0.49871216691439,11708,2.854,0,0
0.49871221935336,11709,2.8545,0,0
0.49871227161243,11710,2.855,0,0
0.4987123236916,11711,2.8555,0,0
0.49871237559087,11712,2.856,0,0
0.49871242731025,11713,2.8565,0,0
0.49871247884972,11714,2.857,0,0
0.4987125302093,11715,2.8575,0,0
0.49871258138898,11716,2.858,0,0
0.49871263238876,11717,2.8585,0,0
0.49871268320864,11718,2.859,0,0
0.49871273384862,11719,2.8595,0,0
0.49871278430871,11720,2.86,0,0
0.49871283458889,11721,2.8605,0,0
0.49871288468918,11722,2.861,0,0
0.49871293460957,11723,2.8615,0,0
0.49871298435007,11724,2.862,0,0
0.49871303391066,11725,2.8625,0,0
0.49871308329136,11726,2.863,0,0
0.49871313249216,11727,2.8635,0,0
0.49871318151306,11728,2.864,0,0
0.49871323035406,11729,2.8645,0,0
0.49871327901517,11730,2.865,0,0
0.49871332749637,11731,2.8655,0,0
0.49871337579768,11732,2.866,0,0
0.4987134239191,11733,2.8665,0,0
0.49871347186061,11734,2.867,0,0
0.49871351962223,11735,2.8675,0,0
0.49871356720395,11736,2.868,0,0
0.49871361460577,11737,2.8685,0,0
0.4987136618277,11738,2.869,0,0
0.49871370886973,11739,2.8695,0,0
0.49871375573186,11740,2.87,0,0
0.49871380241409,11741,2.8705,0,0
0.49871384891643,11742,2.871,0,0
0.49871389523887,11743,2.8715,0,0
0.49871394138141,11744,2.872,0,0
0.49871398734406,11745,2.8725,0,0
0.49871403312681,11746,2.873,0,0
0.49871407872966,11747,2.8735,0,0
0.49871412415261,11748,2.874,0,0
0.49871416939567,11749,2.8745,0,0
0.49871421445883,11750,2.875,0,0
0.4987142593421,11751,2.8755,0,0
0.49871430404547,11752,2.876,0,0
0.49871434856894,11753,2.8765,0,0
0.49871439291251,11754,2.877,0,0
0.49871443707619,11755,2.8775,0,0
0.49871448105998,11756,2.878,0,0
0.49871452486386,11757,2.8785,0,0
0.49871456848785,11758,2.879,0,0
0.49871461193194,11759,2.8795,0,0
0.49871465519614,11760,2.88,0,0
0.49871469828044,11761,2.8805,0,0
0.49871474118484,11762,2.881,0,0
0.49871478390935,11763,2.8815,0,0
0.49871482645396,11764,2.882,0,0
0.49871486881868,11765,2.8825,0,0
0.4987149110035,11766,2.883,0,0
0.49871495300842,11767,2.8835,0,0
0.49871499483345,11768,2.884,0,0
0.49871503647858,11769,2.8845,0,0
0.49871507794382,11770,2.885,0,0
0.49871511922916,11771,2.8855,0,0
0.49871516033461,11772,2.886,0,0
0.49871520126015,11773,2.8865,0,0
0.49871524200581,11774,2.887,0,0
0.49871528257156,11775,2.8875,0,0
0.49871532295743,11776,2.888,0,0
0.49871536316339,11777,2.8885,0,0
0.49871540318946,11778,2.889,0,0
0.49871544303564,11779,2.8895,0,0
0.49871548270192,11780,2.89,0,0
0.4987155221883,11781,2.8905,0,0
0.49871556149479,11782,2.891,0,0
0.49871560062139,11783,2.8915,0,0
0.49871563956809,11784,2.892,0,0
0.49871567833489,11785,2.8925,0,0
0.4987157169218,11786,2.893,0,0
0.49871575532881,11787,2.8935,0,0
0.49871579355593,11788,2.894,0,0
0.49871583160315,11789,2.8945,0,0
0.49871586947048,11790,2.895,0,0
0.49871590715791,11791,2.8955,0,0
0.49871594466545,11792,2.896,0,0
0.49871598199309,11793,2.8965,0,0
0.49871601914084,11794,2.897,0,0
0.49871605610869,11795,2.8975,0,0
0.49871609289665,11796,2.898,0,0
0.49871612950471,11797,2.8985,0,0
0.49871616593288,11798,2.899,0,0
0.49871620218116,11799,2.8995,0,0
0.49871623824954,11800,2.9,0,0
0.49871627413802,11801,2.9005,0,0
0.49871630984661,11802,2.901,0,0
0.49871634537531,11803,2.9015,0,0
0.49871638072411,11804,2.902,0,0
0.49871641589301,11805,2.9025,0,0
0.49871645088203,11806,2.903,0,0
0.49871648569114,11807,2.9035,0,0
0.49871652032037,11808,2.904,0,0
0.4987165547697,11809,2.9045,0,0
0.49871658903913,11810,2.905,0,0
0.49871662312867,11811,2.9055,0,0
0.49871665703832,11812,2.906,0,0
0.49871669076807,11813,2.9065,0,0
0.49871672431793,11814,2.907,0,0
0.49871675768789,11815,2.9075,0,0
0.49871679087796,11816,2.908,0,0
0.49871682388814,11817,2.9085,0,0
0.49871685671842,11818,2.909,0,0
0.49871688936881,11819,2.9095,0,0
0.4987169218393,11820,2.91,0,0
0.4987169541299,11821,2.9105,0,0
0.49871698624061,11822,2.911,0,0
0.49871701817142,11823,2.9115,0,0
0.49871704992234,11824,2.912,0,0
0.49871708149336,11825,2.9125,0,0
0.49871711288449,11826,2.913,0,0
0.49871714409573,11827,2.9135,0,0
0.49871717512707,11828,2.914,0,0
0.49871720597852,11829,2.9145,0,0
0.49871723665008,11830,2.915,0,0
0.49871726714174,11831,2.9155,0,0
0.49871729745351,11832,2.916,0,0
0.49871732758539,11833,2.9165,0,0
0.49871735753737,11834,2.917,0,0
0.49871738730946,11835,2.9175,0,0
0.49871741690165,11836,2.918,0,0
0.49871744631395,11837,2.9185,0,0
0.49871747554636,11838,2.919,0,0
0.49871750459887,11839,2.9195,0,0
0.4987175334715,11840,2.92,0,0
0.49871756216422,11841,2.9205,0,0
0.49871759067706,11842,2.921,0,0
0.49871761901,11843,2.9215,0,0
0.49871764716305,11844,2.922,0,0
0.4987176751362,11845,2.9225,0,0
0.49871770292947,11846,2.923,0,0
0.49871773054284,11847,2.9235,0,0
0.49871775797631,11848,2.924,0,0
0.49871778522989,11849,2.9245,0,0
0.49871781230358,11850,2.925,0,0
0.49871783919738,11851,2.9255,0,0
0.49871786591128,11852,2.926,0,0
0.4987178924453,11853,2.9265,0,0
0.49871791879941,11854,2.927,0,0
0.49871794497364,11855,2.9275,0,0
0.49871797096797,11856,2.928,0,0
0.49871799678241,11857,2.9285,0,0
0.49871802241696,11858,2.929,0,0
0.49871804787161,11859,2.9295,0,0
0.49871807314637,11860,2.93,0,0
0.49871809824124,11861,2.9305,0,0
0.49871812315621,11862,2.931,0,0
0.4987181478913,11863,2.9315,0,0
0.49871817244649,11864,2.932,0,0
0.49871819682179,11865,2.9325,0,0
0.49871822101719,11866,2.933,0,0
0.4987182450327,11867,2.9335,0,0
0.49871826886832,11868,2.934,0,0
0.49871829252405,11869,2.9345,0,0
0.49871831599988,11870,2.935,0,0
0.49871833929583,11871,2.9355,0,0
0.49871836241188,11872,2.936,0,0
0.49871838534803,11873,2.9365,0,0
0.4987184081043,11874,2.937,0,0
0.49871843068067,11875,2.9375,0,0
0.49871845307715,11876,2.938,0,0
0.49871847529374,11877,2.9385,0,0
0.49871849733043,11878,2.939,0,0
0.49871851918724,11879,2.9395,0,0
0.49871854086415,11880,2.94,0,0
0.49871856236117,11881,2.9405,0,0
0.49871858367829,11882,2.941,0,0
0.49871860481553,11883,2.9415,0,0
0.49871862577287,11884,2.942,0,0
0.49871864655032,11885,2.9425,0,0
0.49871866714788,11886,2.943,0,0
0.49871868756554,11887,2.9435,0,0
0.49871870780331,11888,2.944,0,0
0.4987187278612,11889,2.9445,0,0
0.49871874773919,11890,2.945,0,0
0.49871876743728,11891,2.9455,0,0
0.49871878695549,11892,2.946,0,0
0.4987188062938,11893,2.9465,0,0
0.49871882545222,11894,2.947,0,0
0.49871884443075,11895,2.9475,0,0
0.49871886322939,11896,2.948,0,0
0.49871888184813,11897,2.9485,0,0
0.49871890028699,11898,2.949,0,0
0.49871891854595,11899,2.9495,0,0
0.49871893662502,11900,2.95,0,0
0.4987189545242,11901,2.9505,0,0
0.49871897224348,11902,2.951,0,0
0.49871898978288,11903,2.9515,0,0
0.49871900714238,11904,2.952,0,0
0.49871902432199,11905,2.9525,0,0
0.49871904132171,11906,2.953,0,0
0.49871905814153,11907,2.9535,0,0
0.49871907478147,11908,2.954,0,0
0.49871909124151,11909,2.9545,0,0
0.49871910752167,11910,2.955,0,0
0.49871912362193,11911,2.9555,0,0
0.49871913954229,11912,2.956,0,0
0.49871915528277,11913,2.9565,0,0
0.49871917084336,11914,2.957,0,0
0.49871918622405,11915,2.9575,0,0
0.49871920142485,11916,2.958,0,0
0.49871921644576,11917,2.9585,0,0
0.49871923128678,11918,2.959,0,0
0.49871924594791,11919,2.9595,0,0
0.49871926042914,11920,2.96,0,0
0.49871927473049,11921,2.9605,0,0
0.49871928885194,11922,2.961,0,0
0.4987193027935,11923,2.9615,0,0
0.49871931655517,11924,2.962,0,0
0.49871933013695,11925,2.9625,0,0
0.49871934353884,11926,2.963,0,0
0.49871935676083,11927,2.9635,0,0
0.49871936980294,11928,2.964,0,0
0.49871938266515,11929,2.9645,0,0
0.49871939534747,11930,2.965,0,0
0.4987194078499,11931,2.9655,0,0
0.49871942017244,11932,2.966,0,0
0.49871943231509,11933,2.9665,0,0
0.49871944427784,11934,2.967,0,0
0.49871945606071,11935,2.9675,0,0
0.49871946766368,11936,2.968,0,0
0.49871947908676,11937,2.9685,0,0
0.49871949032995,11938,2.969,0,0
0.49871950139325,11939,2.9695,0,0
0.49871951227666,11940,2.97,0,0
0.49871952298018,11941,2.9705,0,0
0.4987195335038,11942,2.971,0,0
0.49871954384754,11943,2.9715,0,0
0.49871955401138,11944,2.972,0,0
0.49871956399533,11945,2.9725,0,0
0.49871957379939,11946,2.973,0,0
0.49871958342356,11947,2.9735,0,0
0.49871959286784,11948,2.974,0,0
0.49871960213223,11949,2.9745,0,0
0.49871961121672,11950,2.975,0,0
0.49871962012133,11951,2.9755,0,0
0.49871962884604,11952,2.976,0,0
0.49871963739086,11953,2.9765,0,0
0.4987196457558,11954,2.977,0,0
0.49871965394084,11955,2.9775,0,0
0.49871966194599,11956,2.978,0,0
0.49871966977124,11957,2.9785,0,0
0.49871967741661,11958,2.979,0,0
0.49871968488209,11959,2.9795,0,0
0.49871969216767,11960,2.98,0,0
0.49871969927336,11961,2.9805,0,0
0.49871970619917,11962,2.981,0,0
0.49871971294508,11963,2.9815,0,0
0.4987197195111,11964,2.982,0,0
0.49871972589723,11965,2.9825,0,0
0.49871973210347,11966,2.983,0,0
0.49871973812981,11967,2.9835,0,0
0.49871974397627,11968,2.984,0,0
0.49871974964283,11969,2.9845,0,0
0.49871975512951,11970,2.985,0,0
0.49871976043629,11971,2.9855,0,0
0.49871976556318,11972,2.986,0,0
0.49871977051019,11973,2.9865,0,0
0.4987197752773,11974,2.987,0,0
0.49871977986452,11975,2.9875,0,0
0.49871978427184,11976,2.988,0,0
0.49871978849928,11977,2.9885,0,0
0.49871979254683,11978,2.989,0,0
0.49871979641448,11979,2.9895,0,0
0.49871980010225,11980,2.99,0,0
0.49871980361012,11981,2.9905,0,0
0.4987198069381,11982,2.991,0,0
0.49871981008619,11983,2.9915,0,0
0.49871981305439,11984,2.992,0,0
0.4987198158427,11985,2.9925,0,0
0.49871981845112,11986,2.993,0,0
0.49871982087965,11987,2.9935,0,0
0.49871982312829,11988,2.994,0,0
0.49871982519703,11989,2.9945,0,0
0.49871982708589,11990,2.995,0,0
0.49871982879485,11991,2.9955,0,0
0.49871983032392,11992,2.996,0,0
0.49871983167311,11993,2.9965,0,0
0.4987198328424,11994,2.997,0,0
0.4987198338318,11995,2.9975,0,0
0.49871983464131,11996,2.998,0,0
0.49871983527092,11997,2.9985,0,0
0.49871983572065,11998,2.999,0,0
0.49871983599049,11999,2.9995,0,0
0.49871983608043,12000,3,0,0
