ci,id,x,y,z
0.78200181496287,0,-2,0,0
0.78200181500022,1,-1.9996,0,0
0.78200181511226,2,-1.9992,0,0
0.78200181529899,3,-1.9988,0,0
0.78200181556042,4,-1.9984,0,0
0.78200181589654,5,-1.998,0,0
0.78200181630735,6,-1.9976,0,0
0.78200181679286,7,-1.9972,0,0
0.78200181735306,8,-1.9968,0,0
0.78200181798795,9,-1.9964,0,0
0.78200181869754,10,-1.996,0,0
0.78200181948182,11,-1.9956,0,0
0.78200182034079,12,-1.9952,0,0
0.78200182127446,13,-1.9948,0,0
0.78200182228282,14,-1.9944,0,0
0.78200182336587,15,-1.994,0,0
0.78200182452362,16,-1.9936,0,0
0.78200182575606,17,-1.9932,0,0
0.78200182706319,18,-1.9928,0,0
0.78200182844502,19,-1.9924,0,0
0.78200182990154,20,-1.992,0,0
0.78200183143276,21,-1.9916,0,0
0.78200183303866,22,-1.9912,0,0
0.78200183471926,23,-1.9908,0,0
0.78200183647456,24,-1.9904,0,0
0.78200183830454,25,-1.99,0,0
0.78200184020922,26,-1.9896,0,0
0.7820018421886,27,-1.9892,0,0
0.78200184424266,28,-1.9888,0,0
0.78200184637143,29,-1.9884,0,0
0.78200184857488,30,-1.988,0,0
0.78200185085303,31,-1.9876,0,0
0.78200185320587,32,-1.9872,0,0
0.7820018556334,33,-1.9868,0,0
0.78200185813563,34,-1.9864,0,0
0.78200186071255,35,-1.986,0,0
0.78200186336416,36,-1.9856,0,0
0.78200186609047,37,-1.9852,0,0
0.78200186889147,38,-1.9848,0,0
0.78200187176716,39,-1.9844,0,0
0.78200187471755,40,-1.984,0,0
0.78200187774263,41,-1.9836,0,0
0.7820018808424,42,-1.9832,0,0
0.78200188401687,43,-1.9828,0,0
0.78200188726603,44,-1.9824,0,0
0.78200189058988,45,-1.982,0,0
0.78200189398843,46,-1.9816,0,0
0.78200189746167,47,-1.9812,0,0
0.7820019010096,48,-1.9808,0,0
0.78200190463223,49,-1.9804,0,0
0.78200190832955,50,-1.98,0,0
0.78200191210157,51,-1.9796,0,0
0.78200191594827,52,-1.9792,0,0
0.78200191986967,53,-1.9788,0,0
0.78200192386577,54,-1.9784,0,0
0.78200192793655,55,-1.978,0,0
0.78200193208203,56,-1.9776,0,0
0.78200193630221,57,-1.9772,0,0
0.78200194059707,58,-1.9768,0,0
0.78200194496663,59,-1.9764,0,0
0.78200194941089,60,-1.976,0,0
0.78200195392983,61,-1.9756,0,0
0.78200195852347,62,-1.9752,0,0
0.7820019631918,63,-1.9748,0,0
0.78200196793483,64,-1.9744,0,0
0.78200197275255,65,-1.974,0,0
0.78200197764496,66,-1.9736,0,0
0.78200198261207,67,-1.9732,0,0
0.78200198765387,68,-1.9728,0,0
0.78200199277036,69,-1.9724,0,0
0.78200199796155,70,-1.972,0,0
0.78200200322743,71,-1.9716,0,0
0.782002008568,72,-1.9712,0,0
0.78200201398327,73,-1.9708,0,0
0.78200201947323,74,-1.9704,0,0
0.78200202503788,75,-1.97,0,0
0.78200203067722,76,-1.9696,0,0
0.78200203639126,77,-1.9692,0,0
0.78200204217999,78,-1.9688,0,0
0.78200204804342,79,-1.9684,0,0
0.78200205398154,80,-1.968,0,0
0.78200205999435,81,-1.9676,0,0
0.78200206608185,82,-1.9672,0,0
0.78200207224405,83,-1.9668,0,0
0.78200207848094,84,-1.9664,0,0
0.78200208479253,85,-1.966,0,0
0.78200209117881,86,-1.9656,0,0
0.78200209763978,87,-1.9652,0,0
0.78200210417544,88,-1.9648,0,0
0.7820021107858,89,-1.9644,0,0
0.78200211747085,90,-1.964,0,0
0.7820021242306,91,-1.9636,0,0
0.78200213106503,92,-1.9632,0,0
0.78200213797416,93,-1.9628,0,0
0.78200214495799,94,-1.9624,0,0
0.78200215201651,95,-1.962,0,0
0.78200215914972,96,-1.9616,0,0
0.78200216635762,97,-1.9612,0,0
0.78200217364022,98,-1.9608,0,0
0.7820021809975,99,-1.9604,0,0
0.78200218842949,100,-1.96,0,0
0.78200219593616,101,-1.9596,0,0
0.78200220351753,102,-1.9592,0,0
0.7820022111736,103,-1.9588,0,0
0.78200221890435,104,-1.9584,0,0
0.7820022267098,105,-1.958,0,0
0.78200223458994,106,-1.9576,0,0
0.78200224254478,107,-1.9572,0,0
0.78200225057431,108,-1.9568,0,0
0.78200225867853,109,-1.9564,0,0
0.78200226685744,110,-1.956,0,0
0.78200227511105,111,-1.9556,0,0
0.78200228343935,112,-1.9552,0,0
0.78200229184235,113,-1.9548,0,0
0.78200230032003,114,-1.9544,0,0
0.78200230887241,115,-1.954,0,0
0.78200231749949,116,-1.9536,0,0
0.78200232620125,117,-1.9532,0,0
0.78200233497771,118,-1.9528,0,0
0.78200234382887,119,-1.9524,0,0
0.78200235275471,120,-1.952,0,0
0.78200236175525,121,-1.9516,0,0
0.78200237083048,122,-1.9512,0,0
0.78200237998041,123,-1.9508,0,0
0.78200238920503,124,-1.9504,0,0
0.78200239850434,125,-1.95,0,0
0.78200240787834,126,-1.9496,0,0
0.78200241732704,127,-1.9492,0,0
0.78200242685043,128,-1.9488,0,0
0.78200243644852,129,-1.9484,0,0
0.78200244612129,130,-1.948,0,0
0.78200245586876,131,-1.9476,0,0
0.78200246569093,132,-1.9472,0,0
0.78200247558778,133,-1.9468,0,0
0.78200248555933,134,-1.9464,0,0
0.78200249560557,135,-1.946,0,0
0.78200250572651,136,-1.9456,0,0
0.78200251592214,137,-1.9452,0,0
0.78200252619246,138,-1.9448,0,0
0.78200253653747,139,-1.9444,0,0
0.78200254695718,140,-1.944,0,0
0.78200255745158,141,-1.9436,0,0
0.78200256802067,142,-1.9432,0,0
0.78200257866446,143,-1.9428,0,0
0.78200258938294,144,-1.9424,0,0
0.78200260017611,145,-1.942,0,0
0.78200261104398,146,-1.9416,0,0
0.78200262198654,147,-1.9412,0,0
0.78200263300379,148,-1.9408,0,0
0.78200264409573,149,-1.9404,0,0
0.78200265526237,150,-1.94,0,0
0.7820026665037,151,-1.9396,0,0
0.78200267781972,152,-1.9392,0,0
0.78200268921044,153,-1.9388,0,0
0.78200270067585,154,-1.9384,0,0
0.78200271221595,155,-1.938,0,0
0.78200272383075,156,-1.9376,0,0
0.78200273552024,157,-1.9372,0,0
0.78200274728442,158,-1.9368,0,0
0.78200275912329,159,-1.9364,0,0
0.78200277103686,160,-1.936,0,0
0.78200278302512,161,-1.9356,0,0
0.78200279508807,162,-1.9352,0,0
0.78200280722572,163,-1.9348,0,0
0.78200281943806,164,-1.9344,0,0
0.78200283172509,165,-1.934,0,0
0.78200284408681,166,-1.9336,0,0
0.78200285652323,167,-1.9332,0,0
0.78200286903434,168,-1.9328,0,0
0.78200288162014,169,-1.9324,0,0
0.78200289428064,170,-1.932,0,0
0.78200290701583,171,-1.9316,0,0
0.78200291982571,172,-1.9312,0,0
0.78200293271029,173,-1.9308,0,0
0.78200294566955,174,-1.9304,0,0
0.78200295870351,175,-1.93,0,0
0.78200297181217,176,-1.9296,0,0
0.78200298499551,177,-1.9292,0,0
0.78200299825355,178,-1.9288,0,0
0.78200301158628,179,-1.9284,0,0
0.78200302499371,180,-1.928,0,0
0.78200303847583,181,-1.9276,0,0
0.78200305203264,182,-1.9272,0,0
0.78200306566414,183,-1.9268,0,0
0.78200307937034,184,-1.9264,0,0
0.78200309315122,185,-1.926,0,0
0.78200310700681,186,-1.9256,0,0
0.78200312093708,187,-1.9252,0,0
0.78200313494205,188,-1.9248,0,0
0.78200314902171,189,-1.9244,0,0
0.78200316317606,190,-1.924,0,0
0.7820031774051,191,-1.9236,0,0
0.78200319170884,192,-1.9232,0,0
0.78200320608727,193,-1.9228,0,0
0.7820032205404,194,-1.9224,0,0
0.78200323506821,195,-1.922,0,0
0.78200324967072,196,-1.9216,0,0
0.78200326434792,197,-1.9212,0,0
0.78200327909982,198,-1.9208,0,0
0.78200329392641,199,-1.9204,0,0
0.78200330882769,200,-1.92,0,0
0.78200332380366,201,-1.9196,0,0
0.78200333885432,202,-1.9192,0,0
0.78200335397968,203,-1.9188,0,0
0.78200336917973,204,-1.9184,0,0
0.78200338445447,205,-1.918,0,0
0.78200339980391,206,-1.9176,0,0
0.78200341522804,207,-1.9172,0,0
0.78200343072686,208,-1.9168,0,0
0.78200344630037,209,-1.9164,0,0
0.78200346194858,210,-1.916,0,0
0.78200347767148,211,-1.9156,0,0
0.78200349346907,212,-1.9152,0,0
0.78200350934136,213,-1.9148,0,0
0.78200352528833,214,-1.9144,0,0
0.78200354131,215,-1.914,0,0
0.78200355740636,216,-1.9136,0,0
0.78200357357742,217,-1.9132,0,0
0.78200358982317,218,-1.9128,0,0
0.7820036061436,219,-1.9124,0,0
0.78200362253874,220,-1.912,0,0
0.78200363900856,221,-1.9116,0,0
0.78200365555308,222,-1.9112,0,0
0.78200367217229,223,-1.9108,0,0
0.78200368886619,224,-1.9104,0,0
0.78200370563479,225,-1.91,0,0
0.78200372247807,226,-1.9096,0,0
0.78200373939605,227,-1.9092,0,0
0.78200375638873,228,-1.9088,0,0
0.78200377345609,229,-1.9084,0,0
0.78200379059815,230,-1.908,0,0
0.7820038078149,231,-1.9076,0,0
0.78200382510634,232,-1.9072,0,0
0.78200384247248,233,-1.9068,0,0
0.7820038599133,234,-1.9064,0,0
0.78200387742882,235,-1.906,0,0
0.78200389501904,236,-1.9056,0,0
0.78200391268394,237,-1.9052,0,0
0.78200393042354,238,-1.9048,0,0
0.78200394823783,239,-1.9044,0,0
0.78200396612681,240,-1.904,0,0
0.78200398409048,241,-1.9036,0,0
0.78200400212885,242,-1.9032,0,0
0.78200402024191,243,-1.9028,0,0
0.78200403842966,244,-1.9024,0,0
0.78200405669211,245,-1.902,0,0
0.78200407502924,246,-1.9016,0,0
0.78200409344107,247,-1.9012,0,0
0.78200411192759,248,-1.9008,0,0
0.7820041304888,249,-1.9004,0,0
0.78200414912471,250,-1.9,0,0
0.78200416783531,251,-1.8996,0,0
0.7820041866206,252,-1.8992,0,0
0.78200420548058,253,-1.8988,0,0
0.78200422441526,254,-1.8984,0,0
0.78200424342462,255,-1.898,0,0
0.78200426250868,256,-1.8976,0,0
0.78200428166743,257,-1.8972,0,0
0.78200430090088,258,-1.8968,0,0
0.78200432020901,259,-1.8964,0,0
0.78200433959184,260,-1.896,0,0
0.78200435904936,261,-1.8956,0,0
0.78200437858158,262,-1.8952,0,0
0.78200439818848,263,-1.8948,0,0
0.78200441787008,264,-1.8944,0,0
0.78200443762637,265,-1.894,0,0
0.78200445745735,266,-1.8936,0,0
0.78200447736302,267,-1.8932,0,0
0.78200449734339,268,-1.8928,0,0
0.78200451739845,269,-1.8924,0,0
0.7820045375282,270,-1.892,0,0
0.78200455773264,271,-1.8916,0,0
0.78200457801177,272,-1.8912,0,0
0.7820045983656,273,-1.8908,0,0
0.78200461879412,274,-1.8904,0,0
0.78200463929733,275,-1.89,0,0
0.78200465987523,276,-1.8896,0,0
0.78200468052783,277,-1.8892,0,0
0.78200470125512,278,-1.8888,0,0
0.7820047220571,279,-1.8884,0,0
0.78200474293377,280,-1.888,0,0
0.78200476388513,281,-1.8876,0,0
0.78200478491119,282,-1.8872,0,0
0.78200480601193,283,-1.8868,0,0
0.78200482718737,284,-1.8864,0,0
0.78200484843751,285,-1.886,0,0
0.78200486976233,286,-1.8856,0,0
0.78200489116184,287,-1.8852,0,0
0.78200491263605,288,-1.8848,0,0
0.78200493418495,289,-1.8844,0,0
0.78200495580854,290,-1.884,0,0
0.78200497750683,291,-1.8836,0,0
0.7820049992798,292,-1.8832,0,0
0.78200502112747,293,-1.8828,0,0
0.78200504304983,294,-1.8824,0,0
0.78200506504688,295,-1.882,0,0
0.78200508711862,296,-1.8816,0,0
0.78200510926506,297,-1.8812,0,0
0.78200513148619,298,-1.8808,0,0
0.782005153782,299,-1.8804,0,0
0.78200517615252,300,-1.88,0,0
0.78200519859772,301,-1.8796,0,0
0.78200522111761,302,-1.8792,0,0
0.7820052437122,303,-1.8788,0,0
0.78200526638148,304,-1.8784,0,0
0.78200528912545,305,-1.878,0,0
0.78200531194411,306,-1.8776,0,0
0.78200533483746,307,-1.8772,0,0
0.78200535780551,308,-1.8768,0,0
0.78200538084825,309,-1.8764,0,0
0.78200540396567,310,-1.876,0,0
0.7820054271578,311,-1.8756,0,0
0.78200545042461,312,-1.8752,0,0
0.78200547376611,313,-1.8748,0,0
0.78200549718231,314,-1.8744,0,0
0.7820055206732,315,-1.874,0,0
0.78200554423878,316,-1.8736,0,0
0.78200556787905,317,-1.8732,0,0
0.78200559159401,318,-1.8728,0,0
0.78200561538366,319,-1.8724,0,0
0.78200563924801,320,-1.872,0,0
0.78200566318705,321,-1.8716,0,0
0.78200568720078,322,-1.8712,0,0
0.7820057112892,323,-1.8708,0,0
0.78200573545231,324,-1.8704,0,0
0.78200575969012,325,-1.87,0,0
0.78200578400261,326,-1.8696,0,0
0.7820058083898,327,-1.8692,0,0
0.78200583285168,328,-1.8688,0,0
0.78200585738825,329,-1.8684,0,0
0.78200588199951,330,-1.868,0,0
0.78200590668547,331,-1.8676,0,0
0.78200593144611,332,-1.8672,0,0
0.78200595628145,333,-1.8668,0,0
0.78200598119148,334,-1.8664,0,0
0.7820060061762,335,-1.866,0,0
0.78200603123561,336,-1.8656,0,0
0.78200605636971,337,-1.8652,0,0
0.78200608157851,338,-1.8648,0,0
0.78200610686199,339,-1.8644,0,0
0.78200613222017,340,-1.864,0,0
0.78200615765304,341,-1.8636,0,0
0.7820061831606,342,-1.8632,0,0
0.78200620874285,343,-1.8628,0,0
0.78200623439979,344,-1.8624,0,0
0.78200626013143,345,-1.862,0,0
0.78200628593775,346,-1.8616,0,0
0.78200631181877,347,-1.8612,0,0
0.78200633777448,348,-1.8608,0,0
0.78200636380488,349,-1.8604,0,0
0.78200638990997,350,-1.86,0,0
0.78200641608975,351,-1.8596,0,0
0.78200644234423,352,-1.8592,0,0
0.78200646867339,353,-1.8588,0,0
0.78200649507725,354,-1.8584,0,0
0.7820065215558,355,-1.858,0,0
0.78200654810904,356,-1.8576,0,0
0.78200657473697,357,-1.8572,0,0
0.78200660143959,358,-1.8568,0,0
0.7820066282169,359,-1.8564,0,0
0.7820066550689,360,-1.856,0,0
0.7820066819956,361,-1.8556,0,0
0.78200670899699,362,-1.8552,0,0
0.78200673607306,363,-1.8548,0,0
0.78200676322383,364,-1.8544,0,0
0.78200679044929,365,-1.854,0,0
0.78200681774944,366,-1.8536,0,0
0.78200684512429,367,-1.8532,0,0
0.78200687257382,368,-1.8528,0,0
0.78200690009804,369,-1.8524,0,0
0.78200692769696,370,-1.852,0,0
0.78200695537057,371,-1.8516,0,0
0.78200698311886,372,-1.8512,0,0
0.78200701094185,373,-1.8508,0,0
0.78200703883953,374,-1.8504,0,0
0.7820070668119,375,-1.85,0,0
0.78200709485897,376,-1.8496,0,0
0.78200712298072,377,-1.8492,0,0
0.78200715117716,378,-1.8488,0,0
0.7820071794483,379,-1.8484,0,0
0.78200720779412,380,-1.848,0,0
0.78200723621464,381,-1.8476,0,0
0.78200726470985,382,-1.8472,0,0
0.78200729327975,383,-1.8468,0,0
0.78200732192434,384,-1.8464,0,0
0.78200735064362,385,-1.846,0,0
0.78200737943759,386,-1.8456,0,0
0.78200740830625,387,-1.8452,0,0
0.78200743724961,388,-1.8448,0,0
0.78200746626765,389,-1.8444,0,0
0.78200749536039,390,-1.844,0,0
0.78200752452781,391,-1.8436,0,0
0.78200755376993,392,-1.8432,0,0
0.78200758308674,393,-1.8428,0,0
0.78200761247823,394,-1.8424,0,0
0.78200764194442,395,-1.842,0,0
0.7820076714853,396,-1.8416,0,0
0.78200770110087,397,-1.8412,0,0
0.78200773079114,398,-1.8408,0,0
0.78200776055609,399,-1.8404,0,0
0.78200779039573,400,-1.84,0,0
0.78200782031007,401,-1.8396,0,0
0.78200785029909,402,-1.8392,0,0
0.7820078803628,403,-1.8388,0,0
0.78200791050121,404,-1.8384,0,0
0.78200794071431,405,-1.838,0,0
0.78200797100209,406,-1.8376,0,0
0.78200800136457,407,-1.8372,0,0
0.78200803180174,408,-1.8368,0,0
0.7820080623136,409,-1.8364,0,0
0.78200809290015,410,-1.836,0,0
0.78200812356139,411,-1.8356,0,0
0.78200815429732,412,-1.8352,0,0
0.78200818510794,413,-1.8348,0,0
0.78200821599325,414,-1.8344,0,0
0.78200824695325,415,-1.834,0,0
0.78200827798795,416,-1.8336,0,0
0.78200830909733,417,-1.8332,0,0
0.7820083402814,418,-1.8328,0,0
0.78200837154017,419,-1.8324,0,0
0.78200840287362,420,-1.832,0,0
0.78200843428177,421,-1.8316,0,0
0.7820084657646,422,-1.8312,0,0
0.78200849732213,423,-1.8308,0,0
0.78200852895435,424,-1.8304,0,0
0.78200856066125,425,-1.83,0,0
0.78200859244285,426,-1.8296,0,0
0.78200862429914,427,-1.8292,0,0
0.78200865623011,428,-1.8288,0,0
0.78200868823578,429,-1.8284,0,0
0.78200872031614,430,-1.828,0,0
0.78200875247119,431,-1.8276,0,0
0.78200878470093,432,-1.8272,0,0
0.78200881700536,433,-1.8268,0,0
0.78200884938448,434,-1.8264,0,0
0.78200888183829,435,-1.826,0,0
0.78200891436679,436,-1.8256,0,0
0.78200894696998,437,-1.8252,0,0
0.78200897964786,438,-1.8248,0,0
0.78200901240043,439,-1.8244,0,0
0.78200904522769,440,-1.824,0,0
0.78200907812964,441,-1.8236,0,0
0.78200911110628,442,-1.8232,0,0
0.78200914415761,443,-1.8228,0,0
0.78200917728363,444,-1.8224,0,0
0.78200921048435,445,-1.822,0,0
0.78200924375975,446,-1.8216,0,0
0.78200927710984,447,-1.8212,0,0
0.78200931053462,448,-1.8208,0,0
0.78200934403409,449,-1.8204,0,0
0.78200937760825,450,-1.82,0,0
0.78200941125711,451,-1.8196,0,0
0.78200944498065,452,-1.8192,0,0
0.78200947877888,453,-1.8188,0,0
0.7820095126518,454,-1.8184,0,0
0.78200954659941,455,-1.818,0,0
0.78200958062171,456,-1.8176,0,0
0.78200961471871,457,-1.8172,0,0
0.78200964889039,458,-1.8168,0,0
0.78200968313676,459,-1.8164,0,0
0.78200971745782,460,-1.816,0,0
0.78200975185357,461,-1.8156,0,0
0.78200978632401,462,-1.8152,0,0
0.78200982086914,463,-1.8148,0,0
0.78200985548896,464,-1.8144,0,0
0.78200989018347,465,-1.814,0,0
0.78200992495267,466,-1.8136,0,0
0.78200995979656,467,-1.8132,0,0
0.78200999471514,468,-1.8128,0,0
0.78201002970841,469,-1.8124,0,0
0.78201006477637,470,-1.812,0,0
0.78201009991902,471,-1.8116,0,0
0.78201013513636,472,-1.8112,0,0
0.78201017042839,473,-1.8108,0,0
0.7820102057951,474,-1.8104,0,0
0.78201024123651,475,-1.81,0,0
0.78201027675261,476,-1.8096,0,0
0.7820103123434,477,-1.8092,0,0
0.78201034800887,478,-1.8088,0,0
0.78201038374904,479,-1.8084,0,0
0.78201041956389,480,-1.808,0,0
0.78201045545344,481,-1.8076,0,0
0.78201049141767,482,-1.8072,0,0
0.7820105274566,483,-1.8068,0,0
0.78201056357021,484,-1.8064,0,0
0.78201059975851,485,-1.806,0,0
0.78201063602151,486,-1.8056,0,0
0.78201067235919,487,-1.8052,0,0
0.78201070877156,488,-1.8048,0,0
0.78201074525862,489,-1.8044,0,0
0.78201078182037,490,-1.804,0,0
0.78201081845681,491,-1.8036,0,0
0.78201085516794,492,-1.8032,0,0
0.78201089195376,493,-1.8028,0,0
0.78201092881426,494,-1.8024,0,0
0.78201096574946,495,-1.802,0,0
0.78201100275935,496,-1.8016,0,0
0.78201103984392,497,-1.8012,0,0
0.78201107700319,498,-1.8008,0,0
0.78201111423714,499,-1.8004,0,0
0.78201115154579,500,-1.8,0,0
0.78201118892912,501,-1.7996,0,0
0.78201122638714,502,-1.7992,0,0
0.78201126391985,503,-1.7988,0,0
0.78201130152725,504,-1.7984,0,0
0.78201133920934,505,-1.798,0,0
0.78201137696612,506,-1.7976,0,0
0.78201141479759,507,-1.7972,0,0
0.78201145270374,508,-1.7968,0,0
0.78201149068459,509,-1.7964,0,0
0.78201152874012,510,-1.796,0,0
0.78201156687035,511,-1.7956,0,0
0.78201160507526,512,-1.7952,0,0
0.78201164335486,513,-1.7948,0,0
0.78201168170915,514,-1.7944,0,0
0.78201172013813,515,-1.794,0,0
0.7820117586418,516,-1.7936,0,0
0.78201179722016,517,-1.7932,0,0
0.78201183587321,518,-1.7928,0,0
0.78201187460094,519,-1.7924,0,0
0.78201191340337,520,-1.792,0,0
0.78201195228048,521,-1.7916,0,0
0.78201199123229,522,-1.7912,0,0
0.78201203025878,523,-1.7908,0,0
0.78201206935996,524,-1.7904,0,0
0.78201210853583,525,-1.79,0,0
0.78201214778638,526,-1.7896,0,0
0.78201218711163,527,-1.7892,0,0
0.78201222651157,528,-1.7888,0,0
0.78201226598619,529,-1.7884,0,0
0.7820123055355,530,-1.788,0,0
0.7820123451595,531,-1.7876,0,0
0.78201238485819,532,-1.7872,0,0
0.78201242463157,533,-1.7868,0,0
0.78201246447964,534,-1.7864,0,0
0.7820125044024,535,-1.786,0,0
0.78201254439984,536,-1.7856,0,0
0.78201258447198,537,-1.7852,0,0
0.7820126246188,538,-1.7848,0,0
0.78201266484031,539,-1.7844,0,0
0.78201270513651,540,-1.784,0,0
0.7820127455074,541,-1.7836,0,0
0.78201278595297,542,-1.7832,0,0
0.78201282647324,543,-1.7828,0,0
0.78201286706819,544,-1.7824,0,0
0.78201290773783,545,-1.782,0,0
0.78201294848216,546,-1.7816,0,0
0.78201298930118,547,-1.7812,0,0
0.78201303019489,548,-1.7808,0,0
0.78201307116328,549,-1.7804,0,0
0.78201311220637,550,-1.78,0,0
0.78201315332414,551,-1.7796,0,0
0.7820131945166,552,-1.7792,0,0
0.78201323578375,553,-1.7788,0,0
0.78201327712559,554,-1.7784,0,0
0.78201331854211,555,-1.778,0,0
0.78201336003333,556,-1.7776,0,0
0.78201340159923,557,-1.7772,0,0
0.78201344323982,558,-1.7768,0,0
0.7820134849551,559,-1.7764,0,0
0.78201352674506,560,-1.776,0,0
0.78201356860972,561,-1.7756,0,0
0.78201361054906,562,-1.7752,0,0
0.78201365256309,563,-1.7748,0,0
0.78201369465181,564,-1.7744,0,0
0.78201373681522,565,-1.774,0,0
0.78201377905331,566,-1.7736,0,0
0.7820138213661,567,-1.7732,0,0
0.78201386375357,568,-1.7728,0,0
0.78201390621573,569,-1.7724,0,0
0.78201394875258,570,-1.772,0,0
0.78201399136411,571,-1.7716,0,0
0.78201403405034,572,-1.7712,0,0
0.78201407681125,573,-1.7708,0,0
0.78201411964685,574,-1.7704,0,0
0.78201416255713,575,-1.77,0,0
0.78201420554211,576,-1.7696,0,0
0.78201424860177,577,-1.7692,0,0
0.78201429173612,578,-1.7688,0,0
0.78201433494516,579,-1.7684,0,0
0.78201437822889,580,-1.768,0,0
0.7820144215873,581,-1.7676,0,0
0.7820144650204,582,-1.7672,0,0
0.78201450852819,583,-1.7668,0,0
0.78201455211067,584,-1.7664,0,0
0.78201459576784,585,-1.766,0,0
0.78201463949969,586,-1.7656,0,0
0.78201468330623,587,-1.7652,0,0
0.78201472718746,588,-1.7648,0,0
0.78201477114338,589,-1.7644,0,0
0.78201481517398,590,-1.764,0,0
0.78201485927927,591,-1.7636,0,0
0.78201490345925,592,-1.7632,0,0
0.78201494771392,593,-1.7628,0,0
0.78201499204327,594,-1.7624,0,0
0.78201503644731,595,-1.762,0,0
0.78201508092604,596,-1.7616,0,0
0.78201512547946,597,-1.7612,0,0
0.78201517010756,598,-1.7608,0,0
0.78201521481035,599,-1.7604,0,0
0.78201525958783,600,-1.76,0,0
0.78201530444,601,-1.7596,0,0
0.78201534936685,602,-1.7592,0,0
0.7820153943684,603,-1.7588,0,0
0.78201543944462,604,-1.7584,0,0
0.78201548459554,605,-1.758,0,0
0.78201552982114,606,-1.7576,0,0
0.78201557512143,607,-1.7572,0,0
0.78201562049641,608,-1.7568,0,0
0.78201566594608,609,-1.7564,0,0
0.78201571147043,610,-1.756,0,0
0.78201575706947,611,-1.7556,0,0
0.78201580274319,612,-1.7552,0,0
0.78201584849161,613,-1.7548,0,0
0.78201589431471,614,-1.7544,0,0
0.7820159402125,615,-1.754,0,0
0.78201598618497,616,-1.7536,0,0
0.78201603223214,617,-1.7532,0,0
0.78201607835398,618,-1.7528,0,0
0.78201612455052,619,-1.7524,0,0
0.78201617082174,620,-1.752,0,0
0.78201621716765,621,-1.7516,0,0
0.78201626358825,622,-1.7512,0,0
0.78201631008354,623,-1.7508,0,0
0.78201635665351,624,-1.7504,0,0
0.78201640329817,625,-1.75,0,0
0.78201645001751,626,-1.7496,0,0
0.78201649681154,627,-1.7492,0,0
0.78201654368026,628,-1.7488,0,0
0.78201659062367,629,-1.7484,0,0
0.78201663764176,630,-1.748,0,0
0.78201668473454,631,-1.7476,0,0
0.78201673190201,632,-1.7472,0,0
0.78201677914416,633,-1.7468,0,0
0.782016826461,634,-1.7464,0,0
0.78201687385253,635,-1.746,0,0
0.78201692131874,636,-1.7456,0,0
0.78201696885964,637,-1.7452,0,0
0.78201701647523,638,-1.7448,0,0
0.7820170641655,639,-1.7444,0,0
0.78201711193046,640,-1.744,0,0
0.7820171597701,641,-1.7436,0,0
0.78201720768444,642,-1.7432,0,0
0.78201725567346,643,-1.7428,0,0
0.78201730373716,644,-1.7424,0,0
0.78201735187556,645,-1.742,0,0
0.78201740008863,646,-1.7416,0,0
0.7820174483764,647,-1.7412,0,0
0.78201749673885,648,-1.7408,0,0
0.78201754517599,649,-1.7404,0,0
0.78201759368781,650,-1.74,0,0
0.78201764227433,651,-1.7396,0,0
0.78201769093552,652,-1.7392,0,0
0.78201773967141,653,-1.7388,0,0
0.78201778848198,654,-1.7384,0,0
0.78201783736723,655,-1.738,0,0
0.78201788632718,656,-1.7376,0,0
0.78201793536181,657,-1.7372,0,0
0.78201798447112,658,-1.7368,0,0
0.78201803365512,659,-1.7364,0,0
0.78201808291381,660,-1.736,0,0
0.78201813224718,661,-1.7356,0,0
0.78201818165524,662,-1.7352,0,0
0.78201823113799,663,-1.7348,0,0
0.78201828069542,664,-1.7344,0,0
0.78201833032754,665,-1.734,0,0
0.78201838003434,666,-1.7336,0,0
0.78201842981583,667,-1.7332,0,0
0.78201847967201,668,-1.7328,0,0
0.78201852960287,669,-1.7324,0,0
0.78201857960842,670,-1.732,0,0
0.78201862968866,671,-1.7316,0,0
0.78201867984358,672,-1.7312,0,0
0.78201873007318,673,-1.7308,0,0
0.78201878037747,674,-1.7304,0,0
0.78201883075645,675,-1.73,0,0
0.78201888121011,676,-1.7296,0,0
0.78201893173846,677,-1.7292,0,0
0.7820189823415,678,-1.7288,0,0
0.78201903301922,679,-1.7284,0,0
0.78201908377163,680,-1.728,0,0
0.78201913459872,681,-1.7276,0,0
0.7820191855005,682,-1.7272,0,0
0.78201923647696,683,-1.7268,0,0
0.78201928752811,684,-1.7264,0,0
0.78201933865395,685,-1.726,0,0
0.78201938985447,686,-1.7256,0,0
0.78201944112967,687,-1.7252,0,0
0.78201949247956,688,-1.7248,0,0
0.78201954390414,689,-1.7244,0,0
0.78201959540341,690,-1.724,0,0
0.78201964697735,691,-1.7236,0,0
0.78201969862599,692,-1.7232,0,0
0.78201975034931,693,-1.7228,0,0
0.78201980214731,694,-1.7224,0,0
0.78201985402,695,-1.722,0,0
0.78201990596738,696,-1.7216,0,0
0.78201995798944,697,-1.7212,0,0
0.78202001008618,698,-1.7208,0,0
0.78202006225762,699,-1.7204,0,0
0.78202011450373,700,-1.72,0,0
0.78202016682454,701,-1.7196,0,0
0.78202021922002,702,-1.7192,0,0
0.7820202716902,703,-1.7188,0,0
0.78202032423505,704,-1.7184,0,0
0.7820203768546,705,-1.718,0,0
0.78202042954882,706,-1.7176,0,0
0.78202048231774,707,-1.7172,0,0
0.78202053516134,708,-1.7168,0,0
0.78202058807962,709,-1.7164,0,0
0.78202064107259,710,-1.716,0,0
0.78202069414024,711,-1.7156,0,0
0.78202074728258,712,-1.7152,0,0
0.7820208004996,713,-1.7148,0,0
0.78202085379131,714,-1.7144,0,0
0.78202090715771,715,-1.714,0,0
0.78202096059878,716,-1.7136,0,0
0.78202101411455,717,-1.7132,0,0
0.782021067705,718,-1.7128,0,0
0.78202112137013,719,-1.7124,0,0
0.78202117510995,720,-1.712,0,0
0.78202122892445,721,-1.7116,0,0
0.78202128281364,722,-1.7112,0,0
0.78202133677751,723,-1.7108,0,0
0.78202139081607,724,-1.7104,0,0
0.78202144492931,725,-1.71,0,0
0.78202149911723,726,-1.7096,0,0
0.78202155337984,727,-1.7092,0,0
0.78202160771714,728,-1.7088,0,0
0.78202166212912,729,-1.7084,0,0
0.78202171661578,730,-1.708,0,0
0.78202177117713,731,-1.7076,0,0
0.78202182581317,732,-1.7072,0,0
0.78202188052389,733,-1.7068,0,0
0.78202193530929,734,-1.7064,0,0
0.78202199016938,735,-1.706,0,0
0.78202204510415,736,-1.7056,0,0
0.7820221001136,737,-1.7052,0,0
0.78202215519774,738,-1.7048,0,0
0.78202221035657,739,-1.7044,0,0
0.78202226559008,740,-1.704,0,0
0.78202232089827,741,-1.7036,0,0
0.78202237628115,742,-1.7032,0,0
0.78202243173871,743,-1.7028,0,0
0.78202248727096,744,-1.7024,0,0
0.78202254287789,745,-1.702,0,0
0.7820225985595,746,-1.7016,0,0
0.7820226543158,747,-1.7012,0,0
0.78202271014679,748,-1.7008,0,0
0.78202276605245,749,-1.7004,0,0
0.7820228220328,750,-1.7,0,0
0.78202287808784,751,-1.6996,0,0
0.78202293421756,752,-1.6992,0,0
0.78202299042196,753,-1.6988,0,0
0.78202304670105,754,-1.6984,0,0
0.78202310305482,755,-1.698,0,0
0.78202315948328,756,-1.6976,0,0
0.78202321598642,757,-1.6972,0,0
0.78202327256424,758,-1.6968,0,0
0.78202332921675,759,-1.6964,0,0
0.78202338594394,760,-1.696,0,0
0.78202344274581,761,-1.6956,0,0
0.78202349962237,762,-1.6952,0,0
0.78202355657361,763,-1.6948,0,0
0.78202361359954,764,-1.6944,0,0
0.78202367070015,765,-1.694,0,0
0.78202372787544,766,-1.6936,0,0
0.78202378512542,767,-1.6932,0,0
0.78202384245008,768,-1.6928,0,0
0.78202389984943,769,-1.6924,0,0
0.78202395732345,770,-1.692,0,0
0.78202401487217,771,-1.6916,0,0
0.78202407249556,772,-1.6912,0,0
0.78202413019364,773,-1.6908,0,0
0.7820241879664,774,-1.6904,0,0
0.78202424581385,775,-1.69,0,0
0.78202430373598,776,-1.6896,0,0
0.78202436173279,777,-1.6892,0,0
0.78202441980428,778,-1.6888,0,0
0.78202447795046,779,-1.6884,0,0
0.78202453617133,780,-1.688,0,0
0.78202459446687,781,-1.6876,0,0
0.7820246528371,782,-1.6872,0,0
0.78202471128201,783,-1.6868,0,0
0.78202476980161,784,-1.6864,0,0
0.78202482839589,785,-1.686,0,0
0.78202488706485,786,-1.6856,0,0
0.7820249458085,787,-1.6852,0,0
0.78202500462682,788,-1.6848,0,0
0.78202506351984,789,-1.6844,0,0
0.78202512248753,790,-1.684,0,0
0.78202518152991,791,-1.6836,0,0
0.78202524064697,792,-1.6832,0,0
0.78202529983871,793,-1.6828,0,0
0.78202535910514,794,-1.6824,0,0
0.78202541844625,795,-1.682,0,0
0.78202547786204,796,-1.6816,0,0
0.78202553735252,797,-1.6812,0,0
0.78202559691768,798,-1.6808,0,0
0.78202565655752,799,-1.6804,0,0
0.78202571627204,800,-1.68,0,0
0.78202577606125,801,-1.6796,0,0
0.78202583592514,802,-1.6792,0,0
0.78202589586371,803,-1.6788,0,0
0.78202595587696,804,-1.6784,0,0
0.7820260159649,805,-1.678,0,0
0.78202607612752,806,-1.6776,0,0
0.78202613636483,807,-1.6772,0,0
0.78202619667681,808,-1.6768,0,0
0.78202625706348,809,-1.6764,0,0
0.78202631752483,810,-1.676,0,0
0.78202637806086,811,-1.6756,0,0
0.78202643867158,812,-1.6752,0,0
0.78202649935698,813,-1.6748,0,0
0.78202656011706,814,-1.6744,0,0
0.78202662095182,815,-1.674,0,0
0.78202668186127,816,-1.6736,0,0
0.7820267428454,817,-1.6732,0,0
0.78202680390421,818,-1.6728,0,0
0.7820268650377,819,-1.6724,0,0
0.78202692624587,820,-1.672,0,0
0.78202698752873,821,-1.6716,0,0
0.78202704888627,822,-1.6712,0,0
0.78202711031849,823,-1.6708,0,0
0.78202717182539,824,-1.6704,0,0
0.78202723340698,825,-1.67,0,0
0.78202729506325,826,-1.6696,0,0
0.7820273567942,827,-1.6692,0,0
0.78202741859983,828,-1.6688,0,0
0.78202748048014,829,-1.6684,0,0
0.78202754243514,830,-1.668,0,0
0.78202760446482,831,-1.6676,0,0
0.78202766656918,832,-1.6672,0,0
0.78202772874822,833,-1.6668,0,0
0.78202779100195,834,-1.6664,0,0
0.78202785333035,835,-1.666,0,0
0.78202791573344,836,-1.6656,0,0
0.78202797821121,837,-1.6652,0,0
0.78202804076366,838,-1.6648,0,0
0.78202810339079,839,-1.6644,0,0
0.78202816609261,840,-1.664,0,0
0.7820282288691,841,-1.6636,0,0
0.78202829172028,842,-1.6632,0,0
0.78202835464614,843,-1.6628,0,0
0.78202841764668,844,-1.6624,0,0
0.78202848072191,845,-1.662,0,0
0.78202854387181,846,-1.6616,0,0
0.7820286070964,847,-1.6612,0,0
0.78202867039567,848,-1.6608,0,0
0.78202873376962,849,-1.6604,0,0
0.78202879721825,850,-1.66,0,0
0.78202886074156,851,-1.6596,0,0
0.78202892433955,852,-1.6592,0,0
0.78202898801223,853,-1.6588,0,0
0.78202905175958,854,-1.6584,0,0
0.78202911558162,855,-1.658,0,0
0.78202917947834,856,-1.6576,0,0
0.78202924344974,857,-1.6572,0,0
0.78202930749582,858,-1.6568,0,0
0.78202937161658,859,-1.6564,0,0
0.78202943581203,860,-1.656,0,0
0.78202950008215,861,-1.6556,0,0
0.78202956442696,862,-1.6552,0,0
0.78202962884645,863,-1.6548,0,0
0.78202969334061,864,-1.6544,0,0
0.78202975790946,865,-1.654,0,0
0.78202982255299,866,-1.6536,0,0
0.78202988727121,867,-1.6532,0,0
0.7820299520641,868,-1.6528,0,0
0.78203001693167,869,-1.6524,0,0
0.78203008187393,870,-1.652,0,0
0.78203014689086,871,-1.6516,0,0
0.78203021198248,872,-1.6512,0,0
0.78203027714877,873,-1.6508,0,0
0.78203034238975,874,-1.6504,0,0
0.78203040770541,875,-1.65,0,0
0.78203047309575,876,-1.6496,0,0
0.78203053856077,877,-1.6492,0,0
0.78203060410047,878,-1.6488,0,0
0.78203066971485,879,-1.6484,0,0
0.78203073540391,880,-1.648,0,0
0.78203080116765,881,-1.6476,0,0
0.78203086700607,882,-1.6472,0,0
0.78203093291918,883,-1.6468,0,0
0.78203099890696,884,-1.6464,0,0
0.78203106496942,885,-1.646,0,0
0.78203113110657,886,-1.6456,0,0
0.78203119731839,887,-1.6452,0,0
0.7820312636049,888,-1.6448,0,0
0.78203132996608,889,-1.6444,0,0
0.78203139640195,890,-1.644,0,0
0.7820314629125,891,-1.6436,0,0
0.78203152949772,892,-1.6432,0,0
0.78203159615763,893,-1.6428,0,0
0.78203166289222,894,-1.6424,0,0
0.78203172970148,895,-1.642,0,0
0.78203179658543,896,-1.6416,0,0
0.78203186354406,897,-1.6412,0,0
0.78203193057737,898,-1.6408,0,0
0.78203199768535,899,-1.6404,0,0
0.78203206486802,900,-1.64,0,0
0.78203213212537,901,-1.6396,0,0
0.78203219945739,902,-1.6392,0,0
0.7820322668641,903,-1.6388,0,0
0.78203233434549,904,-1.6384,0,0
0.78203240190156,905,-1.638,0,0
0.7820324695323,906,-1.6376,0,0
0.78203253723773,907,-1.6372,0,0
0.78203260501784,908,-1.6368,0,0
0.78203267287262,909,-1.6364,0,0
0.78203274080209,910,-1.636,0,0
0.78203280880623,911,-1.6356,0,0
0.78203287688506,912,-1.6352,0,0
0.78203294503857,913,-1.6348,0,0
0.78203301326675,914,-1.6344,0,0
0.78203308156961,915,-1.634,0,0
0.78203314994716,916,-1.6336,0,0
0.78203321839938,917,-1.6332,0,0
0.78203328692628,918,-1.6328,0,0
0.78203335552787,919,-1.6324,0,0
0.78203342420413,920,-1.632,0,0
0.78203349295507,921,-1.6316,0,0
0.78203356178069,922,-1.6312,0,0
0.78203363068099,923,-1.6308,0,0
0.78203369965597,924,-1.6304,0,0
0.78203376870563,925,-1.63,0,0
0.78203383782996,926,-1.6296,0,0
0.78203390702898,927,-1.6292,0,0
0.78203397630268,928,-1.6288,0,0
0.78203404565105,929,-1.6284,0,0
0.7820341150741,930,-1.628,0,0
0.78203418457184,931,-1.6276,0,0
0.78203425414425,932,-1.6272,0,0
0.78203432379134,933,-1.6268,0,0
0.78203439351311,934,-1.6264,0,0
0.78203446330956,935,-1.626,0,0
0.78203453318069,936,-1.6256,0,0
0.7820346031265,937,-1.6252,0,0
0.78203467314698,938,-1.6248,0,0
0.78203474324215,939,-1.6244,0,0
0.78203481341199,940,-1.624,0,0
0.78203488365651,941,-1.6236,0,0
0.78203495397571,942,-1.6232,0,0
0.78203502436959,943,-1.6228,0,0
0.78203509483815,944,-1.6224,0,0
0.78203516538139,945,-1.622,0,0
0.7820352359993,946,-1.6216,0,0
0.7820353066919,947,-1.6212,0,0
0.78203537745917,948,-1.6208,0,0
0.78203544830112,949,-1.6204,0,0
0.78203551921775,950,-1.62,0,0
0.78203559020906,951,-1.6196,0,0
0.78203566127505,952,-1.6192,0,0
0.78203573241571,953,-1.6188,0,0
0.78203580363106,954,-1.6184,0,0
0.78203587492108,955,-1.618,0,0
0.78203594628578,956,-1.6176,0,0
0.78203601772516,957,-1.6172,0,0
0.78203608923922,958,-1.6168,0,0
0.78203616082795,959,-1.6164,0,0
0.78203623249136,960,-1.616,0,0
0.78203630422945,961,-1.6156,0,0
0.78203637604222,962,-1.6152,0,0
0.78203644792967,963,-1.6148,0,0
0.7820365198918,964,-1.6144,0,0
0.7820365919286,965,-1.614,0,0
0.78203666404008,966,-1.6136,0,0
0.78203673622624,967,-1.6132,0,0
0.78203680848708,968,-1.6128,0,0
0.7820368808226,969,-1.6124,0,0
0.78203695323279,970,-1.612,0,0
0.78203702571766,971,-1.6116,0,0
0.78203709827721,972,-1.6112,0,0
0.78203717091144,973,-1.6108,0,0
0.78203724362034,974,-1.6104,0,0
0.78203731640392,975,-1.61,0,0
0.78203738926218,976,-1.6096,0,0
0.78203746219512,977,-1.6092,0,0
0.78203753520273,978,-1.6088,0,0
0.78203760828503,979,-1.6084,0,0
0.782037681442,980,-1.608,0,0
0.78203775467364,981,-1.6076,0,0
0.78203782797997,982,-1.6072,0,0
0.78203790136097,983,-1.6068,0,0
0.78203797481665,984,-1.6064,0,0
0.78203804834701,985,-1.606,0,0
0.78203812195204,986,-1.6056,0,0
0.78203819563176,987,-1.6052,0,0
0.78203826938615,988,-1.6048,0,0
0.78203834321521,989,-1.6044,0,0
0.78203841711896,990,-1.604,0,0
0.78203849109738,991,-1.6036,0,0
0.78203856515048,992,-1.6032,0,0
0.78203863927825,993,-1.6028,0,0
0.7820387134807,994,-1.6024,0,0
0.78203878775783,995,-1.602,0,0
0.78203886210964,996,-1.6016,0,0
0.78203893653612,997,-1.6012,0,0
0.78203901103728,998,-1.6008,0,0
0.78203908561312,999,-1.6004,0,0
0.78203916026363,1000,-1.6,0,0
0.78203923498882,1001,-1.5996,0,0
0.78203930978869,1002,-1.5992,0,0
0.78203938466324,1003,-1.5988,0,0
0.78203945961246,1004,-1.5984,0,0
0.78203953463636,1005,-1.598,0,0
0.78203960973493,1006,-1.5976,0,0
0.78203968490818,1007,-1.5972,0,0
0.78203976015611,1008,-1.5968,0,0
0.78203983547872,1009,-1.5964,0,0
0.782039910876,1010,-1.596,0,0
0.78203998634796,1011,-1.5956,0,0
0.78204006189459,1012,-1.5952,0,0
0.7820401375159,1013,-1.5948,0,0
0.78204021321189,1014,-1.5944,0,0
0.78204028898255,1015,-1.594,0,0
0.78204036482789,1016,-1.5936,0,0
0.78204044074791,1017,-1.5932,0,0
0.7820405167426,1018,-1.5928,0,0
0.78204059281197,1019,-1.5924,0,0
0.78204066895601,1020,-1.592,0,0
0.78204074517473,1021,-1.5916,0,0
0.78204082146813,1022,-1.5912,0,0
0.78204089783621,1023,-1.5908,0,0
0.78204097427896,1024,-1.5904,0,0
0.78204105079638,1025,-1.59,0,0
0.78204112738848,1026,-1.5896,0,0
0.78204120405526,1027,-1.5892,0,0
0.78204128079671,1028,-1.5888,0,0
0.78204135761284,1029,-1.5884,0,0
0.78204143450365,1030,-1.588,0,0
0.78204151146913,1031,-1.5876,0,0
0.78204158850929,1032,-1.5872,0,0
0.78204166562412,1033,-1.5868,0,0
0.78204174281363,1034,-1.5864,0,0
0.78204182007781,1035,-1.586,0,0
0.78204189741667,1036,-1.5856,0,0
0.78204197483021,1037,-1.5852,0,0
0.78204205231842,1038,-1.5848,0,0
0.78204212988131,1039,-1.5844,0,0
0.78204220751887,1040,-1.584,0,0
0.78204228523111,1041,-1.5836,0,0
0.78204236301802,1042,-1.5832,0,0
0.78204244087961,1043,-1.5828,0,0
0.78204251881587,1044,-1.5824,0,0
0.78204259682681,1045,-1.582,0,0
0.78204267491243,1046,-1.5816,0,0
0.78204275307272,1047,-1.5812,0,0
0.78204283130768,1048,-1.5808,0,0
0.78204290961733,1049,-1.5804,0,0
0.78204298800164,1050,-1.58,0,0
0.78204306646063,1051,-1.5796,0,0
0.7820431449943,1052,-1.5792,0,0
0.78204322360264,1053,-1.5788,0,0
0.78204330228566,1054,-1.5784,0,0
0.78204338104335,1055,-1.578,0,0
0.78204345987571,1056,-1.5776,0,0
0.78204353878276,1057,-1.5772,0,0
0.78204361776447,1058,-1.5768,0,0
0.78204369682086,1059,-1.5764,0,0
0.78204377595193,1060,-1.576,0,0
0.78204385515767,1061,-1.5756,0,0
0.78204393443809,1062,-1.5752,0,0
0.78204401379318,1063,-1.5748,0,0
0.78204409322294,1064,-1.5744,0,0
0.78204417272738,1065,-1.574,0,0
0.7820442523065,1066,-1.5736,0,0
0.78204433196029,1067,-1.5732,0,0
0.78204441168875,1068,-1.5728,0,0
0.78204449149189,1069,-1.5724,0,0
0.7820445713697,1070,-1.572,0,0
0.78204465132219,1071,-1.5716,0,0
0.78204473134935,1072,-1.5712,0,0
0.78204481145119,1073,-1.5708,0,0
0.7820448916277,1074,-1.5704,0,0
0.78204497187888,1075,-1.57,0,0
0.78204505220474,1076,-1.5696,0,0
0.78204513260527,1077,-1.5692,0,0
0.78204521308048,1078,-1.5688,0,0
0.78204529363036,1079,-1.5684,0,0
0.78204537425492,1080,-1.568,0,0
0.78204545495415,1081,-1.5676,0,0
0.78204553572805,1082,-1.5672,0,0
0.78204561657663,1083,-1.5668,0,0
0.78204569749988,1084,-1.5664,0,0
0.78204577849781,1085,-1.566,0,0
0.78204585957041,1086,-1.5656,0,0
0.78204594071768,1087,-1.5652,0,0
0.78204602193963,1088,-1.5648,0,0
0.78204610323625,1089,-1.5644,0,0
0.78204618460755,1090,-1.564,0,0
0.78204626605352,1091,-1.5636,0,0
0.78204634757416,1092,-1.5632,0,0
0.78204642916947,1093,-1.5628,0,0
0.78204651083946,1094,-1.5624,0,0
0.78204659258413,1095,-1.562,0,0
0.78204667440347,1096,-1.5616,0,0
0.78204675629748,1097,-1.5612,0,0
0.78204683826616,1098,-1.5608,0,0
0.78204692030952,1099,-1.5604,0,0
0.78204700242755,1100,-1.56,0,0
0.78204708462026,1101,-1.5596,0,0
0.78204716688763,1102,-1.5592,0,0
0.78204724922968,1103,-1.5588,0,0
0.78204733164641,1104,-1.5584,0,0
0.78204741413781,1105,-1.558,0,0
0.78204749670388,1106,-1.5576,0,0
0.78204757934462,1107,-1.5572,0,0
0.78204766206004,1108,-1.5568,0,0
0.78204774485013,1109,-1.5564,0,0
0.78204782771489,1110,-1.556,0,0
0.78204791065433,1111,-1.5556,0,0
0.78204799366844,1112,-1.5552,0,0
0.78204807675722,1113,-1.5548,0,0
0.78204815992068,1114,-1.5544,0,0
0.78204824315881,1115,-1.554,0,0
0.78204832647161,1116,-1.5536,0,0
0.78204840985908,1117,-1.5532,0,0
0.78204849332123,1118,-1.5528,0,0
0.78204857685805,1119,-1.5524,0,0
0.78204866046954,1120,-1.552,0,0
0.78204874415571,1121,-1.5516,0,0
0.78204882791654,1122,-1.5512,0,0
0.78204891175205,1123,-1.5508,0,0
0.78204899566224,1124,-1.5504,0,0
0.78204907964709,1125,-1.55,0,0
0.78204916370662,1126,-1.5496,0,0
0.78204924784082,1127,-1.5492,0,0
0.78204933204969,1128,-1.5488,0,0
0.78204941633324,1129,-1.5484,0,0
0.78204950069145,1130,-1.548,0,0
0.78204958512434,1131,-1.5476,0,0
0.78204966963191,1132,-1.5472,0,0
0.78204975421414,1133,-1.5468,0,0
0.78204983887105,1134,-1.5464,0,0
0.78204992360262,1135,-1.546,0,0
0.78205000840887,1136,-1.5456,0,0
0.7820500932898,1137,-1.5452,0,0
0.78205017824539,1138,-1.5448,0,0
0.78205026327566,1139,-1.5444,0,0
0.7820503483806,1140,-1.544,0,0
0.78205043356021,1141,-1.5436,0,0
0.78205051881449,1142,-1.5432,0,0
0.78205060414344,1143,-1.5428,0,0
0.78205068954707,1144,-1.5424,0,0
0.78205077502537,1145,-1.542,0,0
0.78205086057834,1146,-1.5416,0,0
0.78205094620598,1147,-1.5412,0,0
0.78205103190829,1148,-1.5408,0,0
0.78205111768527,1149,-1.5404,0,0
0.78205120353693,1150,-1.54,0,0
0.78205128946326,1151,-1.5396,0,0
0.78205137546426,1152,-1.5392,0,0
0.78205146153993,1153,-1.5388,0,0
0.78205154769027,1154,-1.5384,0,0
0.78205163391528,1155,-1.538,0,0
0.78205172021497,1156,-1.5376,0,0
0.78205180658932,1157,-1.5372,0,0
0.78205189303835,1158,-1.5368,0,0
0.78205197956205,1159,-1.5364,0,0
0.78205206616042,1160,-1.536,0,0
0.78205215283346,1161,-1.5356,0,0
0.78205223958117,1162,-1.5352,0,0
0.78205232640355,1163,-1.5348,0,0
0.78205241330061,1164,-1.5344,0,0
0.78205250027233,1165,-1.534,0,0
0.78205258731873,1166,-1.5336,0,0
0.7820526744398,1167,-1.5332,0,0
0.78205276163553,1168,-1.5328,0,0
0.78205284890594,1169,-1.5324,0,0
0.78205293625102,1170,-1.532,0,0
0.78205302367077,1171,-1.5316,0,0
0.78205311116519,1172,-1.5312,0,0
0.78205319873429,1173,-1.5308,0,0
0.78205328637805,1174,-1.5304,0,0
0.78205337409648,1175,-1.53,0,0
0.78205346188958,1176,-1.5296,0,0
0.78205354975736,1177,-1.5292,0,0
0.7820536376998,1178,-1.5288,0,0
0.78205372571692,1179,-1.5284,0,0
0.7820538138087,1180,-1.528,0,0
0.78205390197516,1181,-1.5276,0,0
0.78205399021629,1182,-1.5272,0,0
0.78205407853208,1183,-1.5268,0,0
0.78205416692255,1184,-1.5264,0,0
0.78205425538769,1185,-1.526,0,0
0.78205434392749,1186,-1.5256,0,0
0.78205443254197,1187,-1.5252,0,0
0.78205452123112,1188,-1.5248,0,0
0.78205460999494,1189,-1.5244,0,0
0.78205469883342,1190,-1.524,0,0
0.78205478774658,1191,-1.5236,0,0
0.78205487673441,1192,-1.5232,0,0
0.78205496579691,1193,-1.5228,0,0
0.78205505493407,1194,-1.5224,0,0
0.78205514414591,1195,-1.522,0,0
0.78205523343242,1196,-1.5216,0,0
0.78205532279359,1197,-1.5212,0,0
0.78205541222944,1198,-1.5208,0,0
0.78205550173996,1199,-1.5204,0,0
0.78205559132514,1200,-1.52,0,0
0.782055680985,1201,-1.5196,0,0
0.78205577071952,1202,-1.5192,0,0
0.78205586052872,1203,-1.5188,0,0
0.78205595041258,1204,-1.5184,0,0
0.78205604037112,1205,-1.518,0,0
0.78205613040432,1206,-1.5176,0,0
0.78205622051219,1207,-1.5172,0,0
0.78205631069473,1208,-1.5168,0,0
0.78205640095194,1209,-1.5164,0,0
0.78205649128382,1210,-1.516,0,0
0.78205658169037,1211,-1.5156,0,0
0.78205667217159,1212,-1.5152,0,0
0.78205676272748,1213,-1.5148,0,0
0.78205685335803,1214,-1.5144,0,0
0.78205694406326,1215,-1.514,0,0
0.78205703484316,1216,-1.5136,0,0
0.78205712569772,1217,-1.5132,0,0
0.78205721662695,1218,-1.5128,0,0
0.78205730763085,1219,-1.5124,0,0
0.78205739870942,1220,-1.512,0,0
0.78205748986266,1221,-1.5116,0,0
0.78205758109057,1222,-1.5112,0,0
0.78205767239315,1223,-1.5108,0,0
0.78205776377039,1224,-1.5104,0,0
0.78205785522231,1225,-1.51,0,0
0.78205794674889,1226,-1.5096,0,0
0.78205803835014,1227,-1.5092,0,0
0.78205813002606,1228,-1.5088,0,0
0.78205822177665,1229,-1.5084,0,0
0.7820583136019,1230,-1.508,0,0
0.78205840550183,1231,-1.5076,0,0
0.78205849747642,1232,-1.5072,0,0
0.78205858952568,1233,-1.5068,0,0
0.78205868164961,1234,-1.5064,0,0
0.78205877384821,1235,-1.506,0,0
0.78205886612148,1236,-1.5056,0,0
0.78205895846941,1237,-1.5052,0,0
0.78205905089202,1238,-1.5048,0,0
0.78205914338929,1239,-1.5044,0,0
0.78205923596123,1240,-1.504,0,0
0.78205932860783,1241,-1.5036,0,0
0.78205942132911,1242,-1.5032,0,0
0.78205951412505,1243,-1.5028,0,0
0.78205960699566,1244,-1.5024,0,0
0.78205969994094,1245,-1.502,0,0
0.78205979296088,1246,-1.5016,0,0
0.7820598860555,1247,-1.5012,0,0
0.78205997922478,1248,-1.5008,0,0
0.78206007246873,1249,-1.5004,0,0
0.78206016578735,1250,-1.5,0,0
0.78206025918063,1251,-1.4996,0,0
0.78206035264858,1252,-1.4992,0,0
0.7820604461912,1253,-1.4988,0,0
0.78206053980849,1254,-1.4984,0,0
0.78206063350044,1255,-1.498,0,0
0.78206072726706,1256,-1.4976,0,0
0.78206082110835,1257,-1.4972,0,0
0.78206091502431,1258,-1.4968,0,0
0.78206100901493,1259,-1.4964,0,0
0.78206110308022,1260,-1.496,0,0
0.78206119722018,1261,-1.4956,0,0
0.78206129143481,1262,-1.4952,0,0
0.7820613857241,1263,-1.4948,0,0
0.78206148008806,1264,-1.4944,0,0
0.78206157452668,1265,-1.494,0,0
0.78206166903998,1266,-1.4936,0,0
0.78206176362794,1267,-1.4932,0,0
0.78206185829056,1268,-1.4928,0,0
0.78206195302786,1269,-1.4924,0,0
0.78206204783982,1270,-1.492,0,0
0.78206214272645,1271,-1.4916,0,0
0.78206223768774,1272,-1.4912,0,0
0.7820623327237,1273,-1.4908,0,0
0.78206242783433,1274,-1.4904,0,0
0.78206252301962,1275,-1.49,0,0
0.78206261827958,1276,-1.4896,0,0
0.78206271361421,1277,-1.4892,0,0
0.7820628090235,1278,-1.4888,0,0
0.78206290450746,1279,-1.4884,0,0
0.78206300006609,1280,-1.488,0,0
0.78206309569938,1281,-1.4876,0,0
0.78206319140734,1282,-1.4872,0,0
0.78206328718997,1283,-1.4868,0,0
0.78206338304726,1284,-1.4864,0,0
0.78206347897921,1285,-1.486,0,0
0.78206357498584,1286,-1.4856,0,0
0.78206367106713,1287,-1.4852,0,0
0.78206376722308,1288,-1.4848,0,0
0.78206386345371,1289,-1.4844,0,0
0.78206395975899,1290,-1.484,0,0
0.78206405613895,1291,-1.4836,0,0
0.78206415259357,1292,-1.4832,0,0
0.78206424912285,1293,-1.4828,0,0
0.7820643457268,1294,-1.4824,0,0
0.78206444240542,1295,-1.482,0,0
0.7820645391587,1296,-1.4816,0,0
0.78206463598665,1297,-1.4812,0,0
0.78206473288926,1298,-1.4808,0,0
0.78206482986654,1299,-1.4804,0,0
0.78206492691849,1300,-1.48,0,0
0.7820650240451,1301,-1.4796,0,0
0.78206512124637,1302,-1.4792,0,0
0.78206521852231,1303,-1.4788,0,0
0.78206531587292,1304,-1.4784,0,0
0.78206541329819,1305,-1.478,0,0
0.78206551079813,1306,-1.4776,0,0
0.78206560837273,1307,-1.4772,0,0
0.782065706022,1308,-1.4768,0,0
0.78206580374593,1309,-1.4764,0,0
0.78206590154453,1310,-1.476,0,0
0.78206599941779,1311,-1.4756,0,0
0.78206609736572,1312,-1.4752,0,0
0.78206619538831,1313,-1.4748,0,0
0.78206629348557,1314,-1.4744,0,0
0.78206639165749,1315,-1.474,0,0
0.78206648990408,1316,-1.4736,0,0
0.78206658822533,1317,-1.4732,0,0
0.78206668662125,1318,-1.4728,0,0
0.78206678509183,1319,-1.4724,0,0
0.78206688363708,1320,-1.472,0,0
0.78206698225699,1321,-1.4716,0,0
0.78206708095156,1322,-1.4712,0,0
0.7820671797208,1323,-1.4708,0,0
0.78206727856471,1324,-1.4704,0,0
0.78206737748328,1325,-1.47,0,0
0.78206747647651,1326,-1.4696,0,0
0.78206757554441,1327,-1.4692,0,0
0.78206767468697,1328,-1.4688,0,0
0.7820677739042,1329,-1.4684,0,0
0.78206787319609,1330,-1.468,0,0
0.78206797256264,1331,-1.4676,0,0
0.78206807200386,1332,-1.4672,0,0
0.78206817151974,1333,-1.4668,0,0
0.78206827111029,1334,-1.4664,0,0
0.7820683707755,1335,-1.466,0,0
0.78206847051538,1336,-1.4656,0,0
0.78206857032991,1337,-1.4652,0,0
0.78206867021912,1338,-1.4648,0,0
0.78206877018298,1339,-1.4644,0,0
0.78206887022151,1340,-1.464,0,0
0.78206897033471,1341,-1.4636,0,0
0.78206907052257,1342,-1.4632,0,0
0.78206917078509,1343,-1.4628,0,0
0.78206927112227,1344,-1.4624,0,0
0.78206937153412,1345,-1.462,0,0
0.78206947202063,1346,-1.4616,0,0
0.78206957258181,1347,-1.4612,0,0
0.78206967321765,1348,-1.4608,0,0
0.78206977392815,1349,-1.4604,0,0
0.78206987471332,1350,-1.46,0,0
0.78206997557314,1351,-1.4596,0,0
0.78207007650764,1352,-1.4592,0,0
0.78207017751679,1353,-1.4588,0,0
0.78207027860061,1354,-1.4584,0,0
0.78207037975909,1355,-1.458,0,0
0.78207048099224,1356,-1.4576,0,0
0.78207058230004,1357,-1.4572,0,0
0.78207068368252,1358,-1.4568,0,0
0.78207078513965,1359,-1.4564,0,0
0.78207088667145,1360,-1.456,0,0
0.78207098827791,1361,-1.4556,0,0
0.78207108995903,1362,-1.4552,0,0
0.78207119171481,1363,-1.4548,0,0
0.78207129354526,1364,-1.4544,0,0
0.78207139545037,1365,-1.454,0,0
0.78207149743014,1366,-1.4536,0,0
0.78207159948458,1367,-1.4532,0,0
0.78207170161368,1368,-1.4528,0,0
0.78207180381744,1369,-1.4524,0,0
0.78207190609586,1370,-1.452,0,0
0.78207200844895,1371,-1.4516,0,0
0.78207211087669,1372,-1.4512,0,0
0.78207221337911,1373,-1.4508,0,0
0.78207231595618,1374,-1.4504,0,0
0.78207241860791,1375,-1.45,0,0
0.78207252133431,1376,-1.4496,0,0
0.78207262413537,1377,-1.4492,0,0
0.78207272701109,1378,-1.4488,0,0
0.78207282996147,1379,-1.4484,0,0
0.78207293298652,1380,-1.448,0,0
0.78207303608622,1381,-1.4476,0,0
0.78207313926059,1382,-1.4472,0,0
0.78207324250962,1383,-1.4468,0,0
0.78207334583332,1384,-1.4464,0,0
0.78207344923167,1385,-1.446,0,0
0.78207355270469,1386,-1.4456,0,0
0.78207365625236,1387,-1.4452,0,0
0.7820737598747,1388,-1.4448,0,0
0.78207386357171,1389,-1.4444,0,0
0.78207396734337,1390,-1.444,0,0
0.78207407118969,1391,-1.4436,0,0
0.78207417511068,1392,-1.4432,0,0
0.78207427910632,1393,-1.4428,0,0
0.78207438317663,1394,-1.4424,0,0
0.7820744873216,1395,-1.442,0,0
0.78207459154123,1396,-1.4416,0,0
0.78207469583552,1397,-1.4412,0,0
0.78207480020448,1398,-1.4408,0,0
0.78207490464809,1399,-1.4404,0,0
0.78207500916637,1400,-1.44,0,0
0.7820751137593,1401,-1.4396,0,0
0.7820752184269,1402,-1.4392,0,0
0.78207532316916,1403,-1.4388,0,0
0.78207542798608,1404,-1.4384,0,0
0.78207553287766,1405,-1.438,0,0
0.7820756378439,1406,-1.4376,0,0
0.7820757428848,1407,-1.4372,0,0
0.78207584800036,1408,-1.4368,0,0
0.78207595319059,1409,-1.4364,0,0
0.78207605845547,1410,-1.436,0,0
0.78207616379501,1411,-1.4356,0,0
0.78207626920922,1412,-1.4352,0,0
0.78207637469808,1413,-1.4348,0,0
0.78207648026161,1414,-1.4344,0,0
0.78207658589979,1415,-1.434,0,0
0.78207669161264,1416,-1.4336,0,0
0.78207679740015,1417,-1.4332,0,0
0.78207690326231,1418,-1.4328,0,0
0.78207700919914,1419,-1.4324,0,0
0.78207711521063,1420,-1.432,0,0
0.78207722129678,1421,-1.4316,0,0
0.78207732745758,1422,-1.4312,0,0
0.78207743369305,1423,-1.4308,0,0
0.78207754000318,1424,-1.4304,0,0
0.78207764638796,1425,-1.43,0,0
0.78207775284741,1426,-1.4296,0,0
0.78207785938152,1427,-1.4292,0,0
0.78207796599028,1428,-1.4288,0,0
0.78207807267371,1429,-1.4284,0,0
0.7820781794318,1430,-1.428,0,0
0.78207828626454,1431,-1.4276,0,0
0.78207839317195,1432,-1.4272,0,0
0.78207850015401,1433,-1.4268,0,0
0.78207860721074,1434,-1.4264,0,0
0.78207871434212,1435,-1.426,0,0
0.78207882154816,1436,-1.4256,0,0
0.78207892882887,1437,-1.4252,0,0
0.78207903618423,1438,-1.4248,0,0
0.78207914361425,1439,-1.4244,0,0
0.78207925111893,1440,-1.424,0,0
0.78207935869827,1441,-1.4236,0,0
0.78207946635227,1442,-1.4232,0,0
0.78207957408092,1443,-1.4228,0,0
0.78207968188424,1444,-1.4224,0,0
0.78207978976222,1445,-1.422,0,0
0.78207989771485,1446,-1.4216,0,0
0.78208000574214,1447,-1.4212,0,0
0.7820801138441,1448,-1.4208,0,0
0.78208022202071,1449,-1.4204,0,0
0.78208033027198,1450,-1.42,0,0
0.7820804385979,1451,-1.4196,0,0
0.78208054699849,1452,-1.4192,0,0
0.78208065547374,1453,-1.4188,0,0
0.78208076402364,1454,-1.4184,0,0
0.7820808726482,1455,-1.418,0,0
0.78208098134742,1456,-1.4176,0,0
0.7820810901213,1457,-1.4172,0,0
0.78208119896984,1458,-1.4168,0,0
0.78208130789304,1459,-1.4164,0,0
0.78208141689089,1460,-1.416,0,0
0.7820815259634,1461,-1.4156,0,0
0.78208163511058,1462,-1.4152,0,0
0.7820817443324,1463,-1.4148,0,0
0.78208185362889,1464,-1.4144,0,0
0.78208196300004,1465,-1.414,0,0
0.78208207244584,1466,-1.4136,0,0
0.7820821819663,1467,-1.4132,0,0
0.78208229156142,1468,-1.4128,0,0
0.78208240123119,1469,-1.4124,0,0
0.78208251097563,1470,-1.412,0,0
0.78208262079472,1471,-1.4116,0,0
0.78208273068847,1472,-1.4112,0,0
0.78208284065688,1473,-1.4108,0,0
0.78208295069994,1474,-1.4104,0,0
0.78208306081766,1475,-1.41,0,0
0.78208317101004,1476,-1.4096,0,0
0.78208328127708,1477,-1.4092,0,0
0.78208339161877,1478,-1.4088,0,0
0.78208350203513,1479,-1.4084,0,0
0.78208361252614,1480,-1.408,0,0
0.7820837230918,1481,-1.4076,0,0
0.78208383373213,1482,-1.4072,0,0
0.78208394444711,1483,-1.4068,0,0
0.78208405523674,1484,-1.4064,0,0
0.78208416610104,1485,-1.406,0,0
0.78208427703999,1486,-1.4056,0,0
0.7820843880536,1487,-1.4052,0,0
0.78208449914186,1488,-1.4048,0,0
0.78208461030479,1489,-1.4044,0,0
0.78208472154237,1490,-1.404,0,0
0.7820848328546,1491,-1.4036,0,0
0.78208494424149,1492,-1.4032,0,0
0.78208505570304,1493,-1.4028,0,0
0.78208516723925,1494,-1.4024,0,0
0.78208527885011,1495,-1.402,0,0
0.78208539053563,1496,-1.4016,0,0
0.78208550229581,1497,-1.4012,0,0
0.78208561413064,1498,-1.4008,0,0
0.78208572604013,1499,-1.4004,0,0
0.78208583802427,1500,-1.4,0,0
0.78208595008307,1501,-1.3996,0,0
0.78208606221653,1502,-1.3992,0,0
0.78208617442464,1503,-1.3988,0,0
0.78208628670741,1504,-1.3984,0,0
0.78208639906484,1505,-1.398,0,0
0.78208651149692,1506,-1.3976,0,0
0.78208662400365,1507,-1.3972,0,0
0.78208673658505,1508,-1.3968,0,0
0.7820868492411,1509,-1.3964,0,0
0.7820869619718,1510,-1.396,0,0
0.78208707477716,1511,-1.3956,0,0
0.78208718765718,1512,-1.3952,0,0
0.78208730061185,1513,-1.3948,0,0
0.78208741364118,1514,-1.3944,0,0
0.78208752674516,1515,-1.394,0,0
0.7820876399238,1516,-1.3936,0,0
0.78208775317709,1517,-1.3932,0,0
0.78208786650504,1518,-1.3928,0,0
0.78208797990765,1519,-1.3924,0,0
0.78208809338491,1520,-1.392,0,0
0.78208820693682,1521,-1.3916,0,0
0.78208832056339,1522,-1.3912,0,0
0.78208843426462,1523,-1.3908,0,0
0.7820885480405,1524,-1.3904,0,0
0.78208866189103,1525,-1.39,0,0
0.78208877581622,1526,-1.3896,0,0
0.78208888981607,1527,-1.3892,0,0
0.78208900389057,1528,-1.3888,0,0
0.78208911803973,1529,-1.3884,0,0
0.78208923226354,1530,-1.388,0,0
0.782089346562,1531,-1.3876,0,0
0.78208946093512,1532,-1.3872,0,0
0.7820895753829,1533,-1.3868,0,0
0.78208968990532,1534,-1.3864,0,0
0.78208980450241,1535,-1.386,0,0
0.78208991917415,1536,-1.3856,0,0
0.78209003392054,1537,-1.3852,0,0
0.78209014874159,1538,-1.3848,0,0
0.78209026363729,1539,-1.3844,0,0
0.78209037860764,1540,-1.384,0,0
0.78209049365265,1541,-1.3836,0,0
0.78209060877232,1542,-1.3832,0,0
0.78209072396663,1543,-1.3828,0,0
0.78209083923561,1544,-1.3824,0,0
0.78209095457923,1545,-1.382,0,0
0.78209106999751,1546,-1.3816,0,0
0.78209118549045,1547,-1.3812,0,0
0.78209130105804,1548,-1.3808,0,0
0.78209141670028,1549,-1.3804,0,0
0.78209153241717,1550,-1.38,0,0
0.78209164820872,1551,-1.3796,0,0
0.78209176407493,1552,-1.3792,0,0
0.78209188001578,1553,-1.3788,0,0
0.78209199603129,1554,-1.3784,0,0
0.78209211212146,1555,-1.378,0,0
0.78209222828627,1556,-1.3776,0,0
0.78209234452574,1557,-1.3772,0,0
0.78209246083987,1558,-1.3768,0,0
0.78209257722865,1559,-1.3764,0,0
0.78209269369208,1560,-1.376,0,0
0.78209281023016,1561,-1.3756,0,0
0.7820929268429,1562,-1.3752,0,0
0.78209304353029,1563,-1.3748,0,0
0.78209316029233,1564,-1.3744,0,0
0.78209327712903,1565,-1.374,0,0
0.78209339404038,1566,-1.3736,0,0
0.78209351102638,1567,-1.3732,0,0
0.78209362808703,1568,-1.3728,0,0
0.78209374522234,1569,-1.3724,0,0
0.7820938624323,1570,-1.372,0,0
0.78209397971692,1571,-1.3716,0,0
0.78209409707618,1572,-1.3712,0,0
0.7820942145101,1573,-1.3708,0,0
0.78209433201867,1574,-1.3704,0,0
0.7820944496019,1575,-1.37,0,0
0.78209456725977,1576,-1.3696,0,0
0.7820946849923,1577,-1.3692,0,0
0.78209480279948,1578,-1.3688,0,0
0.78209492068131,1579,-1.3684,0,0
0.7820950386378,1580,-1.368,0,0
0.78209515666894,1581,-1.3676,0,0
0.78209527477473,1582,-1.3672,0,0
0.78209539295517,1583,-1.3668,0,0
0.78209551121026,1584,-1.3664,0,0
0.78209562954001,1585,-1.366,0,0
0.78209574794441,1586,-1.3656,0,0
0.78209586642346,1587,-1.3652,0,0
0.78209598497716,1588,-1.3648,0,0
0.78209610360551,1589,-1.3644,0,0
0.78209622230851,1590,-1.364,0,0
0.78209634108617,1591,-1.3636,0,0
0.78209645993848,1592,-1.3632,0,0
0.78209657886544,1593,-1.3628,0,0
0.78209669786705,1594,-1.3624,0,0
0.78209681694331,1595,-1.362,0,0
0.78209693609423,1596,-1.3616,0,0
0.78209705531979,1597,-1.3612,0,0
0.78209717462001,1598,-1.3608,0,0
0.78209729399488,1599,-1.3604,0,0
0.7820974134444,1600,-1.36,0,0
0.78209753296857,1601,-1.3596,0,0
0.78209765256739,1602,-1.3592,0,0
0.78209777224086,1603,-1.3588,0,0
0.78209789198898,1604,-1.3584,0,0
0.78209801181176,1605,-1.358,0,0
0.78209813170918,1606,-1.3576,0,0
0.78209825168126,1607,-1.3572,0,0
0.78209837172799,1608,-1.3568,0,0
0.78209849184936,1609,-1.3564,0,0
0.78209861204539,1610,-1.356,0,0
0.78209873231607,1611,-1.3556,0,0
0.7820988526614,1612,-1.3552,0,0
0.78209897308138,1613,-1.3548,0,0
0.78209909357601,1614,-1.3544,0,0
0.78209921414529,1615,-1.354,0,0
0.78209933478922,1616,-1.3536,0,0
0.78209945550781,1617,-1.3532,0,0
0.78209957630104,1618,-1.3528,0,0
0.78209969716892,1619,-1.3524,0,0
0.78209981811145,1620,-1.352,0,0
0.78209993912863,1621,-1.3516,0,0
0.78210006022046,1622,-1.3512,0,0
0.78210018138695,1623,-1.3508,0,0
0.78210030262808,1624,-1.3504,0,0
0.78210042394386,1625,-1.35,0,0
0.78210054533429,1626,-1.3496,0,0
0.78210066679937,1627,-1.3492,0,0
0.7821007883391,1628,-1.3488,0,0
0.78210090995349,1629,-1.3484,0,0
0.78210103164252,1630,-1.348,0,0
0.7821011534062,1631,-1.3476,0,0
0.78210127524452,1632,-1.3472,0,0
0.7821013971575,1633,-1.3468,0,0
0.78210151914513,1634,-1.3464,0,0
0.78210164120741,1635,-1.346,0,0
0.78210176334434,1636,-1.3456,0,0
0.78210188555591,1637,-1.3452,0,0
0.78210200784214,1638,-1.3448,0,0
0.78210213020301,1639,-1.3444,0,0
0.78210225263853,1640,-1.344,0,0
0.78210237514871,1641,-1.3436,0,0
0.78210249773353,1642,-1.3432,0,0
0.782102620393,1643,-1.3428,0,0
0.78210274312712,1644,-1.3424,0,0
0.78210286593589,1645,-1.342,0,0
0.7821029888193,1646,-1.3416,0,0
0.78210311177737,1647,-1.3412,0,0
0.78210323481008,1648,-1.3408,0,0
0.78210335791744,1649,-1.3404,0,0
0.78210348109945,1650,-1.34,0,0
0.78210360435611,1651,-1.3396,0,0
0.78210372768742,1652,-1.3392,0,0
0.78210385109338,1653,-1.3388,0,0
0.78210397457398,1654,-1.3384,0,0
0.78210409812924,1655,-1.338,0,0
0.78210422175914,1656,-1.3376,0,0
0.78210434546369,1657,-1.3372,0,0
0.78210446924288,1658,-1.3368,0,0
0.78210459309673,1659,-1.3364,0,0
0.78210471702522,1660,-1.336,0,0
0.78210484102836,1661,-1.3356,0,0
0.78210496510615,1662,-1.3352,0,0
0.78210508925859,1663,-1.3348,0,0
0.78210521348567,1664,-1.3344,0,0
0.7821053377874,1665,-1.334,0,0
0.78210546216378,1666,-1.3336,0,0
0.78210558661481,1667,-1.3332,0,0
0.78210571114049,1668,-1.3328,0,0
0.78210583574081,1669,-1.3324,0,0
0.78210596041578,1670,-1.332,0,0
0.7821060851654,1671,-1.3316,0,0
0.78210620998966,1672,-1.3312,0,0
0.78210633488857,1673,-1.3308,0,0
0.78210645986213,1674,-1.3304,0,0
0.78210658491034,1675,-1.33,0,0
0.78210671003319,1676,-1.3296,0,0
0.78210683523069,1677,-1.3292,0,0
0.78210696050284,1678,-1.3288,0,0
0.78210708584963,1679,-1.3284,0,0
0.78210721127107,1680,-1.328,0,0
0.78210733676716,1681,-1.3276,0,0
0.78210746233789,1682,-1.3272,0,0
0.78210758798328,1683,-1.3268,0,0
0.7821077137033,1684,-1.3264,0,0
0.78210783949798,1685,-1.326,0,0
0.7821079653673,1686,-1.3256,0,0
0.78210809131127,1687,-1.3252,0,0
0.78210821732988,1688,-1.3248,0,0
0.78210834342314,1689,-1.3244,0,0
0.78210846959105,1690,-1.324,0,0
0.7821085958336,1691,-1.3236,0,0
0.7821087221508,1692,-1.3232,0,0
0.78210884854265,1693,-1.3228,0,0
0.78210897500914,1694,-1.3224,0,0
0.78210910155027,1695,-1.322,0,0
0.78210922816606,1696,-1.3216,0,0
0.78210935485649,1697,-1.3212,0,0
0.78210948162156,1698,-1.3208,0,0
0.78210960846128,1699,-1.3204,0,0
0.78210973537565,1700,-1.32,0,0
0.78210986236466,1701,-1.3196,0,0
0.78210998942832,1702,-1.3192,0,0
0.78211011656662,1703,-1.3188,0,0
0.78211024377957,1704,-1.3184,0,0
0.78211037106717,1705,-1.318,0,0
0.78211049842941,1706,-1.3176,0,0
0.78211062586629,1707,-1.3172,0,0
0.78211075337782,1708,-1.3168,0,0
0.782110880964,1709,-1.3164,0,0
0.78211100862482,1710,-1.316,0,0
0.78211113636029,1711,-1.3156,0,0
0.7821112641704,1712,-1.3152,0,0
0.78211139205516,1713,-1.3148,0,0
0.78211152001456,1714,-1.3144,0,0
0.7821116480486,1715,-1.314,0,0
0.7821117761573,1716,-1.3136,0,0
0.78211190434063,1717,-1.3132,0,0
0.78211203259861,1718,-1.3128,0,0
0.78211216093124,1719,-1.3124,0,0
0.78211228933851,1720,-1.312,0,0
0.78211241782042,1721,-1.3116,0,0
0.78211254637698,1722,-1.3112,0,0
0.78211267500819,1723,-1.3108,0,0
0.78211280371403,1724,-1.3104,0,0
0.78211293249453,1725,-1.31,0,0
0.78211306134966,1726,-1.3096,0,0
0.78211319027944,1727,-1.3092,0,0
0.78211331928387,1728,-1.3088,0,0
0.78211344836294,1729,-1.3084,0,0
0.78211357751665,1730,-1.308,0,0
0.78211370674501,1731,-1.3076,0,0
0.78211383604801,1732,-1.3072,0,0
0.78211396542566,1733,-1.3068,0,0
0.78211409487794,1734,-1.3064,0,0
0.78211422440488,1735,-1.306,0,0
0.78211435400645,1736,-1.3056,0,0
0.78211448368267,1737,-1.3052,0,0
0.78211461343354,1738,-1.3048,0,0
0.78211474325904,1739,-1.3044,0,0
0.7821148731592,1740,-1.304,0,0
0.78211500313399,1741,-1.3036,0,0
0.78211513318343,1742,-1.3032,0,0
0.78211526330751,1743,-1.3028,0,0
0.78211539350623,1744,-1.3024,0,0
0.7821155237796,1745,-1.302,0,0
0.78211565412761,1746,-1.3016,0,0
0.78211578455026,1747,-1.3012,0,0
0.78211591504756,1748,-1.3008,0,0
0.7821160456195,1749,-1.3004,0,0
0.78211617626608,1750,-1.3,0,0
0.78211630698731,1751,-1.2996,0,0
0.78211643778318,1752,-1.2992,0,0
0.78211656865369,1753,-1.2988,0,0
0.78211669959884,1754,-1.2984,0,0
0.78211683061864,1755,-1.298,0,0
0.78211696171308,1756,-1.2976,0,0
0.78211709288216,1757,-1.2972,0,0
0.78211722412588,1758,-1.2968,0,0
0.78211735544425,1759,-1.2964,0,0
0.78211748683726,1760,-1.296,0,0
0.78211761830491,1761,-1.2956,0,0
0.7821177498472,1762,-1.2952,0,0
0.78211788146413,1763,-1.2948,0,0
0.78211801315571,1764,-1.2944,0,0
0.78211814492193,1765,-1.294,0,0
0.78211827676279,1766,-1.2936,0,0
0.7821184086783,1767,-1.2932,0,0
0.78211854066844,1768,-1.2928,0,0
0.78211867273323,1769,-1.2924,0,0
0.78211880487266,1770,-1.292,0,0
0.78211893708673,1771,-1.2916,0,0
0.78211906937544,1772,-1.2912,0,0
0.78211920173879,1773,-1.2908,0,0
0.78211933417679,1774,-1.2904,0,0
0.78211946668942,1775,-1.29,0,0
0.7821195992767,1776,-1.2896,0,0
0.78211973193862,1777,-1.2892,0,0
0.78211986467518,1778,-1.2888,0,0
0.78211999748638,1779,-1.2884,0,0
0.78212013037223,1780,-1.288,0,0
0.78212026333271,1781,-1.2876,0,0
0.78212039636784,1782,-1.2872,0,0
0.7821205294776,1783,-1.2868,0,0
0.78212066266201,1784,-1.2864,0,0
0.78212079592106,1785,-1.286,0,0
0.78212092925475,1786,-1.2856,0,0
0.78212106266308,1787,-1.2852,0,0
0.78212119614605,1788,-1.2848,0,0
0.78212132970366,1789,-1.2844,0,0
0.78212146333591,1790,-1.284,0,0
0.7821215970428,1791,-1.2836,0,0
0.78212173082434,1792,-1.2832,0,0
0.78212186468051,1793,-1.2828,0,0
0.78212199861132,1794,-1.2824,0,0
0.78212213261678,1795,-1.282,0,0
0.78212226669687,1796,-1.2816,0,0
0.7821224008516,1797,-1.2812,0,0
0.78212253508098,1798,-1.2808,0,0
0.78212266938499,1799,-1.2804,0,0
0.78212280376365,1800,-1.28,0,0
0.78212293821694,1801,-1.2796,0,0
0.78212307274487,1802,-1.2792,0,0
0.78212320734745,1803,-1.2788,0,0
0.78212334202466,1804,-1.2784,0,0
0.78212347677651,1805,-1.278,0,0
0.78212361160301,1806,-1.2776,0,0
0.78212374650414,1807,-1.2772,0,0
0.78212388147991,1808,-1.2768,0,0
0.78212401653032,1809,-1.2764,0,0
0.78212415165537,1810,-1.276,0,0
0.78212428685506,1811,-1.2756,0,0
0.78212442212939,1812,-1.2752,0,0
0.78212455747836,1813,-1.2748,0,0
0.78212469290197,1814,-1.2744,0,0
0.78212482840022,1815,-1.274,0,0
0.7821249639731,1816,-1.2736,0,0
0.78212509962063,1817,-1.2732,0,0
0.78212523534279,1818,-1.2728,0,0
0.78212537113959,1819,-1.2724,0,0
0.78212550701104,1820,-1.272,0,0
0.78212564295712,1821,-1.2716,0,0
0.78212577897784,1822,-1.2712,0,0
0.78212591507319,1823,-1.2708,0,0
0.78212605124319,1824,-1.2704,0,0
0.78212618748782,1825,-1.27,0,0
0.7821263238071,1826,-1.2696,0,0
0.78212646020101,1827,-1.2692,0,0
0.78212659666956,1828,-1.2688,0,0
0.78212673321275,1829,-1.2684,0,0
0.78212686983057,1830,-1.268,0,0
0.78212700652304,1831,-1.2676,0,0
0.78212714329014,1832,-1.2672,0,0
0.78212728013188,1833,-1.2668,0,0
0.78212741704826,1834,-1.2664,0,0
0.78212755403927,1835,-1.266,0,0
0.78212769110493,1836,-1.2656,0,0
0.78212782824522,1837,-1.2652,0,0
0.78212796546015,1838,-1.2648,0,0
0.78212810274972,1839,-1.2644,0,0
0.78212824011392,1840,-1.264,0,0
0.78212837755277,1841,-1.2636,0,0
0.78212851506625,1842,-1.2632,0,0
0.78212865265436,1843,-1.2628,0,0
0.78212879031712,1844,-1.2624,0,0
0.78212892805451,1845,-1.262,0,0
0.78212906586654,1846,-1.2616,0,0
0.78212920375321,1847,-1.2612,0,0
0.78212934171451,1848,-1.2608,0,0
0.78212947975045,1849,-1.2604,0,0
0.78212961786103,1850,-1.26,0,0
0.78212975604624,1851,-1.2596,0,0
0.78212989430609,1852,-1.2592,0,0
0.78213003264058,1853,-1.2588,0,0
0.78213017104971,1854,-1.2584,0,0
0.78213030953347,1855,-1.258,0,0
0.78213044809187,1856,-1.2576,0,0
0.7821305867249,1857,-1.2572,0,0
0.78213072543257,1858,-1.2568,0,0
0.78213086421488,1859,-1.2564,0,0
0.78213100307182,1860,-1.256,0,0
0.7821311420034,1861,-1.2556,0,0
0.78213128100962,1862,-1.2552,0,0
0.78213142009047,1863,-1.2548,0,0
0.78213155924596,1864,-1.2544,0,0
0.78213169847609,1865,-1.254,0,0
0.78213183778085,1866,-1.2536,0,0
0.78213197716025,1867,-1.2532,0,0
0.78213211661428,1868,-1.2528,0,0
0.78213225614295,1869,-1.2524,0,0
0.78213239574625,1870,-1.252,0,0
0.78213253542419,1871,-1.2516,0,0
0.78213267517677,1872,-1.2512,0,0
0.78213281500398,1873,-1.2508,0,0
0.78213295490583,1874,-1.2504,0,0
0.78213309488231,1875,-1.25,0,0
0.78213323493343,1876,-1.2496,0,0
0.78213337505918,1877,-1.2492,0,0
0.78213351525957,1878,-1.2488,0,0
0.78213365553459,1879,-1.2484,0,0
0.78213379588425,1880,-1.248,0,0
0.78213393630854,1881,-1.2476,0,0
0.78213407680747,1882,-1.2472,0,0
0.78213421738104,1883,-1.2468,0,0
0.78213435802923,1884,-1.2464,0,0
0.78213449875207,1885,-1.246,0,0
0.78213463954954,1886,-1.2456,0,0
0.78213478042164,1887,-1.2452,0,0
0.78213492136838,1888,-1.2448,0,0
0.78213506238975,1889,-1.2444,0,0
0.78213520348576,1890,-1.244,0,0
0.7821353446564,1891,-1.2436,0,0
0.78213548590167,1892,-1.2432,0,0
0.78213562722158,1893,-1.2428,0,0
0.78213576861613,1894,-1.2424,0,0
0.7821359100853,1895,-1.242,0,0
0.78213605162912,1896,-1.2416,0,0
0.78213619324756,1897,-1.2412,0,0
0.78213633494064,1898,-1.2408,0,0
0.78213647670836,1899,-1.2404,0,0
0.78213661855071,1900,-1.24,0,0
0.78213676046769,1901,-1.2396,0,0
0.78213690245931,1902,-1.2392,0,0
0.78213704452556,1903,-1.2388,0,0
0.78213718666644,1904,-1.2384,0,0
0.78213732888196,1905,-1.238,0,0
0.78213747117211,1906,-1.2376,0,0
0.78213761353689,1907,-1.2372,0,0
0.78213775597631,1908,-1.2368,0,0
0.78213789849036,1909,-1.2364,0,0
0.78213804107904,1910,-1.236,0,0
0.78213818374236,1911,-1.2356,0,0
0.78213832648031,1912,-1.2352,0,0
0.7821384692929,1913,-1.2348,0,0
0.78213861218011,1914,-1.2344,0,0
0.78213875514196,1915,-1.234,0,0
0.78213889817844,1916,-1.2336,0,0
0.78213904128956,1917,-1.2332,0,0
0.78213918447531,1918,-1.2328,0,0
0.78213932773569,1919,-1.2324,0,0
0.7821394710707,1920,-1.232,0,0
0.78213961448035,1921,-1.2316,0,0
0.78213975796463,1922,-1.2312,0,0
0.78213990152354,1923,-1.2308,0,0
0.78214004515708,1924,-1.2304,0,0
0.78214018886526,1925,-1.23,0,0
0.78214033264806,1926,-1.2296,0,0
0.7821404765055,1927,-1.2292,0,0
0.78214062043758,1928,-1.2288,0,0
0.78214076444428,1929,-1.2284,0,0
0.78214090852562,1930,-1.228,0,0
0.78214105268159,1931,-1.2276,0,0
0.78214119691219,1932,-1.2272,0,0
0.78214134121742,1933,-1.2268,0,0
0.78214148559728,1934,-1.2264,0,0
0.78214163005178,1935,-1.226,0,0
0.7821417745809,1936,-1.2256,0,0
0.78214191918466,1937,-1.2252,0,0
0.78214206386305,1938,-1.2248,0,0
0.78214220861607,1939,-1.2244,0,0
0.78214235344373,1940,-1.224,0,0
0.78214249834601,1941,-1.2236,0,0
0.78214264332293,1942,-1.2232,0,0
0.78214278837447,1943,-1.2228,0,0
0.78214293350065,1944,-1.2224,0,0
0.78214307870146,1945,-1.222,0,0
0.7821432239769,1946,-1.2216,0,0
0.78214336932697,1947,-1.2212,0,0
0.78214351475167,1948,-1.2208,0,0
0.782143660251,1949,-1.2204,0,0
0.78214380582497,1950,-1.22,0,0
0.78214395147356,1951,-1.2196,0,0
0.78214409719679,1952,-1.2192,0,0
0.78214424299464,1953,-1.2188,0,0
0.78214438886713,1954,-1.2184,0,0
0.78214453481424,1955,-1.218,0,0
0.78214468083599,1956,-1.2176,0,0
0.78214482693236,1957,-1.2172,0,0
0.78214497310337,1958,-1.2168,0,0
0.78214511934901,1959,-1.2164,0,0
0.78214526566927,1960,-1.216,0,0
0.78214541206417,1961,-1.2156,0,0
0.7821455585337,1962,-1.2152,0,0
0.78214570507785,1963,-1.2148,0,0
0.78214585169664,1964,-1.2144,0,0
0.78214599839006,1965,-1.214,0,0
0.7821461451581,1966,-1.2136,0,0
0.78214629200078,1967,-1.2132,0,0
0.78214643891808,1968,-1.2128,0,0
0.78214658591002,1969,-1.2124,0,0
0.78214673297658,1970,-1.212,0,0
0.78214688011778,1971,-1.2116,0,0
0.7821470273336,1972,-1.2112,0,0
0.78214717462405,1973,-1.2108,0,0
0.78214732198913,1974,-1.2104,0,0
0.78214746942884,1975,-1.21,0,0
0.78214761694318,1976,-1.2096,0,0
0.78214776453215,1977,-1.2092,0,0
0.78214791219575,1978,-1.2088,0,0
0.78214805993398,1979,-1.2084,0,0
0.78214820774683,1980,-1.208,0,0
0.78214835563431,1981,-1.2076,0,0
0.78214850359643,1982,-1.2072,0,0
0.78214865163317,1983,-1.2068,0,0
0.78214879974454,1984,-1.2064,0,0
0.78214894793054,1985,-1.206,0,0
0.78214909619116,1986,-1.2056,0,0
0.78214924452642,1987,-1.2052,0,0
0.7821493929363,1988,-1.2048,0,0
0.78214954142081,1989,-1.2044,0,0
0.78214968997995,1990,-1.204,0,0
0.78214983861372,1991,-1.2036,0,0
0.78214998732211,1992,-1.2032,0,0
0.78215013610514,1993,-1.2028,0,0
0.78215028496279,1994,-1.2024,0,0
0.78215043389507,1995,-1.202,0,0
0.78215058290197,1996,-1.2016,0,0
0.78215073198351,1997,-1.2012,0,0
0.78215088113967,1998,-1.2008,0,0
0.78215103037046,1999,-1.2004,0,0
0.78215117967588,2000,-1.2,0,0
0.78215132905592,2001,-1.1996,0,0
0.78215147851059,2002,-1.1992,0,0
0.78215162803989,2003,-1.1988,0,0
0.78215177764382,2004,-1.1984,0,0
0.78215192732237,2005,-1.198,0,0
0.78215207707555,2006,-1.1976,0,0
0.78215222690336,2007,-1.1972,0,0
0.78215237680579,2008,-1.1968,0,0
0.78215252678285,2009,-1.1964,0,0
0.78215267683454,2010,-1.196,0,0
0.78215282696086,2011,-1.1956,0,0
0.7821529771618,2012,-1.1952,0,0
0.78215312743737,2013,-1.1948,0,0
0.78215327778756,2014,-1.1944,0,0
0.78215342821238,2015,-1.194,0,0
0.78215357871183,2016,-1.1936,0,0
0.78215372928591,2017,-1.1932,0,0
0.78215387993461,2018,-1.1928,0,0
0.78215403065793,2019,-1.1924,0,0
0.78215418145589,2020,-1.192,0,0
0.78215433232846,2021,-1.1916,0,0
0.78215448327567,2022,-1.1912,0,0
0.7821546342975,2023,-1.1908,0,0
0.78215478539396,2024,-1.1904,0,0
0.78215493656504,2025,-1.19,0,0
0.78215508781075,2026,-1.1896,0,0
0.78215523913108,2027,-1.1892,0,0
0.78215539052604,2028,-1.1888,0,0
0.78215554199563,2029,-1.1884,0,0
0.78215569353984,2030,-1.188,0,0
0.78215584515867,2031,-1.1876,0,0
0.78215599685213,2032,-1.1872,0,0
0.78215614862022,2033,-1.1868,0,0
0.78215630046293,2034,-1.1864,0,0
0.78215645238027,2035,-1.186,0,0
0.78215660437223,2036,-1.1856,0,0
0.78215675643882,2037,-1.1852,0,0
0.78215690858003,2038,-1.1848,0,0
0.78215706079587,2039,-1.1844,0,0
0.78215721308633,2040,-1.184,0,0
0.78215736545142,2041,-1.1836,0,0
0.78215751789113,2042,-1.1832,0,0
0.78215767040546,2043,-1.1828,0,0
0.78215782299442,2044,-1.1824,0,0
0.78215797565801,2045,-1.182,0,0
0.78215812839622,2046,-1.1816,0,0
0.78215828120905,2047,-1.1812,0,0
0.78215843409651,2048,-1.1808,0,0
0.78215858705859,2049,-1.1804,0,0
0.7821587400953,2050,-1.18,0,0
0.78215889320663,2051,-1.1796,0,0
0.78215904639258,2052,-1.1792,0,0
0.78215919965316,2053,-1.1788,0,0
0.78215935298836,2054,-1.1784,0,0
0.78215950639819,2055,-1.178,0,0
0.78215965988264,2056,-1.1776,0,0
0.78215981344171,2057,-1.1772,0,0
0.78215996707541,2058,-1.1768,0,0
0.78216012078373,2059,-1.1764,0,0
0.78216027456668,2060,-1.176,0,0
0.78216042842424,2061,-1.1756,0,0
0.78216058235643,2062,-1.1752,0,0
0.78216073636325,2063,-1.1748,0,0
0.78216089044468,2064,-1.1744,0,0
0.78216104460074,2065,-1.174,0,0
0.78216119883143,2066,-1.1736,0,0
0.78216135313673,2067,-1.1732,0,0
0.78216150751666,2068,-1.1728,0,0
0.78216166197122,2069,-1.1724,0,0
0.78216181650039,2070,-1.172,0,0
0.78216197110419,2071,-1.1716,0,0
0.78216212578261,2072,-1.1712,0,0
0.78216228053565,2073,-1.1708,0,0
0.78216243536332,2074,-1.1704,0,0
0.78216259026561,2075,-1.17,0,0
0.78216274524252,2076,-1.1696,0,0
0.78216290029405,2077,-1.1692,0,0
0.7821630554202,2078,-1.1688,0,0
0.78216321062098,2079,-1.1684,0,0
0.78216336589638,2080,-1.168,0,0
0.7821635212464,2081,-1.1676,0,0
0.78216367667104,2082,-1.1672,0,0
0.78216383217031,2083,-1.1668,0,0
0.7821639877442,2084,-1.1664,0,0
0.7821641433927,2085,-1.166,0,0
0.78216429911583,2086,-1.1656,0,0
0.78216445491359,2087,-1.1652,0,0
0.78216461078596,2088,-1.1648,0,0
0.78216476673295,2089,-1.1644,0,0
0.78216492275457,2090,-1.164,0,0
0.78216507885081,2091,-1.1636,0,0
0.78216523502167,2092,-1.1632,0,0
0.78216539126715,2093,-1.1628,0,0
0.78216554758725,2094,-1.1624,0,0
0.78216570398197,2095,-1.162,0,0
0.78216586045132,2096,-1.1616,0,0
0.78216601699528,2097,-1.1612,0,0
0.78216617361386,2098,-1.1608,0,0
0.78216633030707,2099,-1.1604,0,0
0.7821664870749,2100,-1.16,0,0
0.78216664391735,2101,-1.1596,0,0
0.78216680083441,2102,-1.1592,0,0
0.7821669578261,2103,-1.1588,0,0
0.78216711489241,2104,-1.1584,0,0
0.78216727203334,2105,-1.158,0,0
0.78216742924889,2106,-1.1576,0,0
0.78216758653906,2107,-1.1572,0,0
0.78216774390385,2108,-1.1568,0,0
0.78216790134326,2109,-1.1564,0,0
0.78216805885729,2110,-1.156,0,0
0.78216821644594,2111,-1.1556,0,0
0.78216837410921,2112,-1.1552,0,0
0.7821685318471,2113,-1.1548,0,0
0.78216868965961,2114,-1.1544,0,0
0.78216884754674,2115,-1.154,0,0
0.78216900550849,2116,-1.1536,0,0
0.78216916354486,2117,-1.1532,0,0
0.78216932165585,2118,-1.1528,0,0
0.78216947984145,2119,-1.1524,0,0
0.78216963810168,2120,-1.152,0,0
0.78216979643653,2121,-1.1516,0,0
0.78216995484599,2122,-1.1512,0,0
0.78217011333008,2123,-1.1508,0,0
0.78217027188878,2124,-1.1504,0,0
0.7821704305221,2125,-1.15,0,0
0.78217058923004,2126,-1.1496,0,0
0.7821707480126,2127,-1.1492,0,0
0.78217090686978,2128,-1.1488,0,0
0.78217106580158,2129,-1.1484,0,0
0.782171224808,2130,-1.148,0,0
0.78217138388903,2131,-1.1476,0,0
0.78217154304468,2132,-1.1472,0,0
0.78217170227496,2133,-1.1468,0,0
0.78217186157985,2134,-1.1464,0,0
0.78217202095935,2135,-1.146,0,0
0.78217218041348,2136,-1.1456,0,0
0.78217233994223,2137,-1.1452,0,0
0.78217249954559,2138,-1.1448,0,0
0.78217265922357,2139,-1.1444,0,0
0.78217281897617,2140,-1.144,0,0
0.78217297880339,2141,-1.1436,0,0
0.78217313870522,2142,-1.1432,0,0
0.78217329868167,2143,-1.1428,0,0
0.78217345873274,2144,-1.1424,0,0
0.78217361885843,2145,-1.142,0,0
0.78217377905873,2146,-1.1416,0,0
0.78217393933366,2147,-1.1412,0,0
0.7821740996832,2148,-1.1408,0,0
0.78217426010735,2149,-1.1404,0,0
0.78217442060613,2150,-1.14,0,0
0.78217458117952,2151,-1.1396,0,0
0.78217474182753,2152,-1.1392,0,0
0.78217490255015,2153,-1.1388,0,0
0.7821750633474,2154,-1.1384,0,0
0.78217522421926,2155,-1.138,0,0
0.78217538516573,2156,-1.1376,0,0
0.78217554618682,2157,-1.1372,0,0
0.78217570728253,2158,-1.1368,0,0
0.78217586845286,2159,-1.1364,0,0
0.7821760296978,2160,-1.136,0,0
0.78217619101736,2161,-1.1356,0,0
0.78217635241154,2162,-1.1352,0,0
0.78217651388033,2163,-1.1348,0,0
0.78217667542374,2164,-1.1344,0,0
0.78217683704176,2165,-1.134,0,0
0.7821769987344,2166,-1.1336,0,0
0.78217716050166,2167,-1.1332,0,0
0.78217732234353,2168,-1.1328,0,0
0.78217748426002,2169,-1.1324,0,0
0.78217764625112,2170,-1.132,0,0
0.78217780831684,2171,-1.1316,0,0
0.78217797045718,2172,-1.1312,0,0
0.78217813267213,2173,-1.1308,0,0
0.7821782949617,2174,-1.1304,0,0
0.78217845732588,2175,-1.13,0,0
0.78217861976468,2176,-1.1296,0,0
0.78217878227809,2177,-1.1292,0,0
0.78217894486612,2178,-1.1288,0,0
0.78217910752876,2179,-1.1284,0,0
0.78217927026602,2180,-1.128,0,0
0.78217943307789,2181,-1.1276,0,0
0.78217959596438,2182,-1.1272,0,0
0.78217975892548,2183,-1.1268,0,0
0.7821799219612,2184,-1.1264,0,0
0.78218008507153,2185,-1.126,0,0
0.78218024825648,2186,-1.1256,0,0
0.78218041151604,2187,-1.1252,0,0
0.78218057485022,2188,-1.1248,0,0
0.78218073825901,2189,-1.1244,0,0
0.78218090174241,2190,-1.124,0,0
0.78218106530043,2191,-1.1236,0,0
0.78218122893307,2192,-1.1232,0,0
0.78218139264031,2193,-1.1228,0,0
0.78218155642218,2194,-1.1224,0,0
0.78218172027865,2195,-1.122,0,0
0.78218188420974,2196,-1.1216,0,0
0.78218204821545,2197,-1.1212,0,0
0.78218221229576,2198,-1.1208,0,0
0.78218237645069,2199,-1.1204,0,0
0.78218254068024,2200,-1.12,0,0
0.7821827049844,2201,-1.1196,0,0
0.78218286936317,2202,-1.1192,0,0
0.78218303381656,2203,-1.1188,0,0
0.78218319834455,2204,-1.1184,0,0
0.78218336294717,2205,-1.118,0,0
0.78218352762439,2206,-1.1176,0,0
0.78218369237623,2207,-1.1172,0,0
0.78218385720268,2208,-1.1168,0,0
0.78218402210375,2209,-1.1164,0,0
0.78218418707942,2210,-1.116,0,0
0.78218435212971,2211,-1.1156,0,0
0.78218451725462,2212,-1.1152,0,0
0.78218468245413,2213,-1.1148,0,0
0.78218484772826,2214,-1.1144,0,0
0.782185013077,2215,-1.114,0,0
0.78218517850035,2216,-1.1136,0,0
0.78218534399832,2217,-1.1132,0,0
0.7821855095709,2218,-1.1128,0,0
0.78218567521809,2219,-1.1124,0,0
0.78218584093989,2220,-1.112,0,0
0.78218600673631,2221,-1.1116,0,0
0.78218617260733,2222,-1.1112,0,0
0.78218633855297,2223,-1.1108,0,0
0.78218650457322,2224,-1.1104,0,0
0.78218667066809,2225,-1.11,0,0
0.78218683683756,2226,-1.1096,0,0
0.78218700308165,2227,-1.1092,0,0
0.78218716940034,2228,-1.1088,0,0
0.78218733579365,2229,-1.1084,0,0
0.78218750226157,2230,-1.108,0,0
0.7821876688041,2231,-1.1076,0,0
0.78218783542125,2232,-1.1072,0,0
0.782188002113,2233,-1.1068,0,0
0.78218816887937,2234,-1.1064,0,0
0.78218833572034,2235,-1.106,0,0
0.78218850263593,2236,-1.1056,0,0
0.78218866962613,2237,-1.1052,0,0
0.78218883669094,2238,-1.1048,0,0
0.78218900383036,2239,-1.1044,0,0
0.78218917104439,2240,-1.104,0,0
0.78218933833303,2241,-1.1036,0,0
0.78218950569629,2242,-1.1032,0,0
0.78218967313415,2243,-1.1028,0,0
0.78218984064662,2244,-1.1024,0,0
0.78219000823371,2245,-1.102,0,0
0.7821901758954,2246,-1.1016,0,0
0.7821903436317,2247,-1.1012,0,0
0.78219051144262,2248,-1.1008,0,0
0.78219067932814,2249,-1.1004,0,0
0.78219084728828,2250,-1.1,0,0
0.78219101532302,2251,-1.0996,0,0
0.78219118343238,2252,-1.0992,0,0
0.78219135161634,2253,-1.0988,0,0
0.78219151987491,2254,-1.0984,0,0
0.7821916882081,2255,-1.098,0,0
0.78219185661589,2256,-1.0976,0,0
0.78219202509829,2257,-1.0972,0,0
0.7821921936553,2258,-1.0968,0,0
0.78219236228692,2259,-1.0964,0,0
0.78219253099315,2260,-1.096,0,0
0.78219269977399,2261,-1.0956,0,0
0.78219286862944,2262,-1.0952,0,0
0.7821930375595,2263,-1.0948,0,0
0.78219320656417,2264,-1.0944,0,0
0.78219337564344,2265,-1.094,0,0
0.78219354479732,2266,-1.0936,0,0
0.78219371402582,2267,-1.0932,0,0
0.78219388332892,2268,-1.0928,0,0
0.78219405270663,2269,-1.0924,0,0
0.78219422215895,2270,-1.092,0,0
0.78219439168587,2271,-1.0916,0,0
0.78219456128741,2272,-1.0912,0,0
0.78219473096355,2273,-1.0908,0,0
0.7821949007143,2274,-1.0904,0,0
0.78219507053966,2275,-1.09,0,0
0.78219524043963,2276,-1.0896,0,0
0.78219541041421,2277,-1.0892,0,0
0.78219558046339,2278,-1.0888,0,0
0.78219575058718,2279,-1.0884,0,0
0.78219592078558,2280,-1.088,0,0
0.78219609105859,2281,-1.0876,0,0
0.7821962614062,2282,-1.0872,0,0
0.78219643182843,2283,-1.0868,0,0
0.78219660232526,2284,-1.0864,0,0
0.78219677289669,2285,-1.086,0,0
0.78219694354274,2286,-1.0856,0,0
0.78219711426339,2287,-1.0852,0,0
0.78219728505865,2288,-1.0848,0,0
0.78219745592851,2289,-1.0844,0,0
0.78219762687299,2290,-1.084,0,0
0.78219779789207,2291,-1.0836,0,0
0.78219796898575,2292,-1.0832,0,0
0.78219814015405,2293,-1.0828,0,0
0.78219831139695,2294,-1.0824,0,0
0.78219848271445,2295,-1.082,0,0
0.78219865410657,2296,-1.0816,0,0
0.78219882557328,2297,-1.0812,0,0
0.78219899711461,2298,-1.0808,0,0
0.78219916873054,2299,-1.0804,0,0
0.78219934042108,2300,-1.08,0,0
0.78219951218623,2301,-1.0796,0,0
0.78219968402598,2302,-1.0792,0,0
0.78219985594033,2303,-1.0788,0,0
0.7822000279293,2304,-1.0784,0,0
0.78220019999287,2305,-1.078,0,0
0.78220037213104,2306,-1.0776,0,0
0.78220054434382,2307,-1.0772,0,0
0.78220071663121,2308,-1.0768,0,0
0.7822008889932,2309,-1.0764,0,0
0.78220106142979,2310,-1.076,0,0
0.782201233941,2311,-1.0756,0,0
0.7822014065268,2312,-1.0752,0,0
0.78220157918722,2313,-1.0748,0,0
0.78220175192223,2314,-1.0744,0,0
0.78220192473186,2315,-1.074,0,0
0.78220209761609,2316,-1.0736,0,0
0.78220227057492,2317,-1.0732,0,0
0.78220244360836,2318,-1.0728,0,0
0.7822026167164,2319,-1.0724,0,0
0.78220278989905,2320,-1.072,0,0
0.7822029631563,2321,-1.0716,0,0
0.78220313648816,2322,-1.0712,0,0
0.78220330989462,2323,-1.0708,0,0
0.78220348337568,2324,-1.0704,0,0
0.78220365693135,2325,-1.07,0,0
0.78220383056163,2326,-1.0696,0,0
0.7822040042665,2327,-1.0692,0,0
0.78220417804599,2328,-1.0688,0,0
0.78220435190007,2329,-1.0684,0,0
0.78220452582876,2330,-1.068,0,0
0.78220469983206,2331,-1.0676,0,0
0.78220487390996,2332,-1.0672,0,0
0.78220504806246,2333,-1.0668,0,0
0.78220522228956,2334,-1.0664,0,0
0.78220539659127,2335,-1.066,0,0
0.78220557096759,2336,-1.0656,0,0
0.7822057454185,2337,-1.0652,0,0
0.78220591994402,2338,-1.0648,0,0
0.78220609454414,2339,-1.0644,0,0
0.78220626921887,2340,-1.064,0,0
0.7822064439682,2341,-1.0636,0,0
0.78220661879213,2342,-1.0632,0,0
0.78220679369067,2343,-1.0628,0,0
0.7822069686638,2344,-1.0624,0,0
0.78220714371154,2345,-1.062,0,0
0.78220731883389,2346,-1.0616,0,0
0.78220749403083,2347,-1.0612,0,0
0.78220766930238,2348,-1.0608,0,0
0.78220784464853,2349,-1.0604,0,0
0.78220802006929,2350,-1.06,0,0
0.78220819556464,2351,-1.0596,0,0
0.7822083711346,2352,-1.0592,0,0
0.78220854677916,2353,-1.0588,0,0
0.78220872249832,2354,-1.0584,0,0
0.78220889829209,2355,-1.058,0,0
0.78220907416045,2356,-1.0576,0,0
0.78220925010342,2357,-1.0572,0,0
0.78220942612099,2358,-1.0568,0,0
0.78220960221316,2359,-1.0564,0,0
0.78220977837994,2360,-1.056,0,0
0.78220995462131,2361,-1.0556,0,0
0.78221013093729,2362,-1.0552,0,0
0.78221030732787,2363,-1.0548,0,0
0.78221048379304,2364,-1.0544,0,0
0.78221066033283,2365,-1.054,0,0
0.78221083694721,2366,-1.0536,0,0
0.78221101363619,2367,-1.0532,0,0
0.78221119039977,2368,-1.0528,0,0
0.78221136723796,2369,-1.0524,0,0
0.78221154415074,2370,-1.052,0,0
0.78221172113813,2371,-1.0516,0,0
0.78221189820012,2372,-1.0512,0,0
0.7822120753367,2373,-1.0508,0,0
0.78221225254789,2374,-1.0504,0,0
0.78221242983368,2375,-1.05,0,0
0.78221260719407,2376,-1.0496,0,0
0.78221278462906,2377,-1.0492,0,0
0.78221296213865,2378,-1.0488,0,0
0.78221313972284,2379,-1.0484,0,0
0.78221331738163,2380,-1.048,0,0
0.78221349511502,2381,-1.0476,0,0
0.78221367292301,2382,-1.0472,0,0
0.7822138508056,2383,-1.0468,0,0
0.78221402876279,2384,-1.0464,0,0
0.78221420679458,2385,-1.046,0,0
0.78221438490096,2386,-1.0456,0,0
0.78221456308195,2387,-1.0452,0,0
0.78221474133754,2388,-1.0448,0,0
0.78221491966773,2389,-1.0444,0,0
0.78221509807251,2390,-1.044,0,0
0.7822152765519,2391,-1.0436,0,0
0.78221545510588,2392,-1.0432,0,0
0.78221563373447,2393,-1.0428,0,0
0.78221581243765,2394,-1.0424,0,0
0.78221599121543,2395,-1.042,0,0
0.78221617006781,2396,-1.0416,0,0
0.78221634899479,2397,-1.0412,0,0
0.78221652799637,2398,-1.0408,0,0
0.78221670707255,2399,-1.0404,0,0
0.78221688622332,2400,-1.04,0,0
0.78221706544869,2401,-1.0396,0,0
0.78221724474867,2402,-1.0392,0,0
0.78221742412324,2403,-1.0388,0,0
0.7822176035724,2404,-1.0384,0,0
0.78221778309617,2405,-1.038,0,0
0.78221796269453,2406,-1.0376,0,0
0.7822181423675,2407,-1.0372,0,0
0.78221832211506,2408,-1.0368,0,0
0.78221850193722,2409,-1.0364,0,0
0.78221868183397,2410,-1.036,0,0
0.78221886180532,2411,-1.0356,0,0
0.78221904185128,2412,-1.0352,0,0
0.78221922197182,2413,-1.0348,0,0
0.78221940216697,2414,-1.0344,0,0
0.78221958243671,2415,-1.034,0,0
0.78221976278105,2416,-1.0336,0,0
0.78221994319999,2417,-1.0332,0,0
0.78222012369352,2418,-1.0328,0,0
0.78222030426166,2419,-1.0324,0,0
0.78222048490438,2420,-1.032,0,0
0.78222066562171,2421,-1.0316,0,0
0.78222084641363,2422,-1.0312,0,0
0.78222102728015,2423,-1.0308,0,0
0.78222120822127,2424,-1.0304,0,0
0.78222138923698,2425,-1.03,0,0
0.78222157032729,2426,-1.0296,0,0
0.78222175149219,2427,-1.0292,0,0
0.78222193273169,2428,-1.0288,0,0
0.78222211404579,2429,-1.0284,0,0
0.78222229543448,2430,-1.028,0,0
0.78222247689777,2431,-1.0276,0,0
0.78222265843566,2432,-1.0272,0,0
0.78222284004814,2433,-1.0268,0,0
0.78222302173521,2434,-1.0264,0,0
0.78222320349689,2435,-1.026,0,0
0.78222338533316,2436,-1.0256,0,0
0.78222356724402,2437,-1.0252,0,0
0.78222374922948,2438,-1.0248,0,0
0.78222393128953,2439,-1.0244,0,0
0.78222411342418,2440,-1.024,0,0
0.78222429563343,2441,-1.0236,0,0
0.78222447791727,2442,-1.0232,0,0
0.78222466027571,2443,-1.0228,0,0
0.78222484270874,2444,-1.0224,0,0
0.78222502521636,2445,-1.022,0,0
0.78222520779858,2446,-1.0216,0,0
0.7822253904554,2447,-1.0212,0,0
0.78222557318681,2448,-1.0208,0,0
0.78222575599281,2449,-1.0204,0,0
0.78222593887341,2450,-1.02,0,0
0.7822261218286,2451,-1.0196,0,0
0.78222630485839,2452,-1.0192,0,0
0.78222648796277,2453,-1.0188,0,0
0.78222667114175,2454,-1.0184,0,0
0.78222685439532,2455,-1.018,0,0
0.78222703772348,2456,-1.0176,0,0
0.78222722112624,2457,-1.0172,0,0
0.78222740460359,2458,-1.0168,0,0
0.78222758815554,2459,-1.0164,0,0
0.78222777178208,2460,-1.016,0,0
0.78222795548321,2461,-1.0156,0,0
0.78222813925894,2462,-1.0152,0,0
0.78222832310926,2463,-1.0148,0,0
0.78222850703417,2464,-1.0144,0,0
0.78222869103368,2465,-1.014,0,0
0.78222887510778,2466,-1.0136,0,0
0.78222905925647,2467,-1.0132,0,0
0.78222924347976,2468,-1.0128,0,0
0.78222942777764,2469,-1.0124,0,0
0.78222961215011,2470,-1.012,0,0
0.78222979659718,2471,-1.0116,0,0
0.78222998111884,2472,-1.0112,0,0
0.78223016571509,2473,-1.0108,0,0
0.78223035038593,2474,-1.0104,0,0
0.78223053513136,2475,-1.01,0,0
0.78223071995139,2476,-1.0096,0,0
0.78223090484601,2477,-1.0092,0,0
0.78223108981523,2478,-1.0088,0,0
0.78223127485903,2479,-1.0084,0,0
0.78223145997743,2480,-1.008,0,0
0.78223164517042,2481,-1.0076,0,0
0.782231830438,2482,-1.0072,0,0
0.78223201578017,2483,-1.0068,0,0
0.78223220119693,2484,-1.0064,0,0
0.78223238668829,2485,-1.006,0,0
0.78223257225424,2486,-1.0056,0,0
0.78223275789478,2487,-1.0052,0,0
0.78223294360991,2488,-1.0048,0,0
0.78223312939963,2489,-1.0044,0,0
0.78223331526394,2490,-1.004,0,0
0.78223350120285,2491,-1.0036,0,0
0.78223368721634,2492,-1.0032,0,0
0.78223387330443,2493,-1.0028,0,0
0.7822340594671,2494,-1.0024,0,0
0.78223424570437,2495,-1.002,0,0
0.78223443201623,2496,-1.0016,0,0
0.78223461840268,2497,-1.0012,0,0
0.78223480486372,2498,-1.0008,0,0
0.78223499139935,2499,-1.0004,0,0
0.78223517800957,2500,-1,0,0
0.78223536469439,2501,-0.9996,0,0
0.78223555145379,2502,-0.9992,0,0
0.78223573828778,2503,-0.9988,0,0
0.78223592519636,2504,-0.9984,0,0
0.78223611217953,2505,-0.998,0,0
0.7822362992373,2506,-0.9976,0,0
0.78223648636965,2507,-0.9972,0,0
0.78223667357659,2508,-0.9968,0,0
0.78223686085812,2509,-0.9964,0,0
0.78223704821424,2510,-0.996,0,0
0.78223723564495,2511,-0.9956,0,0
0.78223742315025,2512,-0.9952,0,0
0.78223761073014,2513,-0.9948,0,0
0.78223779838462,2514,-0.9944,0,0
0.78223798611369,2515,-0.994,0,0
0.78223817391735,2516,-0.9936,0,0
0.78223836179559,2517,-0.9932,0,0
0.78223854974843,2518,-0.9928,0,0
0.78223873777585,2519,-0.9924,0,0
0.78223892587787,2520,-0.992,0,0
0.78223911405447,2521,-0.9916,0,0
0.78223930230566,2522,-0.9912,0,0
0.78223949063144,2523,-0.9908,0,0
0.7822396790318,2524,-0.9904,0,0
0.78223986750676,2525,-0.99,0,0
0.7822400560563,2526,-0.9896,0,0
0.78224024468043,2527,-0.9892,0,0
0.78224043337915,2528,-0.9888,0,0
0.78224062215246,2529,-0.9884,0,0
0.78224081100036,2530,-0.988,0,0
0.78224099992284,2531,-0.9876,0,0
0.78224118891991,2532,-0.9872,0,0
0.78224137799157,2533,-0.9868,0,0
0.78224156713782,2534,-0.9864,0,0
0.78224175635866,2535,-0.986,0,0
0.78224194565408,2536,-0.9856,0,0
0.78224213502409,2537,-0.9852,0,0
0.78224232446869,2538,-0.9848,0,0
0.78224251398787,2539,-0.9844,0,0
0.78224270358164,2540,-0.984,0,0
0.78224289325,2541,-0.9836,0,0
0.78224308299294,2542,-0.9832,0,0
0.78224327281048,2543,-0.9828,0,0
0.78224346270259,2544,-0.9824,0,0
0.7822436526693,2545,-0.982,0,0
0.78224384271059,2546,-0.9816,0,0
0.78224403282647,2547,-0.9812,0,0
0.78224422301694,2548,-0.9808,0,0
0.78224441328199,2549,-0.9804,0,0
0.78224460362163,2550,-0.98,0,0
0.78224479403585,2551,-0.9796,0,0
0.78224498452466,2552,-0.9792,0,0
0.78224517508806,2553,-0.9788,0,0
0.78224536572604,2554,-0.9784,0,0
0.78224555643861,2555,-0.978,0,0
0.78224574722576,2556,-0.9776,0,0
0.7822459380875,2557,-0.9772,0,0
0.78224612902383,2558,-0.9768,0,0
0.78224632003474,2559,-0.9764,0,0
0.78224651112023,2560,-0.976,0,0
0.78224670228031,2561,-0.9756,0,0
0.78224689351498,2562,-0.9752,0,0
0.78224708482423,2563,-0.9748,0,0
0.78224727620807,2564,-0.9744,0,0
0.78224746766649,2565,-0.974,0,0
0.7822476591995,2566,-0.9736,0,0
0.78224785080709,2567,-0.9732,0,0
0.78224804248927,2568,-0.9728,0,0
0.78224823424603,2569,-0.9724,0,0
0.78224842607738,2570,-0.972,0,0
0.78224861798331,2571,-0.9716,0,0
0.78224880996382,2572,-0.9712,0,0
0.78224900201892,2573,-0.9708,0,0
0.7822491941486,2574,-0.9704,0,0
0.78224938635287,2575,-0.97,0,0
0.78224957863172,2576,-0.9696,0,0
0.78224977098516,2577,-0.9692,0,0
0.78224996341318,2578,-0.9688,0,0
0.78225015591578,2579,-0.9684,0,0
0.78225034849297,2580,-0.968,0,0
0.78225054114474,2581,-0.9676,0,0
0.7822507338711,2582,-0.9672,0,0
0.78225092667203,2583,-0.9668,0,0
0.78225111954756,2584,-0.9664,0,0
0.78225131249766,2585,-0.966,0,0
0.78225150552235,2586,-0.9656,0,0
0.78225169862162,2587,-0.9652,0,0
0.78225189179548,2588,-0.9648,0,0
0.78225208504391,2589,-0.9644,0,0
0.78225227836693,2590,-0.964,0,0
0.78225247176454,2591,-0.9636,0,0
0.78225266523672,2592,-0.9632,0,0
0.78225285878349,2593,-0.9628,0,0
0.78225305240484,2594,-0.9624,0,0
0.78225324610078,2595,-0.962,0,0
0.78225343987129,2596,-0.9616,0,0
0.78225363371639,2597,-0.9612,0,0
0.78225382763607,2598,-0.9608,0,0
0.78225402163033,2599,-0.9604,0,0
0.78225421569918,2600,-0.96,0,0
0.7822544098426,2601,-0.9596,0,0
0.78225460406061,2602,-0.9592,0,0
0.7822547983532,2603,-0.9588,0,0
0.78225499272038,2604,-0.9584,0,0
0.78225518716213,2605,-0.958,0,0
0.78225538167846,2606,-0.9576,0,0
0.78225557626938,2607,-0.9572,0,0
0.78225577093488,2608,-0.9568,0,0
0.78225596567496,2609,-0.9564,0,0
0.78225616048962,2610,-0.956,0,0
0.78225635537886,2611,-0.9556,0,0
0.78225655034268,2612,-0.9552,0,0
0.78225674538109,2613,-0.9548,0,0
0.78225694049407,2614,-0.9544,0,0
0.78225713568164,2615,-0.954,0,0
0.78225733094378,2616,-0.9536,0,0
0.78225752628051,2617,-0.9532,0,0
0.78225772169182,2618,-0.9528,0,0
0.7822579171777,2619,-0.9524,0,0
0.78225811273817,2620,-0.952,0,0
0.78225830837322,2621,-0.9516,0,0
0.78225850408285,2622,-0.9512,0,0
0.78225869986706,2623,-0.9508,0,0
0.78225889572584,2624,-0.9504,0,0
0.78225909165921,2625,-0.95,0,0
0.78225928766716,2626,-0.9496,0,0
0.78225948374969,2627,-0.9492,0,0
0.7822596799068,2628,-0.9488,0,0
0.78225987613848,2629,-0.9484,0,0
0.78226007244475,2630,-0.948,0,0
0.78226026882559,2631,-0.9476,0,0
0.78226046528102,2632,-0.9472,0,0
0.78226066181102,2633,-0.9468,0,0
0.78226085841561,2634,-0.9464,0,0
0.78226105509477,2635,-0.946,0,0
0.78226125184851,2636,-0.9456,0,0
0.78226144867683,2637,-0.9452,0,0
0.78226164557973,2638,-0.9448,0,0
0.78226184255721,2639,-0.9444,0,0
0.78226203960926,2640,-0.944,0,0
0.7822622367359,2641,-0.9436,0,0
0.78226243393711,2642,-0.9432,0,0
0.7822626312129,2643,-0.9428,0,0
0.78226282856327,2644,-0.9424,0,0
0.78226302598822,2645,-0.942,0,0
0.78226322348775,2646,-0.9416,0,0
0.78226342106185,2647,-0.9412,0,0
0.78226361871053,2648,-0.9408,0,0
0.78226381643379,2649,-0.9404,0,0
0.78226401423163,2650,-0.94,0,0
0.78226421210405,2651,-0.9396,0,0
0.78226441005104,2652,-0.9392,0,0
0.78226460807261,2653,-0.9388,0,0
0.78226480616876,2654,-0.9384,0,0
0.78226500433948,2655,-0.938,0,0
0.78226520258479,2656,-0.9376,0,0
0.78226540090466,2657,-0.9372,0,0
0.78226559929912,2658,-0.9368,0,0
0.78226579776815,2659,-0.9364,0,0
0.78226599631176,2660,-0.936,0,0
0.78226619492995,2661,-0.9356,0,0
0.78226639362271,2662,-0.9352,0,0
0.78226659239006,2663,-0.9348,0,0
0.78226679123197,2664,-0.9344,0,0
0.78226699014847,2665,-0.934,0,0
0.78226718913953,2666,-0.9336,0,0
0.78226738820518,2667,-0.9332,0,0
0.7822675873454,2668,-0.9328,0,0
0.7822677865602,2669,-0.9324,0,0
0.78226798584957,2670,-0.932,0,0
0.78226818521352,2671,-0.9316,0,0
0.78226838465205,2672,-0.9312,0,0
0.78226858416515,2673,-0.9308,0,0
0.78226878375283,2674,-0.9304,0,0
0.78226898341508,2675,-0.93,0,0
0.78226918315191,2676,-0.9296,0,0
0.78226938296331,2677,-0.9292,0,0
0.78226958284929,2678,-0.9288,0,0
0.78226978280985,2679,-0.9284,0,0
0.78226998284497,2680,-0.928,0,0
0.78227018295468,2681,-0.9276,0,0
0.78227038313896,2682,-0.9272,0,0
0.78227058339781,2683,-0.9268,0,0
0.78227078373124,2684,-0.9264,0,0
0.78227098413924,2685,-0.926,0,0
0.78227118462182,2686,-0.9256,0,0
0.78227138517897,2687,-0.9252,0,0
0.7822715858107,2688,-0.9248,0,0
0.782271786517,2689,-0.9244,0,0
0.78227198729788,2690,-0.924,0,0
0.78227218815332,2691,-0.9236,0,0
0.78227238908335,2692,-0.9232,0,0
0.78227259008795,2693,-0.9228,0,0
0.78227279116712,2694,-0.9224,0,0
0.78227299232086,2695,-0.922,0,0
0.78227319354918,2696,-0.9216,0,0
0.78227339485207,2697,-0.9212,0,0
0.78227359622954,2698,-0.9208,0,0
0.78227379768158,2699,-0.9204,0,0
0.78227399920819,2700,-0.92,0,0
0.78227420080938,2701,-0.9196,0,0
0.78227440248513,2702,-0.9192,0,0
0.78227460423547,2703,-0.9188,0,0
0.78227480606037,2704,-0.9184,0,0
0.78227500795985,2705,-0.918,0,0
0.7822752099339,2706,-0.9176,0,0
0.78227541198252,2707,-0.9172,0,0
0.78227561410572,2708,-0.9168,0,0
0.78227581630349,2709,-0.9164,0,0
0.78227601857583,2710,-0.916,0,0
0.78227622092274,2711,-0.9156,0,0
0.78227642334423,2712,-0.9152,0,0
0.78227662584029,2713,-0.9148,0,0
0.78227682841092,2714,-0.9144,0,0
0.78227703105612,2715,-0.914,0,0
0.78227723377589,2716,-0.9136,0,0
0.78227743657024,2717,-0.9132,0,0
0.78227763943915,2718,-0.9128,0,0
0.78227784238264,2719,-0.9124,0,0
0.7822780454007,2720,-0.912,0,0
0.78227824849334,2721,-0.9116,0,0
0.78227845166054,2722,-0.9112,0,0
0.78227865490231,2723,-0.9108,0,0
0.78227885821866,2724,-0.9104,0,0
0.78227906160958,2725,-0.91,0,0
0.78227926507506,2726,-0.9096,0,0
0.78227946861512,2727,-0.9092,0,0
0.78227967222975,2728,-0.9088,0,0
0.78227987591895,2729,-0.9084,0,0
0.78228007968272,2730,-0.908,0,0
0.78228028352107,2731,-0.9076,0,0
0.78228048743398,2732,-0.9072,0,0
0.78228069142146,2733,-0.9068,0,0
0.78228089548351,2734,-0.9064,0,0
0.78228109962014,2735,-0.906,0,0
0.78228130383133,2736,-0.9056,0,0
0.78228150811709,2737,-0.9052,0,0
0.78228171247743,2738,-0.9048,0,0
0.78228191691233,2739,-0.9044,0,0
0.7822821214218,2740,-0.904,0,0
0.78228232600584,2741,-0.9036,0,0
0.78228253066446,2742,-0.9032,0,0
0.78228273539764,2743,-0.9028,0,0
0.78228294020539,2744,-0.9024,0,0
0.78228314508771,2745,-0.902,0,0
0.7822833500446,2746,-0.9016,0,0
0.78228355507606,2747,-0.9012,0,0
0.78228376018208,2748,-0.9008,0,0
0.78228396536268,2749,-0.9004,0,0
0.78228417061785,2750,-0.9,0,0
0.78228437594758,2751,-0.8996,0,0
0.78228458135188,2752,-0.8992,0,0
0.78228478683075,2753,-0.8988,0,0
0.78228499238419,2754,-0.8984,0,0
0.7822851980122,2755,-0.898,0,0
0.78228540371478,2756,-0.8976,0,0
0.78228560949192,2757,-0.8972,0,0
0.78228581534364,2758,-0.8968,0,0
0.78228602126992,2759,-0.8964,0,0
0.78228622727077,2760,-0.896,0,0
0.78228643334618,2761,-0.8956,0,0
0.78228663949617,2762,-0.8952,0,0
0.78228684572072,2763,-0.8948,0,0
0.78228705201984,2764,-0.8944,0,0
0.78228725839353,2765,-0.894,0,0
0.78228746484178,2766,-0.8936,0,0
0.7822876713646,2767,-0.8932,0,0
0.78228787796199,2768,-0.8928,0,0
0.78228808463395,2769,-0.8924,0,0
0.78228829138047,2770,-0.892,0,0
0.78228849820156,2771,-0.8916,0,0
0.78228870509722,2772,-0.8912,0,0
0.78228891206744,2773,-0.8908,0,0
0.78228911911223,2774,-0.8904,0,0
0.78228932623159,2775,-0.89,0,0
0.78228953342552,2776,-0.8896,0,0
0.78228974069401,2777,-0.8892,0,0
0.78228994803706,2778,-0.8888,0,0
0.78229015545468,2779,-0.8884,0,0
0.78229036294687,2780,-0.888,0,0
0.78229057051363,2781,-0.8876,0,0
0.78229077815495,2782,-0.8872,0,0
0.78229098587084,2783,-0.8868,0,0
0.78229119366129,2784,-0.8864,0,0
0.78229140152631,2785,-0.886,0,0
0.78229160946589,2786,-0.8856,0,0
0.78229181748004,2787,-0.8852,0,0
0.78229202556875,2788,-0.8848,0,0
0.78229223373203,2789,-0.8844,0,0
0.78229244196988,2790,-0.884,0,0
0.78229265028229,2791,-0.8836,0,0
0.78229285866926,2792,-0.8832,0,0
0.7822930671308,2793,-0.8828,0,0
0.78229327566691,2794,-0.8824,0,0
0.78229348427758,2795,-0.882,0,0
0.78229369296281,2796,-0.8816,0,0
0.78229390172261,2797,-0.8812,0,0
0.78229411055697,2798,-0.8808,0,0
0.7822943194659,2799,-0.8804,0,0
0.78229452844939,2800,-0.88,0,0
0.78229473750745,2801,-0.8796,0,0
0.78229494664007,2802,-0.8792,0,0
0.78229515584725,2803,-0.8788,0,0
0.782295365129,2804,-0.8784,0,0
0.78229557448531,2805,-0.878,0,0
0.78229578391619,2806,-0.8776,0,0
0.78229599342163,2807,-0.8772,0,0
0.78229620300163,2808,-0.8768,0,0
0.7822964126562,2809,-0.8764,0,0
0.78229662238533,2810,-0.876,0,0
0.78229683218902,2811,-0.8756,0,0
0.78229704206728,2812,-0.8752,0,0
0.7822972520201,2813,-0.8748,0,0
0.78229746204748,2814,-0.8744,0,0
0.78229767214942,2815,-0.874,0,0
0.78229788232593,2816,-0.8736,0,0
0.782298092577,2817,-0.8732,0,0
0.78229830290264,2818,-0.8728,0,0
0.78229851330283,2819,-0.8724,0,0
0.78229872377759,2820,-0.872,0,0
0.78229893432691,2821,-0.8716,0,0
0.78229914495079,2822,-0.8712,0,0
0.78229935564924,2823,-0.8708,0,0
0.78229956642225,2824,-0.8704,0,0
0.78229977726982,2825,-0.87,0,0
0.78229998819195,2826,-0.8696,0,0
0.78230019918864,2827,-0.8692,0,0
0.78230041025989,2828,-0.8688,0,0
0.78230062140571,2829,-0.8684,0,0
0.78230083262609,2830,-0.868,0,0
0.78230104392103,2831,-0.8676,0,0
0.78230125529053,2832,-0.8672,0,0
0.78230146673459,2833,-0.8668,0,0
0.78230167825321,2834,-0.8664,0,0
0.7823018898464,2835,-0.866,0,0
0.78230210151414,2836,-0.8656,0,0
0.78230231325645,2837,-0.8652,0,0
0.78230252507331,2838,-0.8648,0,0
0.78230273696474,2839,-0.8644,0,0
0.78230294893073,2840,-0.864,0,0
0.78230316097127,2841,-0.8636,0,0
0.78230337308638,2842,-0.8632,0,0
0.78230358527605,2843,-0.8628,0,0
0.78230379754028,2844,-0.8624,0,0
0.78230400987907,2845,-0.862,0,0
0.78230422229242,2846,-0.8616,0,0
0.78230443478033,2847,-0.8612,0,0
0.7823046473428,2848,-0.8608,0,0
0.78230485997983,2849,-0.8604,0,0
0.78230507269141,2850,-0.86,0,0
0.78230528547756,2851,-0.8596,0,0
0.78230549833827,2852,-0.8592,0,0
0.78230571127354,2853,-0.8588,0,0
0.78230592428336,2854,-0.8584,0,0
0.78230613736775,2855,-0.858,0,0
0.78230635052669,2856,-0.8576,0,0
0.78230656376019,2857,-0.8572,0,0
0.78230677706826,2858,-0.8568,0,0
0.78230699045088,2859,-0.8564,0,0
0.78230720390806,2860,-0.856,0,0
0.78230741743979,2861,-0.8556,0,0
0.78230763104609,2862,-0.8552,0,0
0.78230784472695,2863,-0.8548,0,0
0.78230805848236,2864,-0.8544,0,0
0.78230827231233,2865,-0.854,0,0
0.78230848621686,2866,-0.8536,0,0
0.78230870019595,2867,-0.8532,0,0
0.7823089142496,2868,-0.8528,0,0
0.7823091283778,2869,-0.8524,0,0
0.78230934258056,2870,-0.852,0,0
0.78230955685788,2871,-0.8516,0,0
0.78230977120976,2872,-0.8512,0,0
0.78230998563619,2873,-0.8508,0,0
0.78231020013718,2874,-0.8504,0,0
0.78231041471273,2875,-0.85,0,0
0.78231062936284,2876,-0.8496,0,0
0.7823108440875,2877,-0.8492,0,0
0.78231105888672,2878,-0.8488,0,0
0.7823112737605,2879,-0.8484,0,0
0.78231148870883,2880,-0.848,0,0
0.78231170373172,2881,-0.8476,0,0
0.78231191882917,2882,-0.8472,0,0
0.78231213400117,2883,-0.8468,0,0
0.78231234924773,2884,-0.8464,0,0
0.78231256456885,2885,-0.846,0,0
0.78231277996452,2886,-0.8456,0,0
0.78231299543475,2887,-0.8452,0,0
0.78231321097954,2888,-0.8448,0,0
0.78231342659888,2889,-0.8444,0,0
0.78231364229277,2890,-0.844,0,0
0.78231385806123,2891,-0.8436,0,0
0.78231407390423,2892,-0.8432,0,0
0.7823142898218,2893,-0.8428,0,0
0.78231450581392,2894,-0.8424,0,0
0.78231472188059,2895,-0.842,0,0
0.78231493802182,2896,-0.8416,0,0
0.78231515423761,2897,-0.8412,0,0
0.78231537052795,2898,-0.8408,0,0
0.78231558689284,2899,-0.8404,0,0
0.78231580333229,2900,-0.84,0,0
0.7823160198463,2901,-0.8396,0,0
0.78231623643486,2902,-0.8392,0,0
0.78231645309797,2903,-0.8388,0,0
0.78231666983564,2904,-0.8384,0,0
0.78231688664786,2905,-0.838,0,0
0.78231710353464,2906,-0.8376,0,0
0.78231732049597,2907,-0.8372,0,0
0.78231753753186,2908,-0.8368,0,0
0.7823177546423,2909,-0.8364,0,0
0.78231797182729,2910,-0.836,0,0
0.78231818908684,2911,-0.8356,0,0
0.78231840642094,2912,-0.8352,0,0
0.7823186238296,2913,-0.8348,0,0
0.78231884131281,2914,-0.8344,0,0
0.78231905887057,2915,-0.834,0,0
0.78231927650289,2916,-0.8336,0,0
0.78231949420976,2917,-0.8332,0,0
0.78231971199118,2918,-0.8328,0,0
0.78231992984715,2919,-0.8324,0,0
0.78232014777768,2920,-0.832,0,0
0.78232036578276,2921,-0.8316,0,0
0.7823205838624,2922,-0.8312,0,0
0.78232080201659,2923,-0.8308,0,0
0.78232102024532,2924,-0.8304,0,0
0.78232123854862,2925,-0.83,0,0
0.78232145692646,2926,-0.8296,0,0
0.78232167537886,2927,-0.8292,0,0
0.78232189390581,2928,-0.8288,0,0
0.78232211250731,2929,-0.8284,0,0
0.78232233118336,2930,-0.828,0,0
0.78232254993397,2931,-0.8276,0,0
0.78232276875912,2932,-0.8272,0,0
0.78232298765883,2933,-0.8268,0,0
0.78232320663309,2934,-0.8264,0,0
0.7823234256819,2935,-0.826,0,0
0.78232364480527,2936,-0.8256,0,0
0.78232386400318,2937,-0.8252,0,0
0.78232408327565,2938,-0.8248,0,0
0.78232430262267,2939,-0.8244,0,0
0.78232452204423,2940,-0.824,0,0
0.78232474154035,2941,-0.8236,0,0
0.78232496111102,2942,-0.8232,0,0
0.78232518075625,2943,-0.8228,0,0
0.78232540047602,2944,-0.8224,0,0
0.78232562027034,2945,-0.822,0,0
0.78232584013921,2946,-0.8216,0,0
0.78232606008263,2947,-0.8212,0,0
0.78232628010061,2948,-0.8208,0,0
0.78232650019313,2949,-0.8204,0,0
0.78232672036021,2950,-0.82,0,0
0.78232694060183,2951,-0.8196,0,0
0.782327160918,2952,-0.8192,0,0
0.78232738130873,2953,-0.8188,0,0
0.782327601774,2954,-0.8184,0,0
0.78232782231382,2955,-0.818,0,0
0.78232804292819,2956,-0.8176,0,0
0.78232826361712,2957,-0.8172,0,0
0.78232848438059,2958,-0.8168,0,0
0.78232870521861,2959,-0.8164,0,0
0.78232892613118,2960,-0.816,0,0
0.7823291471183,2961,-0.8156,0,0
0.78232936817996,2962,-0.8152,0,0
0.78232958931618,2963,-0.8148,0,0
0.78232981052694,2964,-0.8144,0,0
0.78233003181226,2965,-0.814,0,0
0.78233025317212,2966,-0.8136,0,0
0.78233047460653,2967,-0.8132,0,0
0.78233069611549,2968,-0.8128,0,0
0.782330917699,2969,-0.8124,0,0
0.78233113935705,2970,-0.812,0,0
0.78233136108966,2971,-0.8116,0,0
0.78233158289681,2972,-0.8112,0,0
0.78233180477851,2973,-0.8108,0,0
0.78233202673475,2974,-0.8104,0,0
0.78233224876555,2975,-0.81,0,0
0.78233247087089,2976,-0.8096,0,0
0.78233269305078,2977,-0.8092,0,0
0.78233291530522,2978,-0.8088,0,0
0.7823331376342,2979,-0.8084,0,0
0.78233336003774,2980,-0.808,0,0
0.78233358251581,2981,-0.8076,0,0
0.78233380506844,2982,-0.8072,0,0
0.78233402769561,2983,-0.8068,0,0
0.78233425039733,2984,-0.8064,0,0
0.7823344731736,2985,-0.806,0,0
0.78233469602441,2986,-0.8056,0,0
0.78233491894977,2987,-0.8052,0,0
0.78233514194968,2988,-0.8048,0,0
0.78233536502413,2989,-0.8044,0,0
0.78233558817313,2990,-0.804,0,0
0.78233581139667,2991,-0.8036,0,0
0.78233603469476,2992,-0.8032,0,0
0.7823362580674,2993,-0.8028,0,0
0.78233648151458,2994,-0.8024,0,0
0.78233670503631,2995,-0.802,0,0
0.78233692863258,2996,-0.8016,0,0
0.7823371523034,2997,-0.8012,0,0
0.78233737604876,2998,-0.8008,0,0
0.78233759986867,2999,-0.8004,0,0
0.78233782376313,3000,-0.8,0,0
0.78233804773213,3001,-0.7996,0,0
0.78233827177567,3002,-0.7992,0,0
0.78233849589376,3003,-0.7988,0,0
0.78233872008639,3004,-0.7984,0,0
0.78233894435357,3005,-0.798,0,0
0.7823391686953,3006,-0.7976,0,0
0.78233939311157,3007,-0.7972,0,0
0.78233961760238,3008,-0.7968,0,0
0.78233984216774,3009,-0.7964,0,0
0.78234006680764,3010,-0.796,0,0
0.78234029152208,3011,-0.7956,0,0
0.78234051631107,3012,-0.7952,0,0
0.78234074117461,3013,-0.7948,0,0
0.78234096611268,3014,-0.7944,0,0
0.7823411911253,3015,-0.794,0,0
0.78234141621247,3016,-0.7936,0,0
0.78234164137418,3017,-0.7932,0,0
0.78234186661043,3018,-0.7928,0,0
0.78234209192122,3019,-0.7924,0,0
0.78234231730656,3020,-0.792,0,0
0.78234254276644,3021,-0.7916,0,0
0.78234276830087,3022,-0.7912,0,0
0.78234299390984,3023,-0.7908,0,0
0.78234321959335,3024,-0.7904,0,0
0.7823434453514,3025,-0.79,0,0
0.78234367118399,3026,-0.7896,0,0
0.78234389709113,3027,-0.7892,0,0
0.78234412307281,3028,-0.7888,0,0
0.78234434912904,3029,-0.7884,0,0
0.7823445752598,3030,-0.788,0,0
0.78234480146511,3031,-0.7876,0,0
0.78234502774496,3032,-0.7872,0,0
0.78234525409935,3033,-0.7868,0,0
0.78234548052828,3034,-0.7864,0,0
0.78234570703176,3035,-0.786,0,0
0.78234593360977,3036,-0.7856,0,0
0.78234616026233,3037,-0.7852,0,0
0.78234638698943,3038,-0.7848,0,0
0.78234661379107,3039,-0.7844,0,0
0.78234684066725,3040,-0.784,0,0
0.78234706761798,3041,-0.7836,0,0
0.78234729464324,3042,-0.7832,0,0
0.78234752174305,3043,-0.7828,0,0
0.78234774891739,3044,-0.7824,0,0
0.78234797616628,3045,-0.782,0,0
0.78234820348971,3046,-0.7816,0,0
0.78234843088767,3047,-0.7812,0,0
0.78234865836018,3048,-0.7808,0,0
0.78234888590723,3049,-0.7804,0,0
0.78234911352882,3050,-0.78,0,0
0.78234934122495,3051,-0.7796,0,0
0.78234956899562,3052,-0.7792,0,0
0.78234979684083,3053,-0.7788,0,0
0.78235002476058,3054,-0.7784,0,0
0.78235025275487,3055,-0.778,0,0
0.78235048082369,3056,-0.7776,0,0
0.78235070896706,3057,-0.7772,0,0
0.78235093718497,3058,-0.7768,0,0
0.78235116547742,3059,-0.7764,0,0
0.7823513938444,3060,-0.776,0,0
0.78235162228593,3061,-0.7756,0,0
0.78235185080199,3062,-0.7752,0,0
0.78235207939259,3063,-0.7748,0,0
0.78235230805774,3064,-0.7744,0,0
0.78235253679742,3065,-0.774,0,0
0.78235276561164,3066,-0.7736,0,0
0.78235299450039,3067,-0.7732,0,0
0.78235322346369,3068,-0.7728,0,0
0.78235345250152,3069,-0.7724,0,0
0.7823536816139,3070,-0.772,0,0
0.78235391080081,3071,-0.7716,0,0
0.78235414006226,3072,-0.7712,0,0
0.78235436939824,3073,-0.7708,0,0
0.78235459880877,3074,-0.7704,0,0
0.78235482829383,3075,-0.77,0,0
0.78235505785343,3076,-0.7696,0,0
0.78235528748757,3077,-0.7692,0,0
0.78235551719624,3078,-0.7688,0,0
0.78235574697946,3079,-0.7684,0,0
0.7823559768372,3080,-0.768,0,0
0.78235620676949,3081,-0.7676,0,0
0.78235643677632,3082,-0.7672,0,0
0.78235666685768,3083,-0.7668,0,0
0.78235689701357,3084,-0.7664,0,0
0.78235712724401,3085,-0.766,0,0
0.78235735754898,3086,-0.7656,0,0
0.78235758792848,3087,-0.7652,0,0
0.78235781838253,3088,-0.7648,0,0
0.78235804891111,3089,-0.7644,0,0
0.78235827951422,3090,-0.764,0,0
0.78235851019188,3091,-0.7636,0,0
0.78235874094407,3092,-0.7632,0,0
0.78235897177079,3093,-0.7628,0,0
0.78235920267205,3094,-0.7624,0,0
0.78235943364784,3095,-0.762,0,0
0.78235966469818,3096,-0.7616,0,0
0.78235989582304,3097,-0.7612,0,0
0.78236012702244,3098,-0.7608,0,0
0.78236035829638,3099,-0.7604,0,0
0.78236058964485,3100,-0.76,0,0
0.78236082106786,3101,-0.7596,0,0
0.78236105256541,3102,-0.7592,0,0
0.78236128413748,3103,-0.7588,0,0
0.78236151578409,3104,-0.7584,0,0
0.78236174750524,3105,-0.758,0,0
0.78236197930092,3106,-0.7576,0,0
0.78236221117114,3107,-0.7572,0,0
0.78236244311589,3108,-0.7568,0,0
0.78236267513517,3109,-0.7564,0,0
0.78236290722899,3110,-0.756,0,0
0.78236313939735,3111,-0.7556,0,0
0.78236337164023,3112,-0.7552,0,0
0.78236360395765,3113,-0.7548,0,0
0.78236383634961,3114,-0.7544,0,0
0.7823640688161,3115,-0.754,0,0
0.78236430135712,3116,-0.7536,0,0
0.78236453397267,3117,-0.7532,0,0
0.78236476666276,3118,-0.7528,0,0
0.78236499942738,3119,-0.7524,0,0
0.78236523226654,3120,-0.752,0,0
0.78236546518023,3121,-0.7516,0,0
0.78236569816845,3122,-0.7512,0,0
0.7823659312312,3123,-0.7508,0,0
0.78236616436849,3124,-0.7504,0,0
0.78236639758031,3125,-0.75,0,0
0.78236663086666,3126,-0.7496,0,0
0.78236686422754,3127,-0.7492,0,0
0.78236709766296,3128,-0.7488,0,0
0.78236733117291,3129,-0.7484,0,0
0.78236756475739,3130,-0.748,0,0
0.7823677984164,3131,-0.7476,0,0
0.78236803214995,3132,-0.7472,0,0
0.78236826595802,3133,-0.7468,0,0
0.78236849984063,3134,-0.7464,0,0
0.78236873379777,3135,-0.746,0,0
0.78236896782944,3136,-0.7456,0,0
0.78236920193564,3137,-0.7452,0,0
0.78236943611638,3138,-0.7448,0,0
0.78236967037164,3139,-0.7444,0,0
0.78236990470144,3140,-0.744,0,0
0.78237013910577,3141,-0.7436,0,0
0.78237037358462,3142,-0.7432,0,0
0.78237060813801,3143,-0.7428,0,0
0.78237084276593,3144,-0.7424,0,0
0.78237107746838,3145,-0.742,0,0
0.78237131224536,3146,-0.7416,0,0
0.78237154709687,3147,-0.7412,0,0
0.78237178202292,3148,-0.7408,0,0
0.78237201702349,3149,-0.7404,0,0
0.78237225209859,3150,-0.74,0,0
0.78237248724822,3151,-0.7396,0,0
0.78237272247238,3152,-0.7392,0,0
0.78237295777107,3153,-0.7388,0,0
0.78237319314429,3154,-0.7384,0,0
0.78237342859204,3155,-0.738,0,0
0.78237366411432,3156,-0.7376,0,0
0.78237389971113,3157,-0.7372,0,0
0.78237413538247,3158,-0.7368,0,0
0.78237437112834,3159,-0.7364,0,0
0.78237460694873,3160,-0.736,0,0
0.78237484284366,3161,-0.7356,0,0
0.78237507881311,3162,-0.7352,0,0
0.78237531485709,3163,-0.7348,0,0
0.7823755509756,3164,-0.7344,0,0
0.78237578716864,3165,-0.734,0,0
0.78237602343621,3166,-0.7336,0,0
0.78237625977831,3167,-0.7332,0,0
0.78237649619493,3168,-0.7328,0,0
0.78237673268609,3169,-0.7324,0,0
0.78237696925177,3170,-0.732,0,0
0.78237720589197,3171,-0.7316,0,0
0.78237744260671,3172,-0.7312,0,0
0.78237767939598,3173,-0.7308,0,0
0.78237791625977,3174,-0.7304,0,0
0.78237815319809,3175,-0.73,0,0
0.78237839021093,3176,-0.7296,0,0
0.78237862729831,3177,-0.7292,0,0
0.78237886446021,3178,-0.7288,0,0
0.78237910169663,3179,-0.7284,0,0
0.78237933900759,3180,-0.728,0,0
0.78237957639307,3181,-0.7276,0,0
0.78237981385308,3182,-0.7272,0,0
0.78238005138761,3183,-0.7268,0,0
0.78238028899667,3184,-0.7264,0,0
0.78238052668026,3185,-0.726,0,0
0.78238076443838,3186,-0.7256,0,0
0.78238100227102,3187,-0.7252,0,0
0.78238124017818,3188,-0.7248,0,0
0.78238147815987,3189,-0.7244,0,0
0.78238171621609,3190,-0.724,0,0
0.78238195434684,3191,-0.7236,0,0
0.78238219255211,3192,-0.7232,0,0
0.7823824308319,3193,-0.7228,0,0
0.78238266918622,3194,-0.7224,0,0
0.78238290761507,3195,-0.722,0,0
0.78238314611844,3196,-0.7216,0,0
0.78238338469634,3197,-0.7212,0,0
0.78238362334876,3198,-0.7208,0,0
0.7823838620757,3199,-0.7204,0,0
0.78238410087718,3200,-0.72,0,0
0.78238433975317,3201,-0.7196,0,0
0.78238457870369,3202,-0.7192,0,0
0.78238481772874,3203,-0.7188,0,0
0.78238505682831,3204,-0.7184,0,0
0.7823852960024,3205,-0.718,0,0
0.78238553525102,3206,-0.7176,0,0
0.78238577457416,3207,-0.7172,0,0
0.78238601397183,3208,-0.7168,0,0
0.78238625344402,3209,-0.7164,0,0
0.78238649299073,3210,-0.716,0,0
0.78238673261197,3211,-0.7156,0,0
0.78238697230773,3212,-0.7152,0,0
0.78238721207801,3213,-0.7148,0,0
0.78238745192282,3214,-0.7144,0,0
0.78238769184215,3215,-0.714,0,0
0.78238793183601,3216,-0.7136,0,0
0.78238817190438,3217,-0.7132,0,0
0.78238841204728,3218,-0.7128,0,0
0.78238865226471,3219,-0.7124,0,0
0.78238889255665,3220,-0.712,0,0
0.78238913292312,3221,-0.7116,0,0
0.78238937336411,3222,-0.7112,0,0
0.78238961387963,3223,-0.7108,0,0
0.78238985446966,3224,-0.7104,0,0
0.78239009513422,3225,-0.71,0,0
0.7823903358733,3226,-0.7096,0,0
0.7823905766869,3227,-0.7092,0,0
0.78239081757503,3228,-0.7088,0,0
0.78239105853767,3229,-0.7084,0,0
0.78239129957484,3230,-0.708,0,0
0.78239154068653,3231,-0.7076,0,0
0.78239178187274,3232,-0.7072,0,0
0.78239202313347,3233,-0.7068,0,0
0.78239226446872,3234,-0.7064,0,0
0.7823925058785,3235,-0.706,0,0
0.78239274736279,3236,-0.7056,0,0
0.78239298892161,3237,-0.7052,0,0
0.78239323055494,3238,-0.7048,0,0
0.7823934722628,3239,-0.7044,0,0
0.78239371404518,3240,-0.704,0,0
0.78239395590208,3241,-0.7036,0,0
0.7823941978335,3242,-0.7032,0,0
0.78239443983944,3243,-0.7028,0,0
0.78239468191989,3244,-0.7024,0,0
0.78239492407487,3245,-0.702,0,0
0.78239516630437,3246,-0.7016,0,0
0.78239540860839,3247,-0.7012,0,0
0.78239565098693,3248,-0.7008,0,0
0.78239589343999,3249,-0.7004,0,0
0.78239613596757,3250,-0.7,0,0
0.78239637856967,3251,-0.6996,0,0
0.78239662124628,3252,-0.6992,0,0
0.78239686399742,3253,-0.6988,0,0
0.78239710682307,3254,-0.6984,0,0
0.78239734972325,3255,-0.698,0,0
0.78239759269794,3256,-0.6976,0,0
0.78239783574715,3257,-0.6972,0,0
0.78239807887088,3258,-0.6968,0,0
0.78239832206913,3259,-0.6964,0,0
0.7823985653419,3260,-0.696,0,0
0.78239880868919,3261,-0.6956,0,0
0.78239905211099,3262,-0.6952,0,0
0.78239929560731,3263,-0.6948,0,0
0.78239953917815,3264,-0.6944,0,0
0.78239978282351,3265,-0.694,0,0
0.78240002654339,3266,-0.6936,0,0
0.78240027033778,3267,-0.6932,0,0
0.78240051420669,3268,-0.6928,0,0
0.78240075815012,3269,-0.6924,0,0
0.78240100216807,3270,-0.692,0,0
0.78240124626053,3271,-0.6916,0,0
0.78240149042751,3272,-0.6912,0,0
0.78240173466901,3273,-0.6908,0,0
0.78240197898503,3274,-0.6904,0,0
0.78240222337556,3275,-0.69,0,0
0.78240246784061,3276,-0.6896,0,0
0.78240271238017,3277,-0.6892,0,0
0.78240295699425,3278,-0.6888,0,0
0.78240320168285,3279,-0.6884,0,0
0.78240344644597,3280,-0.688,0,0
0.7824036912836,3281,-0.6876,0,0
0.78240393619574,3282,-0.6872,0,0
0.78240418118241,3283,-0.6868,0,0
0.78240442624359,3284,-0.6864,0,0
0.78240467137928,3285,-0.686,0,0
0.78240491658949,3286,-0.6856,0,0
0.78240516187422,3287,-0.6852,0,0
0.78240540723346,3288,-0.6848,0,0
0.78240565266721,3289,-0.6844,0,0
0.78240589817548,3290,-0.684,0,0
0.78240614375827,3291,-0.6836,0,0
0.78240638941557,3292,-0.6832,0,0
0.78240663514739,3293,-0.6828,0,0
0.78240688095372,3294,-0.6824,0,0
0.78240712683457,3295,-0.682,0,0
0.78240737278993,3296,-0.6816,0,0
0.7824076188198,3297,-0.6812,0,0
0.78240786492419,3298,-0.6808,0,0
0.7824081111031,3299,-0.6804,0,0
0.78240835735652,3300,-0.68,0,0
0.78240860368445,3301,-0.6796,0,0
0.78240885008689,3302,-0.6792,0,0
0.78240909656385,3303,-0.6788,0,0
0.78240934311533,3304,-0.6784,0,0
0.78240958974131,3305,-0.678,0,0
0.78240983644181,3306,-0.6776,0,0
0.78241008321683,3307,-0.6772,0,0
0.78241033006636,3308,-0.6768,0,0
0.7824105769904,3309,-0.6764,0,0
0.78241082398895,3310,-0.676,0,0
0.78241107106202,3311,-0.6756,0,0
0.7824113182096,3312,-0.6752,0,0
0.78241156543169,3313,-0.6748,0,0
0.78241181272829,3314,-0.6744,0,0
0.78241206009941,3315,-0.674,0,0
0.78241230754504,3316,-0.6736,0,0
0.78241255506518,3317,-0.6732,0,0
0.78241280265984,3318,-0.6728,0,0
0.782413050329,3319,-0.6724,0,0
0.78241329807268,3320,-0.672,0,0
0.78241354589087,3321,-0.6716,0,0
0.78241379378357,3322,-0.6712,0,0
0.78241404175079,3323,-0.6708,0,0
0.78241428979251,3324,-0.6704,0,0
0.78241453790875,3325,-0.67,0,0
0.7824147860995,3326,-0.6696,0,0
0.78241503436476,3327,-0.6692,0,0
0.78241528270453,3328,-0.6688,0,0
0.78241553111881,3329,-0.6684,0,0
0.7824157796076,3330,-0.668,0,0
0.7824160281709,3331,-0.6676,0,0
0.78241627680872,3332,-0.6672,0,0
0.78241652552104,3333,-0.6668,0,0
0.78241677430787,3334,-0.6664,0,0
0.78241702316922,3335,-0.666,0,0
0.78241727210507,3336,-0.6656,0,0
0.78241752111544,3337,-0.6652,0,0
0.78241777020031,3338,-0.6648,0,0
0.7824180193597,3339,-0.6644,0,0
0.78241826859359,3340,-0.664,0,0
0.782418517902,3341,-0.6636,0,0
0.78241876728491,3342,-0.6632,0,0
0.78241901674234,3343,-0.6628,0,0
0.78241926627427,3344,-0.6624,0,0
0.78241951588071,3345,-0.662,0,0
0.78241976556166,3346,-0.6616,0,0
0.78242001531712,3347,-0.6612,0,0
0.78242026514709,3348,-0.6608,0,0
0.78242051505157,3349,-0.6604,0,0
0.78242076503056,3350,-0.66,0,0
0.78242101508405,3351,-0.6596,0,0
0.78242126521206,3352,-0.6592,0,0
0.78242151541457,3353,-0.6588,0,0
0.78242176569159,3354,-0.6584,0,0
0.78242201604312,3355,-0.658,0,0
0.78242226646916,3356,-0.6576,0,0
0.7824225169697,3357,-0.6572,0,0
0.78242276754475,3358,-0.6568,0,0
0.78242301819431,3359,-0.6564,0,0
0.78242326891838,3360,-0.656,0,0
0.78242351971695,3361,-0.6556,0,0
0.78242377059004,3362,-0.6552,0,0
0.78242402153763,3363,-0.6548,0,0
0.78242427255972,3364,-0.6544,0,0
0.78242452365633,3365,-0.654,0,0
0.78242477482744,3366,-0.6536,0,0
0.78242502607306,3367,-0.6532,0,0
0.78242527739318,3368,-0.6528,0,0
0.78242552878781,3369,-0.6524,0,0
0.78242578025695,3370,-0.652,0,0
0.78242603180059,3371,-0.6516,0,0
0.78242628341874,3372,-0.6512,0,0
0.7824265351114,3373,-0.6508,0,0
0.78242678687856,3374,-0.6504,0,0
0.78242703872023,3375,-0.65,0,0
0.7824272906364,3376,-0.6496,0,0
0.78242754262708,3377,-0.6492,0,0
0.78242779469227,3378,-0.6488,0,0
0.78242804683196,3379,-0.6484,0,0
0.78242829904616,3380,-0.648,0,0
0.78242855133486,3381,-0.6476,0,0
0.78242880369806,3382,-0.6472,0,0
0.78242905613578,3383,-0.6468,0,0
0.78242930864799,3384,-0.6464,0,0
0.78242956123471,3385,-0.646,0,0
0.78242981389594,3386,-0.6456,0,0
0.78243006663167,3387,-0.6452,0,0
0.78243031944191,3388,-0.6448,0,0
0.78243057232665,3389,-0.6444,0,0
0.78243082528589,3390,-0.644,0,0
0.78243107831964,3391,-0.6436,0,0
0.78243133142789,3392,-0.6432,0,0
0.78243158461065,3393,-0.6428,0,0
0.78243183786791,3394,-0.6424,0,0
0.78243209119967,3395,-0.642,0,0
0.78243234460594,3396,-0.6416,0,0
0.78243259808671,3397,-0.6412,0,0
0.78243285164198,3398,-0.6408,0,0
0.78243310527176,3399,-0.6404,0,0
0.78243335897604,3400,-0.64,0,0
0.78243361275482,3401,-0.6396,0,0
0.78243386660811,3402,-0.6392,0,0
0.7824341205359,3403,-0.6388,0,0
0.78243437453819,3404,-0.6384,0,0
0.78243462861498,3405,-0.638,0,0
0.78243488276628,3406,-0.6376,0,0
0.78243513699208,3407,-0.6372,0,0
0.78243539129238,3408,-0.6368,0,0
0.78243564566718,3409,-0.6364,0,0
0.78243590011649,3410,-0.636,0,0
0.7824361546403,3411,-0.6356,0,0
0.78243640923861,3412,-0.6352,0,0
0.78243666391142,3413,-0.6348,0,0
0.78243691865873,3414,-0.6344,0,0
0.78243717348054,3415,-0.634,0,0
0.78243742837686,3416,-0.6336,0,0
0.78243768334768,3417,-0.6332,0,0
0.78243793839299,3418,-0.6328,0,0
0.78243819351281,3419,-0.6324,0,0
0.78243844870713,3420,-0.632,0,0
0.78243870397595,3421,-0.6316,0,0
0.78243895931927,3422,-0.6312,0,0
0.7824392147371,3423,-0.6308,0,0
0.78243947022942,3424,-0.6304,0,0
0.78243972579624,3425,-0.63,0,0
0.78243998143756,3426,-0.6296,0,0
0.78244023715339,3427,-0.6292,0,0
0.78244049294371,3428,-0.6288,0,0
0.78244074880853,3429,-0.6284,0,0
0.78244100474786,3430,-0.628,0,0
0.78244126076168,3431,-0.6276,0,0
0.78244151685,3432,-0.6272,0,0
0.78244177301282,3433,-0.6268,0,0
0.78244202925014,3434,-0.6264,0,0
0.78244228556196,3435,-0.626,0,0
0.78244254194828,3436,-0.6256,0,0
0.7824427984091,3437,-0.6252,0,0
0.78244305494442,3438,-0.6248,0,0
0.78244331155423,3439,-0.6244,0,0
0.78244356823854,3440,-0.624,0,0
0.78244382499736,3441,-0.6236,0,0
0.78244408183067,3442,-0.6232,0,0
0.78244433873848,3443,-0.6228,0,0
0.78244459572079,3444,-0.6224,0,0
0.78244485277759,3445,-0.622,0,0
0.7824451099089,3446,-0.6216,0,0
0.7824453671147,3447,-0.6212,0,0
0.782445624395,3448,-0.6208,0,0
0.78244588174979,3449,-0.6204,0,0
0.78244613917909,3450,-0.62,0,0
0.78244639668288,3451,-0.6196,0,0
0.78244665426117,3452,-0.6192,0,0
0.78244691191396,3453,-0.6188,0,0
0.78244716964124,3454,-0.6184,0,0
0.78244742744302,3455,-0.618,0,0
0.7824476853193,3456,-0.6176,0,0
0.78244794327007,3457,-0.6172,0,0
0.78244820129534,3458,-0.6168,0,0
0.78244845939511,3459,-0.6164,0,0
0.78244871756937,3460,-0.616,0,0
0.78244897581813,3461,-0.6156,0,0
0.78244923414139,3462,-0.6152,0,0
0.78244949253914,3463,-0.6148,0,0
0.78244975101139,3464,-0.6144,0,0
0.78245000955813,3465,-0.614,0,0
0.78245026817937,3466,-0.6136,0,0
0.78245052687511,3467,-0.6132,0,0
0.78245078564534,3468,-0.6128,0,0
0.78245104449006,3469,-0.6124,0,0
0.78245130340928,3470,-0.612,0,0
0.782451562403,3471,-0.6116,0,0
0.78245182147121,3472,-0.6112,0,0
0.78245208061392,3473,-0.6108,0,0
0.78245233983112,3474,-0.6104,0,0
0.78245259912282,3475,-0.61,0,0
0.78245285848901,3476,-0.6096,0,0
0.78245311792969,3477,-0.6092,0,0
0.78245337744487,3478,-0.6088,0,0
0.78245363703454,3479,-0.6084,0,0
0.78245389669871,3480,-0.608,0,0
0.78245415643737,3481,-0.6076,0,0
0.78245441625053,3482,-0.6072,0,0
0.78245467613818,3483,-0.6068,0,0
0.78245493610032,3484,-0.6064,0,0
0.78245519613695,3485,-0.606,0,0
0.78245545624808,3486,-0.6056,0,0
0.78245571643371,3487,-0.6052,0,0
0.78245597669382,3488,-0.6048,0,0
0.78245623702843,3489,-0.6044,0,0
0.78245649743753,3490,-0.604,0,0
0.78245675792113,3491,-0.6036,0,0
0.78245701847922,3492,-0.6032,0,0
0.7824572791118,3493,-0.6028,0,0
0.78245753981887,3494,-0.6024,0,0
0.78245780060044,3495,-0.602,0,0
0.78245806145649,3496,-0.6016,0,0
0.78245832238704,3497,-0.6012,0,0
0.78245858339208,3498,-0.6008,0,0
0.78245884447162,3499,-0.6004,0,0
0.78245910562564,3500,-0.6,0,0
0.78245936685416,3501,-0.5996,0,0
0.78245962815717,3502,-0.5992,0,0
0.78245988953467,3503,-0.5988,0,0
0.78246015098666,3504,-0.5984,0,0
0.78246041251314,3505,-0.598,0,0
0.78246067411412,3506,-0.5976,0,0
0.78246093578958,3507,-0.5972,0,0
0.78246119753954,3508,-0.5968,0,0
0.78246145936399,3509,-0.5964,0,0
0.78246172126292,3510,-0.596,0,0
0.78246198323635,3511,-0.5956,0,0
0.78246224528427,3512,-0.5952,0,0
0.78246250740668,3513,-0.5948,0,0
0.78246276960358,3514,-0.5944,0,0
0.78246303187496,3515,-0.594,0,0
0.78246329422084,3516,-0.5936,0,0
0.78246355664121,3517,-0.5932,0,0
0.78246381913607,3518,-0.5928,0,0
0.78246408170542,3519,-0.5924,0,0
0.78246434434926,3520,-0.592,0,0
0.78246460706758,3521,-0.5916,0,0
0.7824648698604,3522,-0.5912,0,0
0.78246513272771,3523,-0.5908,0,0
0.7824653956695,3524,-0.5904,0,0
0.78246565868578,3525,-0.59,0,0
0.78246592177656,3526,-0.5896,0,0
0.78246618494182,3527,-0.5892,0,0
0.78246644818157,3528,-0.5888,0,0
0.7824667114958,3529,-0.5884,0,0
0.78246697488453,3530,-0.588,0,0
0.78246723834774,3531,-0.5876,0,0
0.78246750188545,3532,-0.5872,0,0
0.78246776549764,3533,-0.5868,0,0
0.78246802918432,3534,-0.5864,0,0
0.78246829294548,3535,-0.586,0,0
0.78246855678114,3536,-0.5856,0,0
0.78246882069128,3537,-0.5852,0,0
0.78246908467591,3538,-0.5848,0,0
0.78246934873502,3539,-0.5844,0,0
0.78246961286863,3540,-0.584,0,0
0.78246987707672,3541,-0.5836,0,0
0.78247014135929,3542,-0.5832,0,0
0.78247040571636,3543,-0.5828,0,0
0.78247067014791,3544,-0.5824,0,0
0.78247093465395,3545,-0.582,0,0
0.78247119923447,3546,-0.5816,0,0
0.78247146388948,3547,-0.5812,0,0
0.78247172861898,3548,-0.5808,0,0
0.78247199342296,3549,-0.5804,0,0
0.78247225830143,3550,-0.58,0,0
0.78247252325438,3551,-0.5796,0,0
0.78247278828183,3552,-0.5792,0,0
0.78247305338375,3553,-0.5788,0,0
0.78247331856016,3554,-0.5784,0,0
0.78247358381106,3555,-0.578,0,0
0.78247384913644,3556,-0.5776,0,0
0.78247411453631,3557,-0.5772,0,0
0.78247438001066,3558,-0.5768,0,0
0.7824746455595,3559,-0.5764,0,0
0.78247491118282,3560,-0.576,0,0
0.78247517688063,3561,-0.5756,0,0
0.78247544265292,3562,-0.5752,0,0
0.7824757084997,3563,-0.5748,0,0
0.78247597442096,3564,-0.5744,0,0
0.78247624041671,3565,-0.574,0,0
0.78247650648694,3566,-0.5736,0,0
0.78247677263165,3567,-0.5732,0,0
0.78247703885085,3568,-0.5728,0,0
0.78247730514453,3569,-0.5724,0,0
0.78247757151269,3570,-0.572,0,0
0.78247783795534,3571,-0.5716,0,0
0.78247810447247,3572,-0.5712,0,0
0.78247837106409,3573,-0.5708,0,0
0.78247863773019,3574,-0.5704,0,0
0.78247890447077,3575,-0.57,0,0
0.78247917128583,3576,-0.5696,0,0
0.78247943817538,3577,-0.5692,0,0
0.78247970513941,3578,-0.5688,0,0
0.78247997217792,3579,-0.5684,0,0
0.78248023929092,3580,-0.568,0,0
0.7824805064784,3581,-0.5676,0,0
0.78248077374036,3582,-0.5672,0,0
0.7824810410768,3583,-0.5668,0,0
0.78248130848772,3584,-0.5664,0,0
0.78248157597313,3585,-0.566,0,0
0.78248184353302,3586,-0.5656,0,0
0.78248211116739,3587,-0.5652,0,0
0.78248237887624,3588,-0.5648,0,0
0.78248264665957,3589,-0.5644,0,0
0.78248291451739,3590,-0.564,0,0
0.78248318244968,3591,-0.5636,0,0
0.78248345045646,3592,-0.5632,0,0
0.78248371853771,3593,-0.5628,0,0
0.78248398669345,3594,-0.5624,0,0
0.78248425492367,3595,-0.562,0,0
0.78248452322837,3596,-0.5616,0,0
0.78248479160755,3597,-0.5612,0,0
0.78248506006121,3598,-0.5608,0,0
0.78248532858935,3599,-0.5604,0,0
0.78248559719197,3600,-0.56,0,0
0.78248586586907,3601,-0.5596,0,0
0.78248613462065,3602,-0.5592,0,0
0.78248640344672,3603,-0.5588,0,0
0.78248667234726,3604,-0.5584,0,0
0.78248694132228,3605,-0.558,0,0
0.78248721037177,3606,-0.5576,0,0
0.78248747949575,3607,-0.5572,0,0
0.78248774869421,3608,-0.5568,0,0
0.78248801796715,3609,-0.5564,0,0
0.78248828731456,3610,-0.556,0,0
0.78248855673646,3611,-0.5556,0,0
0.78248882623283,3612,-0.5552,0,0
0.78248909580368,3613,-0.5548,0,0
0.78248936544902,3614,-0.5544,0,0
0.78248963516882,3615,-0.554,0,0
0.78248990496311,3616,-0.5536,0,0
0.78249017483188,3617,-0.5532,0,0
0.78249044477512,3618,-0.5528,0,0
0.78249071479284,3619,-0.5524,0,0
0.78249098488504,3620,-0.552,0,0
0.78249125505172,3621,-0.5516,0,0
0.78249152529287,3622,-0.5512,0,0
0.7824917956085,3623,-0.5508,0,0
0.78249206599861,3624,-0.5504,0,0
0.7824923364632,3625,-0.55,0,0
0.78249260700226,3626,-0.5496,0,0
0.7824928776158,3627,-0.5492,0,0
0.78249314830382,3628,-0.5488,0,0
0.78249341906631,3629,-0.5484,0,0
0.78249368990328,3630,-0.548,0,0
0.78249396081473,3631,-0.5476,0,0
0.78249423180065,3632,-0.5472,0,0
0.78249450286105,3633,-0.5468,0,0
0.78249477399593,3634,-0.5464,0,0
0.78249504520528,3635,-0.546,0,0
0.78249531648911,3636,-0.5456,0,0
0.78249558784741,3637,-0.5452,0,0
0.78249585928019,3638,-0.5448,0,0
0.78249613078744,3639,-0.5444,0,0
0.78249640236917,3640,-0.544,0,0
0.78249667402538,3641,-0.5436,0,0
0.78249694575606,3642,-0.5432,0,0
0.78249721756122,3643,-0.5428,0,0
0.78249748944085,3644,-0.5424,0,0
0.78249776139495,3645,-0.542,0,0
0.78249803342353,3646,-0.5416,0,0
0.78249830552658,3647,-0.5412,0,0
0.78249857770411,3648,-0.5408,0,0
0.78249884995612,3649,-0.5404,0,0
0.78249912228259,3650,-0.54,0,0
0.78249939468354,3651,-0.5396,0,0
0.78249966715897,3652,-0.5392,0,0
0.78249993970887,3653,-0.5388,0,0
0.78250021233324,3654,-0.5384,0,0
0.78250048503209,3655,-0.538,0,0
0.78250075780541,3656,-0.5376,0,0
0.7825010306532,3657,-0.5372,0,0
0.78250130357547,3658,-0.5368,0,0
0.78250157657221,3659,-0.5364,0,0
0.78250184964342,3660,-0.536,0,0
0.78250212278911,3661,-0.5356,0,0
0.78250239600926,3662,-0.5352,0,0
0.7825026693039,3663,-0.5348,0,0
0.782502942673,3664,-0.5344,0,0
0.78250321611657,3665,-0.534,0,0
0.78250348963462,3666,-0.5336,0,0
0.78250376322714,3667,-0.5332,0,0
0.78250403689414,3668,-0.5328,0,0
0.7825043106356,3669,-0.5324,0,0
0.78250458445154,3670,-0.532,0,0
0.78250485834194,3671,-0.5316,0,0
0.78250513230682,3672,-0.5312,0,0
0.78250540634617,3673,-0.5308,0,0
0.78250568046,3674,-0.5304,0,0
0.78250595464829,3675,-0.53,0,0
0.78250622891105,3676,-0.5296,0,0
0.78250650324829,3677,-0.5292,0,0
0.78250677766,3678,-0.5288,0,0
0.78250705214617,3679,-0.5284,0,0
0.78250732670682,3680,-0.528,0,0
0.78250760134194,3681,-0.5276,0,0
0.78250787605153,3682,-0.5272,0,0
0.78250815083559,3683,-0.5268,0,0
0.78250842569411,3684,-0.5264,0,0
0.78250870062711,3685,-0.526,0,0
0.78250897563458,3686,-0.5256,0,0
0.78250925071652,3687,-0.5252,0,0
0.78250952587293,3688,-0.5248,0,0
0.7825098011038,3689,-0.5244,0,0
0.78251007640915,3690,-0.524,0,0
0.78251035178897,3691,-0.5236,0,0
0.78251062724325,3692,-0.5232,0,0
0.78251090277201,3693,-0.5228,0,0
0.78251117837523,3694,-0.5224,0,0
0.78251145405292,3695,-0.522,0,0
0.78251172980508,3696,-0.5216,0,0
0.78251200563171,3697,-0.5212,0,0
0.78251228153281,3698,-0.5208,0,0
0.78251255750837,3699,-0.5204,0,0
0.78251283355841,3700,-0.52,0,0
0.78251310968291,3701,-0.5196,0,0
0.78251338588188,3702,-0.5192,0,0
0.78251366215532,3703,-0.5188,0,0
0.78251393850322,3704,-0.5184,0,0
0.7825142149256,3705,-0.518,0,0
0.78251449142244,3706,-0.5176,0,0
0.78251476799375,3707,-0.5172,0,0
0.78251504463952,3708,-0.5168,0,0
0.78251532135976,3709,-0.5164,0,0
0.78251559815447,3710,-0.516,0,0
0.78251587502365,3711,-0.5156,0,0
0.78251615196729,3712,-0.5152,0,0
0.7825164289854,3713,-0.5148,0,0
0.78251670607797,3714,-0.5144,0,0
0.78251698324502,3715,-0.514,0,0
0.78251726048652,3716,-0.5136,0,0
0.7825175378025,3717,-0.5132,0,0
0.78251781519294,3718,-0.5128,0,0
0.78251809265785,3719,-0.5124,0,0
0.78251837019722,3720,-0.512,0,0
0.78251864781105,3721,-0.5116,0,0
0.78251892549936,3722,-0.5112,0,0
0.78251920326213,3723,-0.5108,0,0
0.78251948109936,3724,-0.5104,0,0
0.78251975901106,3725,-0.51,0,0
0.78252003699722,3726,-0.5096,0,0
0.78252031505785,3727,-0.5092,0,0
0.78252059319294,3728,-0.5088,0,0
0.7825208714025,3729,-0.5084,0,0
0.78252114968652,3730,-0.508,0,0
0.78252142804501,3731,-0.5076,0,0
0.78252170647796,3732,-0.5072,0,0
0.78252198498538,3733,-0.5068,0,0
0.78252226356726,3734,-0.5064,0,0
0.7825225422236,3735,-0.506,0,0
0.78252282095441,3736,-0.5056,0,0
0.78252309975968,3737,-0.5052,0,0
0.78252337863941,3738,-0.5048,0,0
0.78252365759361,3739,-0.5044,0,0
0.78252393662227,3740,-0.504,0,0
0.78252421572539,3741,-0.5036,0,0
0.78252449490298,3742,-0.5032,0,0
0.78252477415503,3743,-0.5028,0,0
0.78252505348154,3744,-0.5024,0,0
0.78252533288252,3745,-0.502,0,0
0.78252561235796,3746,-0.5016,0,0
0.78252589190786,3747,-0.5012,0,0
0.78252617153222,3748,-0.5008,0,0
0.78252645123105,3749,-0.5004,0,0
0.78252673100433,3750,-0.5,0,0
0.78252701085208,3751,-0.4996,0,0
0.78252729077429,3752,-0.4992,0,0
0.78252757077097,3753,-0.4988,0,0
0.7825278508421,3754,-0.4984,0,0
0.7825281309877,3755,-0.498,0,0
0.78252841120775,3756,-0.4976,0,0
0.78252869150227,3757,-0.4972,0,0
0.78252897187125,3758,-0.4968,0,0
0.78252925231469,3759,-0.4964,0,0
0.78252953283259,3760,-0.496,0,0
0.78252981342495,3761,-0.4956,0,0
0.78253009409177,3762,-0.4952,0,0
0.78253037483306,3763,-0.4948,0,0
0.7825306556488,3764,-0.4944,0,0
0.782530936539,3765,-0.494,0,0
0.78253121750367,3766,-0.4936,0,0
0.78253149854279,3767,-0.4932,0,0
0.78253177965637,3768,-0.4928,0,0
0.78253206084441,3769,-0.4924,0,0
0.78253234210692,3770,-0.492,0,0
0.78253262344388,3771,-0.4916,0,0
0.7825329048553,3772,-0.4912,0,0
0.78253318634118,3773,-0.4908,0,0
0.78253346790152,3774,-0.4904,0,0
0.78253374953632,3775,-0.49,0,0
0.78253403124557,3776,-0.4896,0,0
0.78253431302929,3777,-0.4892,0,0
0.78253459488746,3778,-0.4888,0,0
0.7825348768201,3779,-0.4884,0,0
0.78253515882719,3780,-0.488,0,0
0.78253544090874,3781,-0.4876,0,0
0.78253572306475,3782,-0.4872,0,0
0.78253600529521,3783,-0.4868,0,0
0.78253628760014,3784,-0.4864,0,0
0.78253656997952,3785,-0.486,0,0
0.78253685243336,3786,-0.4856,0,0
0.78253713496165,3787,-0.4852,0,0
0.78253741756441,3788,-0.4848,0,0
0.78253770024162,3789,-0.4844,0,0
0.78253798299328,3790,-0.484,0,0
0.78253826581941,3791,-0.4836,0,0
0.78253854871999,3792,-0.4832,0,0
0.78253883169503,3793,-0.4828,0,0
0.78253911474453,3794,-0.4824,0,0
0.78253939786848,3795,-0.482,0,0
0.78253968106688,3796,-0.4816,0,0
0.78253996433975,3797,-0.4812,0,0
0.78254024768707,3798,-0.4808,0,0
0.78254053110885,3799,-0.4804,0,0
0.78254081460508,3800,-0.48,0,0
0.78254109817577,3801,-0.4796,0,0
0.78254138182091,3802,-0.4792,0,0
0.78254166554051,3803,-0.4788,0,0
0.78254194933456,3804,-0.4784,0,0
0.78254223320307,3805,-0.478,0,0
0.78254251714604,3806,-0.4776,0,0
0.78254280116346,3807,-0.4772,0,0
0.78254308525533,3808,-0.4768,0,0
0.78254336942166,3809,-0.4764,0,0
0.78254365366245,3810,-0.476,0,0
0.78254393797768,3811,-0.4756,0,0
0.78254422236738,3812,-0.4752,0,0
0.78254450683152,3813,-0.4748,0,0
0.78254479137013,3814,-0.4744,0,0
0.78254507598318,3815,-0.474,0,0
0.78254536067069,3816,-0.4736,0,0
0.78254564543265,3817,-0.4732,0,0
0.78254593026907,3818,-0.4728,0,0
0.78254621517994,3819,-0.4724,0,0
0.78254650016526,3820,-0.472,0,0
0.78254678522504,3821,-0.4716,0,0
0.78254707035927,3822,-0.4712,0,0
0.78254735556795,3823,-0.4708,0,0
0.78254764085109,3824,-0.4704,0,0
0.78254792620867,3825,-0.47,0,0
0.78254821164072,3826,-0.4696,0,0
0.78254849714721,3827,-0.4692,0,0
0.78254878272815,3828,-0.4688,0,0
0.78254906838355,3829,-0.4684,0,0
0.7825493541134,3830,-0.468,0,0
0.7825496399177,3831,-0.4676,0,0
0.78254992579646,3832,-0.4672,0,0
0.78255021174966,3833,-0.4668,0,0
0.78255049777732,3834,-0.4664,0,0
0.78255078387943,3835,-0.466,0,0
0.78255107005599,3836,-0.4656,0,0
0.782551356307,3837,-0.4652,0,0
0.78255164263246,3838,-0.4648,0,0
0.78255192903238,3839,-0.4644,0,0
0.78255221550674,3840,-0.464,0,0
0.78255250205556,3841,-0.4636,0,0
0.78255278867882,3842,-0.4632,0,0
0.78255307537654,3843,-0.4628,0,0
0.7825533621487,3844,-0.4624,0,0
0.78255364899532,3845,-0.462,0,0
0.78255393591639,3846,-0.4616,0,0
0.7825542229119,3847,-0.4612,0,0
0.78255450998187,3848,-0.4608,0,0
0.78255479712629,3849,-0.4604,0,0
0.78255508434515,3850,-0.46,0,0
0.78255537163847,3851,-0.4596,0,0
0.78255565900623,3852,-0.4592,0,0
0.78255594644844,3853,-0.4588,0,0
0.78255623396511,3854,-0.4584,0,0
0.78255652155622,3855,-0.458,0,0
0.78255680922178,3856,-0.4576,0,0
0.78255709696179,3857,-0.4572,0,0
0.78255738477625,3858,-0.4568,0,0
0.78255767266515,3859,-0.4564,0,0
0.78255796062851,3860,-0.456,0,0
0.78255824866631,3861,-0.4556,0,0
0.78255853677856,3862,-0.4552,0,0
0.78255882496526,3863,-0.4548,0,0
0.78255911322641,3864,-0.4544,0,0
0.782559401562,3865,-0.454,0,0
0.78255968997204,3866,-0.4536,0,0
0.78255997845653,3867,-0.4532,0,0
0.78256026701547,3868,-0.4528,0,0
0.78256055564885,3869,-0.4524,0,0
0.78256084435668,3870,-0.452,0,0
0.78256113313896,3871,-0.4516,0,0
0.78256142199568,3872,-0.4512,0,0
0.78256171092686,3873,-0.4508,0,0
0.78256199993247,3874,-0.4504,0,0
0.78256228901254,3875,-0.45,0,0
0.78256257816705,3876,-0.4496,0,0
0.78256286739601,3877,-0.4492,0,0
0.78256315669941,3878,-0.4488,0,0
0.78256344607726,3879,-0.4484,0,0
0.78256373552955,3880,-0.448,0,0
0.78256402505629,3881,-0.4476,0,0
0.78256431465748,3882,-0.4472,0,0
0.78256460433311,3883,-0.4468,0,0
0.78256489408318,3884,-0.4464,0,0
0.7825651839077,3885,-0.446,0,0
0.78256547380667,3886,-0.4456,0,0
0.78256576378008,3887,-0.4452,0,0
0.78256605382794,3888,-0.4448,0,0
0.78256634395024,3889,-0.4444,0,0
0.78256663414698,3890,-0.444,0,0
0.78256692441817,3891,-0.4436,0,0
0.78256721476381,3892,-0.4432,0,0
0.78256750518389,3893,-0.4428,0,0
0.78256779567841,3894,-0.4424,0,0
0.78256808624737,3895,-0.442,0,0
0.78256837689078,3896,-0.4416,0,0
0.78256866760864,3897,-0.4412,0,0
0.78256895840093,3898,-0.4408,0,0
0.78256924926767,3899,-0.4404,0,0
0.78256954020886,3900,-0.44,0,0
0.78256983122448,3901,-0.4396,0,0
0.78257012231455,3902,-0.4392,0,0
0.78257041347906,3903,-0.4388,0,0
0.78257070471802,3904,-0.4384,0,0
0.78257099603141,3905,-0.438,0,0
0.78257128741925,3906,-0.4376,0,0
0.78257157888154,3907,-0.4372,0,0
0.78257187041826,3908,-0.4368,0,0
0.78257216202943,3909,-0.4364,0,0
0.78257245371504,3910,-0.436,0,0
0.78257274547509,3911,-0.4356,0,0
0.78257303730958,3912,-0.4352,0,0
0.78257332921851,3913,-0.4348,0,0
0.78257362120189,3914,-0.4344,0,0
0.7825739132597,3915,-0.434,0,0
0.78257420539196,3916,-0.4336,0,0
0.78257449759866,3917,-0.4332,0,0
0.7825747898798,3918,-0.4328,0,0
0.78257508223538,3919,-0.4324,0,0
0.7825753746654,3920,-0.432,0,0
0.78257566716986,3921,-0.4316,0,0
0.78257595974876,3922,-0.4312,0,0
0.7825762524021,3923,-0.4308,0,0
0.78257654512989,3924,-0.4304,0,0
0.78257683793211,3925,-0.43,0,0
0.78257713080877,3926,-0.4296,0,0
0.78257742375987,3927,-0.4292,0,0
0.78257771678541,3928,-0.4288,0,0
0.7825780098854,3929,-0.4284,0,0
0.78257830305982,3930,-0.428,0,0
0.78257859630868,3931,-0.4276,0,0
0.78257888963197,3932,-0.4272,0,0
0.78257918302971,3933,-0.4268,0,0
0.78257947650189,3934,-0.4264,0,0
0.7825797700485,3935,-0.426,0,0
0.78258006366956,3936,-0.4256,0,0
0.78258035736505,3937,-0.4252,0,0
0.78258065113498,3938,-0.4248,0,0
0.78258094497935,3939,-0.4244,0,0
0.78258123889816,3940,-0.424,0,0
0.7825815328914,3941,-0.4236,0,0
0.78258182695908,3942,-0.4232,0,0
0.7825821211012,3943,-0.4228,0,0
0.78258241531776,3944,-0.4224,0,0
0.78258270960876,3945,-0.422,0,0
0.78258300397419,3946,-0.4216,0,0
0.78258329841406,3947,-0.4212,0,0
0.78258359292837,3948,-0.4208,0,0
0.78258388751711,3949,-0.4204,0,0
0.78258418218029,3950,-0.42,0,0
0.78258447691791,3951,-0.4196,0,0
0.78258477172996,3952,-0.4192,0,0
0.78258506661645,3953,-0.4188,0,0
0.78258536157738,3954,-0.4184,0,0
0.78258565661274,3955,-0.418,0,0
0.78258595172254,3956,-0.4176,0,0
0.78258624690678,3957,-0.4172,0,0
0.78258654216545,3958,-0.4168,0,0
0.78258683749855,3959,-0.4164,0,0
0.78258713290609,3960,-0.416,0,0
0.78258742838807,3961,-0.4156,0,0
0.78258772394448,3962,-0.4152,0,0
0.78258801957533,3963,-0.4148,0,0
0.78258831528061,3964,-0.4144,0,0
0.78258861106033,3965,-0.414,0,0
0.78258890691448,3966,-0.4136,0,0
0.78258920284307,3967,-0.4132,0,0
0.78258949884609,3968,-0.4128,0,0
0.78258979492354,3969,-0.4124,0,0
0.78259009107543,3970,-0.412,0,0
0.78259038730176,3971,-0.4116,0,0
0.78259068360251,3972,-0.4112,0,0
0.7825909799777,3973,-0.4108,0,0
0.78259127642733,3974,-0.4104,0,0
0.78259157295139,3975,-0.41,0,0
0.78259186954988,3976,-0.4096,0,0
0.7825921662228,3977,-0.4092,0,0
0.78259246297016,3978,-0.4088,0,0
0.78259275979195,3979,-0.4084,0,0
0.78259305668818,3980,-0.408,0,0
0.78259335365883,3981,-0.4076,0,0
0.78259365070392,3982,-0.4072,0,0
0.78259394782345,3983,-0.4068,0,0
0.7825942450174,3984,-0.4064,0,0
0.78259454228579,3985,-0.406,0,0
0.7825948396286,3986,-0.4056,0,0
0.78259513704586,3987,-0.4052,0,0
0.78259543453754,3988,-0.4048,0,0
0.78259573210365,3989,-0.4044,0,0
0.7825960297442,3990,-0.404,0,0
0.78259632745917,3991,-0.4036,0,0
0.78259662524858,3992,-0.4032,0,0
0.78259692311242,3993,-0.4028,0,0
0.78259722105069,3994,-0.4024,0,0
0.78259751906339,3995,-0.402,0,0
0.78259781715053,3996,-0.4016,0,0
0.78259811531209,3997,-0.4012,0,0
0.78259841354808,3998,-0.4008,0,0
0.78259871185851,3999,-0.4004,0,0
0.78259901024336,4000,-0.4,0,0
0.78259930870265,4001,-0.3996,0,0
0.78259960723636,4002,-0.3992,0,0
0.78259990584451,4003,-0.3988,0,0
0.78260020452708,4004,-0.3984,0,0
0.78260050328408,4005,-0.398,0,0
0.78260080211552,4006,-0.3976,0,0
0.78260110102138,4007,-0.3972,0,0
0.78260140000167,4008,-0.3968,0,0
0.78260169905639,4009,-0.3964,0,0
0.78260199818554,4010,-0.396,0,0
0.78260229738912,4011,-0.3956,0,0
0.78260259666713,4012,-0.3952,0,0
0.78260289601956,4013,-0.3948,0,0
0.78260319544643,4014,-0.3944,0,0
0.78260349494772,4015,-0.394,0,0
0.78260379452344,4016,-0.3936,0,0
0.78260409417359,4017,-0.3932,0,0
0.78260439389816,4018,-0.3928,0,0
0.78260469369717,4019,-0.3924,0,0
0.7826049935706,4020,-0.392,0,0
0.78260529351846,4021,-0.3916,0,0
0.78260559354075,4022,-0.3912,0,0
0.78260589363746,4023,-0.3908,0,0
0.7826061938086,4024,-0.3904,0,0
0.78260649405417,4025,-0.39,0,0
0.78260679437417,4026,-0.3896,0,0
0.78260709476859,4027,-0.3892,0,0
0.78260739523744,4028,-0.3888,0,0
0.78260769578071,4029,-0.3884,0,0
0.78260799639841,4030,-0.388,0,0
0.78260829709054,4031,-0.3876,0,0
0.78260859785709,4032,-0.3872,0,0
0.78260889869807,4033,-0.3868,0,0
0.78260919961348,4034,-0.3864,0,0
0.78260950060331,4035,-0.386,0,0
0.78260980166756,4036,-0.3856,0,0
0.78261010280625,4037,-0.3852,0,0
0.78261040401935,4038,-0.3848,0,0
0.78261070530689,4039,-0.3844,0,0
0.78261100666884,4040,-0.384,0,0
0.78261130810522,4041,-0.3836,0,0
0.78261160961603,4042,-0.3832,0,0
0.78261191120126,4043,-0.3828,0,0
0.78261221286092,4044,-0.3824,0,0
0.782612514595,4045,-0.382,0,0
0.7826128164035,4046,-0.3816,0,0
0.78261311828643,4047,-0.3812,0,0
0.78261342024378,4048,-0.3808,0,0
0.78261372227556,4049,-0.3804,0,0
0.78261402438176,4050,-0.38,0,0
0.78261432656238,4051,-0.3796,0,0
0.78261462881743,4052,-0.3792,0,0
0.7826149311469,4053,-0.3788,0,0
0.78261523355079,4054,-0.3784,0,0
0.78261553602911,4055,-0.378,0,0
0.78261583858185,4056,-0.3776,0,0
0.78261614120901,4057,-0.3772,0,0
0.78261644391059,4058,-0.3768,0,0
0.7826167466866,4059,-0.3764,0,0
0.78261704953703,4060,-0.376,0,0
0.78261735246188,4061,-0.3756,0,0
0.78261765546115,4062,-0.3752,0,0
0.78261795853485,4063,-0.3748,0,0
0.78261826168296,4064,-0.3744,0,0
0.7826185649055,4065,-0.374,0,0
0.78261886820246,4066,-0.3736,0,0
0.78261917157385,4067,-0.3732,0,0
0.78261947501965,4068,-0.3728,0,0
0.78261977853987,4069,-0.3724,0,0
0.78262008213452,4070,-0.372,0,0
0.78262038580358,4071,-0.3716,0,0
0.78262068954707,4072,-0.3712,0,0
0.78262099336498,4073,-0.3708,0,0
0.78262129725731,4074,-0.3704,0,0
0.78262160122405,4075,-0.37,0,0
0.78262190526522,4076,-0.3696,0,0
0.78262220938081,4077,-0.3692,0,0
0.78262251357082,4078,-0.3688,0,0
0.78262281783525,4079,-0.3684,0,0
0.78262312217409,4080,-0.368,0,0
0.78262342658736,4081,-0.3676,0,0
0.78262373107505,4082,-0.3672,0,0
0.78262403563715,4083,-0.3668,0,0
0.78262434027368,4084,-0.3664,0,0
0.78262464498462,4085,-0.366,0,0
0.78262494976999,4086,-0.3656,0,0
0.78262525462977,4087,-0.3652,0,0
0.78262555956397,4088,-0.3648,0,0
0.78262586457259,4089,-0.3644,0,0
0.78262616965563,4090,-0.364,0,0
0.78262647481308,4091,-0.3636,0,0
0.78262678004495,4092,-0.3632,0,0
0.78262708535125,4093,-0.3628,0,0
0.78262739073195,4094,-0.3624,0,0
0.78262769618708,4095,-0.362,0,0
0.78262800171663,4096,-0.3616,0,0
0.78262830732059,4097,-0.3612,0,0
0.78262861299897,4098,-0.3608,0,0
0.78262891875176,4099,-0.3604,0,0
0.78262922457897,4100,-0.36,0,0
0.7826295304806,4101,-0.3596,0,0
0.78262983645665,4102,-0.3592,0,0
0.78263014250711,4103,-0.3588,0,0
0.78263044863199,4104,-0.3584,0,0
0.78263075483129,4105,-0.358,0,0
0.782631061105,4106,-0.3576,0,0
0.78263136745313,4107,-0.3572,0,0
0.78263167387567,4108,-0.3568,0,0
0.78263198037263,4109,-0.3564,0,0
0.78263228694401,4110,-0.356,0,0
0.7826325935898,4111,-0.3556,0,0
0.78263290031001,4112,-0.3552,0,0
0.78263320710463,4113,-0.3548,0,0
0.78263351397367,4114,-0.3544,0,0
0.78263382091712,4115,-0.354,0,0
0.78263412793498,4116,-0.3536,0,0
0.78263443502726,4117,-0.3532,0,0
0.78263474219396,4118,-0.3528,0,0
0.78263504943507,4119,-0.3524,0,0
0.78263535675059,4120,-0.352,0,0
0.78263566414053,4121,-0.3516,0,0
0.78263597160489,4122,-0.3512,0,0
0.78263627914365,4123,-0.3508,0,0
0.78263658675683,4124,-0.3504,0,0
0.78263689444443,4125,-0.35,0,0
0.78263720220643,4126,-0.3496,0,0
0.78263751004285,4127,-0.3492,0,0
0.78263781795369,4128,-0.3488,0,0
0.78263812593894,4129,-0.3484,0,0
0.7826384339986,4130,-0.348,0,0
0.78263874213267,4131,-0.3476,0,0
0.78263905034115,4132,-0.3472,0,0
0.78263935862405,4133,-0.3468,0,0
0.78263966698136,4134,-0.3464,0,0
0.78263997541308,4135,-0.346,0,0
0.78264028391922,4136,-0.3456,0,0
0.78264059249977,4137,-0.3452,0,0
0.78264090115472,4138,-0.3448,0,0
0.78264120988409,4139,-0.3444,0,0
0.78264151868788,4140,-0.344,0,0
0.78264182756607,4141,-0.3436,0,0
0.78264213651867,4142,-0.3432,0,0
0.78264244554569,4143,-0.3428,0,0
0.78264275464712,4144,-0.3424,0,0
0.78264306382295,4145,-0.342,0,0
0.7826433730732,4146,-0.3416,0,0
0.78264368239786,4147,-0.3412,0,0
0.78264399179693,4148,-0.3408,0,0
0.78264430127041,4149,-0.3404,0,0
0.7826446108183,4150,-0.34,0,0
0.7826449204406,4151,-0.3396,0,0
0.78264523013731,4152,-0.3392,0,0
0.78264553990843,4153,-0.3388,0,0
0.78264584975396,4154,-0.3384,0,0
0.7826461596739,4155,-0.338,0,0
0.78264646966825,4156,-0.3376,0,0
0.78264677973701,4157,-0.3372,0,0
0.78264708988017,4158,-0.3368,0,0
0.78264740009775,4159,-0.3364,0,0
0.78264771038973,4160,-0.336,0,0
0.78264802075613,4161,-0.3356,0,0
0.78264833119693,4162,-0.3352,0,0
0.78264864171214,4163,-0.3348,0,0
0.78264895230176,4164,-0.3344,0,0
0.78264926296579,4165,-0.334,0,0
0.78264957370422,4166,-0.3336,0,0
0.78264988451706,4167,-0.3332,0,0
0.78265019540432,4168,-0.3328,0,0
0.78265050636597,4169,-0.3324,0,0
0.78265081740204,4170,-0.332,0,0
0.78265112851251,4171,-0.3316,0,0
0.78265143969739,4172,-0.3312,0,0
0.78265175095668,4173,-0.3308,0,0
0.78265206229038,4174,-0.3304,0,0
0.78265237369848,4175,-0.33,0,0
0.78265268518099,4176,-0.3296,0,0
0.7826529967379,4177,-0.3292,0,0
0.78265330836922,4178,-0.3288,0,0
0.78265362007495,4179,-0.3284,0,0
0.78265393185508,4180,-0.328,0,0
0.78265424370962,4181,-0.3276,0,0
0.78265455563857,4182,-0.3272,0,0
0.78265486764192,4183,-0.3268,0,0
0.78265517971967,4184,-0.3264,0,0
0.78265549187184,4185,-0.326,0,0
0.7826558040984,4186,-0.3256,0,0
0.78265611639937,4187,-0.3252,0,0
0.78265642877475,4188,-0.3248,0,0
0.78265674122453,4189,-0.3244,0,0
0.78265705374872,4190,-0.324,0,0
0.78265736634731,4191,-0.3236,0,0
0.78265767902031,4192,-0.3232,0,0
0.78265799176771,4193,-0.3228,0,0
0.78265830458951,4194,-0.3224,0,0
0.78265861748572,4195,-0.322,0,0
0.78265893045634,4196,-0.3216,0,0
0.78265924350135,4197,-0.3212,0,0
0.78265955662077,4198,-0.3208,0,0
0.7826598698146,4199,-0.3204,0,0
0.78266018308282,4200,-0.32,0,0
0.78266049642545,4201,-0.3196,0,0
0.78266080984249,4202,-0.3192,0,0
0.78266112333392,4203,-0.3188,0,0
0.78266143689976,4204,-0.3184,0,0
0.78266175054,4205,-0.318,0,0
0.78266206425465,4206,-0.3176,0,0
0.7826623780437,4207,-0.3172,0,0
0.78266269190714,4208,-0.3168,0,0
0.782663005845,4209,-0.3164,0,0
0.78266331985725,4210,-0.316,0,0
0.7826636339439,4211,-0.3156,0,0
0.78266394810496,4212,-0.3152,0,0
0.78266426234042,4213,-0.3148,0,0
0.78266457665028,4214,-0.3144,0,0
0.78266489103454,4215,-0.314,0,0
0.7826652054932,4216,-0.3136,0,0
0.78266552002627,4217,-0.3132,0,0
0.78266583463373,4218,-0.3128,0,0
0.78266614931559,4219,-0.3124,0,0
0.78266646407186,4220,-0.312,0,0
0.78266677890253,4221,-0.3116,0,0
0.78266709380759,4222,-0.3112,0,0
0.78266740878706,4223,-0.3108,0,0
0.78266772384093,4224,-0.3104,0,0
0.78266803896919,4225,-0.31,0,0
0.78266835417186,4226,-0.3096,0,0
0.78266866944893,4227,-0.3092,0,0
0.78266898480039,4228,-0.3088,0,0
0.78266930022626,4229,-0.3084,0,0
0.78266961572652,4230,-0.308,0,0
0.78266993130118,4231,-0.3076,0,0
0.78267024695025,4232,-0.3072,0,0
0.78267056267371,4233,-0.3068,0,0
0.78267087847157,4234,-0.3064,0,0
0.78267119434382,4235,-0.306,0,0
0.78267151029048,4236,-0.3056,0,0
0.78267182631154,4237,-0.3052,0,0
0.78267214240699,4238,-0.3048,0,0
0.78267245857684,4239,-0.3044,0,0
0.78267277482109,4240,-0.304,0,0
0.78267309113973,4241,-0.3036,0,0
0.78267340753278,4242,-0.3032,0,0
0.78267372400022,4243,-0.3028,0,0
0.78267404054206,4244,-0.3024,0,0
0.7826743571583,4245,-0.302,0,0
0.78267467384893,4246,-0.3016,0,0
0.78267499061396,4247,-0.3012,0,0
0.78267530745338,4248,-0.3008,0,0
0.78267562436721,4249,-0.3004,0,0
0.78267594135543,4250,-0.3,0,0
0.78267625841804,4251,-0.2996,0,0
0.78267657555506,4252,-0.2992,0,0
0.78267689276646,4253,-0.2988,0,0
0.78267721005227,4254,-0.2984,0,0
0.78267752741247,4255,-0.298,0,0
0.78267784484706,4256,-0.2976,0,0
0.78267816235605,4257,-0.2972,0,0
0.78267847993944,4258,-0.2968,0,0
0.78267879759722,4259,-0.2964,0,0
0.7826791153294,4260,-0.296,0,0
0.78267943313597,4261,-0.2956,0,0
0.78267975101693,4262,-0.2952,0,0
0.7826800689723,4263,-0.2948,0,0
0.78268038700205,4264,-0.2944,0,0
0.7826807051062,4265,-0.294,0,0
0.78268102328474,4266,-0.2936,0,0
0.78268134153768,4267,-0.2932,0,0
0.78268165986501,4268,-0.2928,0,0
0.78268197826674,4269,-0.2924,0,0
0.78268229674286,4270,-0.292,0,0
0.78268261529337,4271,-0.2916,0,0
0.78268293391828,4272,-0.2912,0,0
0.78268325261758,4273,-0.2908,0,0
0.78268357139127,4274,-0.2904,0,0
0.78268389023936,4275,-0.29,0,0
0.78268420916183,4276,-0.2896,0,0
0.7826845281587,4277,-0.2892,0,0
0.78268484722997,4278,-0.2888,0,0
0.78268516637562,4279,-0.2884,0,0
0.78268548559567,4280,-0.288,0,0
0.78268580489011,4281,-0.2876,0,0
0.78268612425895,4282,-0.2872,0,0
0.78268644370217,4283,-0.2868,0,0
0.78268676321979,4284,-0.2864,0,0
0.78268708281179,4285,-0.286,0,0
0.78268740247819,4286,-0.2856,0,0
0.78268772221898,4287,-0.2852,0,0
0.78268804203416,4288,-0.2848,0,0
0.78268836192373,4289,-0.2844,0,0
0.7826886818877,4290,-0.284,0,0
0.78268900192605,4291,-0.2836,0,0
0.7826893220388,4292,-0.2832,0,0
0.78268964222593,4293,-0.2828,0,0
0.78268996248746,4294,-0.2824,0,0
0.78269028282337,4295,-0.282,0,0
0.78269060323368,4296,-0.2816,0,0
0.78269092371837,4297,-0.2812,0,0
0.78269124427746,4298,-0.2808,0,0
0.78269156491093,4299,-0.2804,0,0
0.78269188561879,4300,-0.28,0,0
0.78269220640105,4301,-0.2796,0,0
0.78269252725769,4302,-0.2792,0,0
0.78269284818872,4303,-0.2788,0,0
0.78269316919414,4304,-0.2784,0,0
0.78269349027395,4305,-0.278,0,0
0.78269381142815,4306,-0.2776,0,0
0.78269413265673,4307,-0.2772,0,0
0.78269445395971,4308,-0.2768,0,0
0.78269477533707,4309,-0.2764,0,0
0.78269509678882,4310,-0.276,0,0
0.78269541831496,4311,-0.2756,0,0
0.78269573991549,4312,-0.2752,0,0
0.7826960615904,4313,-0.2748,0,0
0.7826963833397,4314,-0.2744,0,0
0.78269670516339,4315,-0.274,0,0
0.78269702706147,4316,-0.2736,0,0
0.78269734903393,4317,-0.2732,0,0
0.78269767108078,4318,-0.2728,0,0
0.78269799320201,4319,-0.2724,0,0
0.78269831539764,4320,-0.272,0,0
0.78269863766765,4321,-0.2716,0,0
0.78269896001204,4322,-0.2712,0,0
0.78269928243082,4323,-0.2708,0,0
0.78269960492399,4324,-0.2704,0,0
0.78269992749155,4325,-0.27,0,0
0.78270025013349,4326,-0.2696,0,0
0.78270057284981,4327,-0.2692,0,0
0.78270089564052,4328,-0.2688,0,0
0.78270121850562,4329,-0.2684,0,0
0.7827015414451,4330,-0.268,0,0
0.78270186445897,4331,-0.2676,0,0
0.78270218754722,4332,-0.2672,0,0
0.78270251070986,4333,-0.2668,0,0
0.78270283394688,4334,-0.2664,0,0
0.78270315725828,4335,-0.266,0,0
0.78270348064407,4336,-0.2656,0,0
0.78270380410425,4337,-0.2652,0,0
0.7827041276388,4338,-0.2648,0,0
0.78270445124774,4339,-0.2644,0,0
0.78270477493107,4340,-0.264,0,0
0.78270509868878,4341,-0.2636,0,0
0.78270542252087,4342,-0.2632,0,0
0.78270574642735,4343,-0.2628,0,0
0.78270607040821,4344,-0.2624,0,0
0.78270639446345,4345,-0.262,0,0
0.78270671859308,4346,-0.2616,0,0
0.78270704279708,4347,-0.2612,0,0
0.78270736707548,4348,-0.2608,0,0
0.78270769142825,4349,-0.2604,0,0
0.7827080158554,4350,-0.26,0,0
0.78270834035694,4351,-0.2596,0,0
0.78270866493286,4352,-0.2592,0,0
0.78270898958316,4353,-0.2588,0,0
0.78270931430785,4354,-0.2584,0,0
0.78270963910691,4355,-0.258,0,0
0.78270996398036,4356,-0.2576,0,0
0.78271028892819,4357,-0.2572,0,0
0.7827106139504,4358,-0.2568,0,0
0.78271093904699,4359,-0.2564,0,0
0.78271126421796,4360,-0.256,0,0
0.78271158946331,4361,-0.2556,0,0
0.78271191478304,4362,-0.2552,0,0
0.78271224017716,4363,-0.2548,0,0
0.78271256564565,4364,-0.2544,0,0
0.78271289118853,4365,-0.254,0,0
0.78271321680578,4366,-0.2536,0,0
0.78271354249741,4367,-0.2532,0,0
0.78271386826343,4368,-0.2528,0,0
0.78271419410382,4369,-0.2524,0,0
0.78271452001859,4370,-0.252,0,0
0.78271484600775,4371,-0.2516,0,0
0.78271517207128,4372,-0.2512,0,0
0.78271549820919,4373,-0.2508,0,0
0.78271582442148,4374,-0.2504,0,0
0.78271615070815,4375,-0.25,0,0
0.78271647706919,4376,-0.2496,0,0
0.78271680350462,4377,-0.2492,0,0
0.78271713001442,4378,-0.2488,0,0
0.7827174565986,4379,-0.2484,0,0
0.78271778325716,4380,-0.248,0,0
0.7827181099901,4381,-0.2476,0,0
0.78271843679742,4382,-0.2472,0,0
0.78271876367911,4383,-0.2468,0,0
0.78271909063518,4384,-0.2464,0,0
0.78271941766563,4385,-0.246,0,0
0.78271974477045,4386,-0.2456,0,0
0.78272007194966,4387,-0.2452,0,0
0.78272039920324,4388,-0.2448,0,0
0.78272072653119,4389,-0.2444,0,0
0.78272105393352,4390,-0.244,0,0
0.78272138141023,4391,-0.2436,0,0
0.78272170896132,4392,-0.2432,0,0
0.78272203658678,4393,-0.2428,0,0
0.78272236428662,4394,-0.2424,0,0
0.78272269206083,4395,-0.242,0,0
0.78272301990942,4396,-0.2416,0,0
0.78272334783239,4397,-0.2412,0,0
0.78272367582973,4398,-0.2408,0,0
0.78272400390144,4399,-0.2404,0,0
0.78272433204753,4400,-0.24,0,0
0.782724660268,4401,-0.2396,0,0
0.78272498856284,4402,-0.2392,0,0
0.78272531693206,4403,-0.2388,0,0
0.78272564537565,4404,-0.2384,0,0
0.78272597389361,4405,-0.238,0,0
0.78272630248595,4406,-0.2376,0,0
0.78272663115267,4407,-0.2372,0,0
0.78272695989375,4408,-0.2368,0,0
0.78272728870921,4409,-0.2364,0,0
0.78272761759905,4410,-0.236,0,0
0.78272794656326,4411,-0.2356,0,0
0.78272827560184,4412,-0.2352,0,0
0.7827286047148,4413,-0.2348,0,0
0.78272893390212,4414,-0.2344,0,0
0.78272926316383,4415,-0.234,0,0
0.7827295924999,4416,-0.2336,0,0
0.78272992191035,4417,-0.2332,0,0
0.78273025139517,4418,-0.2328,0,0
0.78273058095436,4419,-0.2324,0,0
0.78273091058792,4420,-0.232,0,0
0.78273124029586,4421,-0.2316,0,0
0.78273157007817,4422,-0.2312,0,0
0.78273189993485,4423,-0.2308,0,0
0.7827322298659,4424,-0.2304,0,0
0.78273255987133,4425,-0.23,0,0
0.78273288995112,4426,-0.2296,0,0
0.78273322010529,4427,-0.2292,0,0
0.78273355033383,4428,-0.2288,0,0
0.78273388063673,4429,-0.2284,0,0
0.78273421101401,4430,-0.228,0,0
0.78273454146566,4431,-0.2276,0,0
0.78273487199169,4432,-0.2272,0,0
0.78273520259208,4433,-0.2268,0,0
0.78273553326684,4434,-0.2264,0,0
0.78273586401597,4435,-0.226,0,0
0.78273619483947,4436,-0.2256,0,0
0.78273652573734,4437,-0.2252,0,0
0.78273685670958,4438,-0.2248,0,0
0.78273718775619,4439,-0.2244,0,0
0.78273751887718,4440,-0.224,0,0
0.78273785007252,4441,-0.2236,0,0
0.78273818134224,4442,-0.2232,0,0
0.78273851268633,4443,-0.2228,0,0
0.78273884410479,4444,-0.2224,0,0
0.78273917559761,4445,-0.222,0,0
0.7827395071648,4446,-0.2216,0,0
0.78273983880637,4447,-0.2212,0,0
0.7827401705223,4448,-0.2208,0,0
0.78274050231259,4449,-0.2204,0,0
0.78274083417726,4450,-0.22,0,0
0.78274116611629,4451,-0.2196,0,0
0.7827414981297,4452,-0.2192,0,0
0.78274183021747,4453,-0.2188,0,0
0.7827421623796,4454,-0.2184,0,0
0.7827424946161,4455,-0.218,0,0
0.78274282692698,4456,-0.2176,0,0
0.78274315931221,4457,-0.2172,0,0
0.78274349177182,4458,-0.2168,0,0
0.78274382430579,4459,-0.2164,0,0
0.78274415691413,4460,-0.216,0,0
0.78274448959683,4461,-0.2156,0,0
0.7827448223539,4462,-0.2152,0,0
0.78274515518534,4463,-0.2148,0,0
0.78274548809114,4464,-0.2144,0,0
0.7827458210713,4465,-0.214,0,0
0.78274615412584,4466,-0.2136,0,0
0.78274648725474,4467,-0.2132,0,0
0.782746820458,4468,-0.2128,0,0
0.78274715373563,4469,-0.2124,0,0
0.78274748708762,4470,-0.212,0,0
0.78274782051398,4471,-0.2116,0,0
0.78274815401471,4472,-0.2112,0,0
0.7827484875898,4473,-0.2108,0,0
0.78274882123925,4474,-0.2104,0,0
0.78274915496307,4475,-0.21,0,0
0.78274948876125,4476,-0.2096,0,0
0.78274982263379,4477,-0.2092,0,0
0.7827501565807,4478,-0.2088,0,0
0.78275049060197,4479,-0.2084,0,0
0.78275082469761,4480,-0.208,0,0
0.78275115886761,4481,-0.2076,0,0
0.78275149311197,4482,-0.2072,0,0
0.7827518274307,4483,-0.2068,0,0
0.78275216182379,4484,-0.2064,0,0
0.78275249629124,4485,-0.206,0,0
0.78275283083305,4486,-0.2056,0,0
0.78275316544923,4487,-0.2052,0,0
0.78275350013977,4488,-0.2048,0,0
0.78275383490467,4489,-0.2044,0,0
0.78275416974394,4490,-0.204,0,0
0.78275450465756,4491,-0.2036,0,0
0.78275483964555,4492,-0.2032,0,0
0.7827551747079,4493,-0.2028,0,0
0.78275550984461,4494,-0.2024,0,0
0.78275584505568,4495,-0.202,0,0
0.78275618034111,4496,-0.2016,0,0
0.78275651570091,4497,-0.2012,0,0
0.78275685113506,4498,-0.2008,0,0
0.78275718664358,4499,-0.2004,0,0
0.78275752222645,4500,-0.2,0,0
0.78275785788369,4501,-0.1996,0,0
0.78275819361529,4502,-0.1992,0,0
0.78275852942125,4503,-0.1988,0,0
0.78275886530156,4504,-0.1984,0,0
0.78275920125624,4505,-0.198,0,0
0.78275953728528,4506,-0.1976,0,0
0.78275987338867,4507,-0.1972,0,0
0.78276020956643,4508,-0.1968,0,0
0.78276054581855,4509,-0.1964,0,0
0.78276088214502,4510,-0.196,0,0
0.78276121854585,4511,-0.1956,0,0
0.78276155502105,4512,-0.1952,0,0
0.7827618915706,4513,-0.1948,0,0
0.78276222819451,4514,-0.1944,0,0
0.78276256489277,4515,-0.194,0,0
0.7827629016654,4516,-0.1936,0,0
0.78276323851239,4517,-0.1932,0,0
0.78276357543373,4518,-0.1928,0,0
0.78276391242943,4519,-0.1924,0,0
0.78276424949948,4520,-0.192,0,0
0.7827645866439,4521,-0.1916,0,0
0.78276492386267,4522,-0.1912,0,0
0.7827652611558,4523,-0.1908,0,0
0.78276559852329,4524,-0.1904,0,0
0.78276593596513,4525,-0.19,0,0
0.78276627348133,4526,-0.1896,0,0
0.78276661107189,4527,-0.1892,0,0
0.7827669487368,4528,-0.1888,0,0
0.78276728647607,4529,-0.1884,0,0
0.7827676242897,4530,-0.188,0,0
0.78276796217768,4531,-0.1876,0,0
0.78276830014002,4532,-0.1872,0,0
0.78276863817671,4533,-0.1868,0,0
0.78276897628776,4534,-0.1864,0,0
0.78276931447317,4535,-0.186,0,0
0.78276965273293,4536,-0.1856,0,0
0.78276999106704,4537,-0.1852,0,0
0.78277032947551,4538,-0.1848,0,0
0.78277066795834,4539,-0.1844,0,0
0.78277100651552,4540,-0.184,0,0
0.78277134514705,4541,-0.1836,0,0
0.78277168385294,4542,-0.1832,0,0
0.78277202263318,4543,-0.1828,0,0
0.78277236148778,4544,-0.1824,0,0
0.78277270041673,4545,-0.182,0,0
0.78277303942004,4546,-0.1816,0,0
0.78277337849769,4547,-0.1812,0,0
0.78277371764971,4548,-0.1808,0,0
0.78277405687607,4549,-0.1804,0,0
0.78277439617679,4550,-0.18,0,0
0.78277473555186,4551,-0.1796,0,0
0.78277507500128,4552,-0.1792,0,0
0.78277541452506,4553,-0.1788,0,0
0.78277575412319,4554,-0.1784,0,0
0.78277609379567,4555,-0.178,0,0
0.78277643354251,4556,-0.1776,0,0
0.78277677336369,4557,-0.1772,0,0
0.78277711325923,4558,-0.1768,0,0
0.78277745322912,4559,-0.1764,0,0
0.78277779327336,4560,-0.176,0,0
0.78277813339196,4561,-0.1756,0,0
0.7827784735849,4562,-0.1752,0,0
0.7827788138522,4563,-0.1748,0,0
0.78277915419385,4564,-0.1744,0,0
0.78277949460985,4565,-0.174,0,0
0.7827798351002,4566,-0.1736,0,0
0.7827801756649,4567,-0.1732,0,0
0.78278051630395,4568,-0.1728,0,0
0.78278085701735,4569,-0.1724,0,0
0.7827811978051,4570,-0.172,0,0
0.7827815386672,4571,-0.1716,0,0
0.78278187960365,4572,-0.1712,0,0
0.78278222061445,4573,-0.1708,0,0
0.7827825616996,4574,-0.1704,0,0
0.7827829028591,4575,-0.17,0,0
0.78278324409295,4576,-0.1696,0,0
0.78278358540115,4577,-0.1692,0,0
0.78278392678369,4578,-0.1688,0,0
0.78278426824059,4579,-0.1684,0,0
0.78278460977184,4580,-0.168,0,0
0.78278495137743,4581,-0.1676,0,0
0.78278529305737,4582,-0.1672,0,0
0.78278563481166,4583,-0.1668,0,0
0.7827859766403,4584,-0.1664,0,0
0.78278631854329,4585,-0.166,0,0
0.78278666052062,4586,-0.1656,0,0
0.7827870025723,4587,-0.1652,0,0
0.78278734469833,4588,-0.1648,0,0
0.78278768689871,4589,-0.1644,0,0
0.78278802917343,4590,-0.164,0,0
0.7827883715225,4591,-0.1636,0,0
0.78278871394592,4592,-0.1632,0,0
0.78278905644368,4593,-0.1628,0,0
0.78278939901579,4594,-0.1624,0,0
0.78278974166225,4595,-0.162,0,0
0.78279008438306,4596,-0.1616,0,0
0.78279042717821,4597,-0.1612,0,0
0.7827907700477,4598,-0.1608,0,0
0.78279111299154,4599,-0.1604,0,0
0.78279145600973,4600,-0.16,0,0
0.78279179910226,4601,-0.1596,0,0
0.78279214226914,4602,-0.1592,0,0
0.78279248551037,4603,-0.1588,0,0
0.78279282882594,4604,-0.1584,0,0
0.78279317221585,4605,-0.158,0,0
0.78279351568011,4606,-0.1576,0,0
0.78279385921871,4607,-0.1572,0,0
0.78279420283166,4608,-0.1568,0,0
0.78279454651895,4609,-0.1564,0,0
0.78279489028059,4610,-0.156,0,0
0.78279523411657,4611,-0.1556,0,0
0.78279557802689,4612,-0.1552,0,0
0.78279592201156,4613,-0.1548,0,0
0.78279626607057,4614,-0.1544,0,0
0.78279661020393,4615,-0.154,0,0
0.78279695441163,4616,-0.1536,0,0
0.78279729869367,4617,-0.1532,0,0
0.78279764305005,4618,-0.1528,0,0
0.78279798748078,4619,-0.1524,0,0
0.78279833198585,4620,-0.152,0,0
0.78279867656526,4621,-0.1516,0,0
0.78279902121902,4622,-0.1512,0,0
0.78279936594711,4623,-0.1508,0,0
0.78279971074955,4624,-0.1504,0,0
0.78280005562633,4625,-0.15,0,0
0.78280040057746,4626,-0.1496,0,0
0.78280074560292,4627,-0.1492,0,0
0.78280109070273,4628,-0.1488,0,0
0.78280143587687,4629,-0.1484,0,0
0.78280178112536,4630,-0.148,0,0
0.78280212644819,4631,-0.1476,0,0
0.78280247184536,4632,-0.1472,0,0
0.78280281731687,4633,-0.1468,0,0
0.78280316286273,4634,-0.1464,0,0
0.78280350848292,4635,-0.146,0,0
0.78280385417745,4636,-0.1456,0,0
0.78280419994632,4637,-0.1452,0,0
0.78280454578954,4638,-0.1448,0,0
0.78280489170709,4639,-0.1444,0,0
0.78280523769898,4640,-0.144,0,0
0.78280558376521,4641,-0.1436,0,0
0.78280592990578,4642,-0.1432,0,0
0.78280627612069,4643,-0.1428,0,0
0.78280662240994,4644,-0.1424,0,0
0.78280696877353,4645,-0.142,0,0
0.78280731521146,4646,-0.1416,0,0
0.78280766172372,4647,-0.1412,0,0
0.78280800831033,4648,-0.1408,0,0
0.78280835497127,4649,-0.1404,0,0
0.78280870170655,4650,-0.14,0,0
0.78280904851617,4651,-0.1396,0,0
0.78280939540012,4652,-0.1392,0,0
0.78280974235842,4653,-0.1388,0,0
0.78281008939105,4654,-0.1384,0,0
0.78281043649802,4655,-0.138,0,0
0.78281078367932,4656,-0.1376,0,0
0.78281113093496,4657,-0.1372,0,0
0.78281147826494,4658,-0.1368,0,0
0.78281182566926,4659,-0.1364,0,0
0.78281217314791,4660,-0.136,0,0
0.7828125207009,4661,-0.1356,0,0
0.78281286832823,4662,-0.1352,0,0
0.78281321602989,4663,-0.1348,0,0
0.78281356380589,4664,-0.1344,0,0
0.78281391165622,4665,-0.134,0,0
0.78281425958089,4666,-0.1336,0,0
0.7828146075799,4667,-0.1332,0,0
0.78281495565324,4668,-0.1328,0,0
0.78281530380092,4669,-0.1324,0,0
0.78281565202293,4670,-0.132,0,0
0.78281600031927,4671,-0.1316,0,0
0.78281634868995,4672,-0.1312,0,0
0.78281669713497,4673,-0.1308,0,0
0.78281704565432,4674,-0.1304,0,0
0.782817394248,4675,-0.13,0,0
0.78281774291602,4676,-0.1296,0,0
0.78281809165837,4677,-0.1292,0,0
0.78281844047506,4678,-0.1288,0,0
0.78281878936608,4679,-0.1284,0,0
0.78281913833143,4680,-0.128,0,0
0.78281948737112,4681,-0.1276,0,0
0.78281983648514,4682,-0.1272,0,0
0.78282018567349,4683,-0.1268,0,0
0.78282053493618,4684,-0.1264,0,0
0.7828208842732,4685,-0.126,0,0
0.78282123368455,4686,-0.1256,0,0
0.78282158317023,4687,-0.1252,0,0
0.78282193273025,4688,-0.1248,0,0
0.7828222823646,4689,-0.1244,0,0
0.78282263207328,4690,-0.124,0,0
0.78282298185629,4691,-0.1236,0,0
0.78282333171363,4692,-0.1232,0,0
0.78282368164531,4693,-0.1228,0,0
0.78282403165131,4694,-0.1224,0,0
0.78282438173165,4695,-0.122,0,0
0.78282473188632,4696,-0.1216,0,0
0.78282508211532,4697,-0.1212,0,0
0.78282543241865,4698,-0.1208,0,0
0.78282578279631,4699,-0.1204,0,0
0.78282613324831,4700,-0.12,0,0
0.78282648377463,4701,-0.1196,0,0
0.78282683437528,4702,-0.1192,0,0
0.78282718505026,4703,-0.1188,0,0
0.78282753579958,4704,-0.1184,0,0
0.78282788662322,4705,-0.118,0,0
0.78282823752119,4706,-0.1176,0,0
0.78282858849349,4707,-0.1172,0,0
0.78282893954012,4708,-0.1168,0,0
0.78282929066108,4709,-0.1164,0,0
0.78282964185637,4710,-0.116,0,0
0.78282999312599,4711,-0.1156,0,0
0.78283034446993,4712,-0.1152,0,0
0.78283069588821,4713,-0.1148,0,0
0.78283104738081,4714,-0.1144,0,0
0.78283139894774,4715,-0.114,0,0
0.782831750589,4716,-0.1136,0,0
0.78283210230459,4717,-0.1132,0,0
0.7828324540945,4718,-0.1128,0,0
0.78283280595874,4719,-0.1124,0,0
0.78283315789731,4720,-0.112,0,0
0.78283350991021,4721,-0.1116,0,0
0.78283386199743,4722,-0.1112,0,0
0.78283421415899,4723,-0.1108,0,0
0.78283456639486,4724,-0.1104,0,0
0.78283491870507,4725,-0.11,0,0
0.7828352710896,4726,-0.1096,0,0
0.78283562354845,4727,-0.1092,0,0
0.78283597608164,4728,-0.1088,0,0
0.78283632868915,4729,-0.1084,0,0
0.78283668137098,4730,-0.108,0,0
0.78283703412714,4731,-0.1076,0,0
0.78283738695763,4732,-0.1072,0,0
0.78283773986244,4733,-0.1068,0,0
0.78283809284158,4734,-0.1064,0,0
0.78283844589504,4735,-0.106,0,0
0.78283879902283,4736,-0.1056,0,0
0.78283915222494,4737,-0.1052,0,0
0.78283950550137,4738,-0.1048,0,0
0.78283985885213,4739,-0.1044,0,0
0.78284021227722,4740,-0.104,0,0
0.78284056577663,4741,-0.1036,0,0
0.78284091935036,4742,-0.1032,0,0
0.78284127299842,4743,-0.1028,0,0
0.7828416267208,4744,-0.1024,0,0
0.7828419805175,4745,-0.102,0,0
0.78284233438853,4746,-0.1016,0,0
0.78284268833388,4747,-0.1012,0,0
0.78284304235355,4748,-0.1008,0,0
0.78284339644755,4749,-0.1004,0,0
0.78284375061587,4750,-0.1,0,0
0.78284410485851,4751,-0.0996,0,0
0.78284445917548,4752,-0.0992,0,0
0.78284481356676,4753,-0.0988,0,0
0.78284516803237,4754,-0.0984,0,0
0.7828455225723,4755,-0.098,0,0
0.78284587718656,4756,-0.0976,0,0
0.78284623187513,4757,-0.0972,0,0
0.78284658663803,4758,-0.0968,0,0
0.78284694147524,4759,-0.0964,0,0
0.78284729638678,4760,-0.096,0,0
0.78284765137264,4761,-0.0956,0,0
0.78284800643282,4762,-0.0952,0,0
0.78284836156732,4763,-0.0948,0,0
0.78284871677614,4764,-0.0944,0,0
0.78284907205929,4765,-0.094,0,0
0.78284942741675,4766,-0.0936,0,0
0.78284978284853,4767,-0.0932,0,0
0.78285013835463,4768,-0.0928,0,0
0.78285049393505,4769,-0.0924,0,0
0.7828508495898,4770,-0.092,0,0
0.78285120531886,4771,-0.0916,0,0
0.78285156112224,4772,-0.0912,0,0
0.78285191699994,4773,-0.0908,0,0
0.78285227295196,4774,-0.0904,0,0
0.78285262897829,4775,-0.09,0,0
0.78285298507895,4776,-0.0896,0,0
0.78285334125392,4777,-0.0892,0,0
0.78285369750322,4778,-0.0888,0,0
0.78285405382683,4779,-0.0884,0,0
0.78285441022476,4780,-0.088,0,0
0.78285476669701,4781,-0.0876,0,0
0.78285512324357,4782,-0.0872,0,0
0.78285547986445,4783,-0.0868,0,0
0.78285583655965,4784,-0.0864,0,0
0.78285619332917,4785,-0.086,0,0
0.78285655017301,4786,-0.0856,0,0
0.78285690709116,4787,-0.0852,0,0
0.78285726408362,4788,-0.0848,0,0
0.78285762115041,4789,-0.0844,0,0
0.78285797829151,4790,-0.084,0,0
0.78285833550693,4791,-0.0836,0,0
0.78285869279666,4792,-0.0832,0,0
0.78285905016071,4793,-0.0828,0,0
0.78285940759908,4794,-0.0824,0,0
0.78285976511176,4795,-0.082,0,0
0.78286012269876,4796,-0.0816,0,0
0.78286048036007,4797,-0.0812,0,0
0.7828608380957,4798,-0.0808,0,0
0.78286119590564,4799,-0.0804,0,0
0.7828615537899,4800,-0.08,0,0
0.78286191174847,4801,-0.0796,0,0
0.78286226978136,4802,-0.0792,0,0
0.78286262788856,4803,-0.0788,0,0
0.78286298607008,4804,-0.0784,0,0
0.78286334432591,4805,-0.078,0,0
0.78286370265605,4806,-0.0776,0,0
0.78286406106051,4807,-0.0772,0,0
0.78286441953928,4808,-0.0768,0,0
0.78286477809237,4809,-0.0764,0,0
0.78286513671977,4810,-0.076,0,0
0.78286549542148,4811,-0.0756,0,0
0.7828658541975,4812,-0.0752,0,0
0.78286621304784,4813,-0.0748,0,0
0.78286657197249,4814,-0.0744,0,0
0.78286693097145,4815,-0.074,0,0
0.78286729004473,4816,-0.0736,0,0
0.78286764919232,4817,-0.0732,0,0
0.78286800841422,4818,-0.0728,0,0
0.78286836771043,4819,-0.0724,0,0
0.78286872708095,4820,-0.072,0,0
0.78286908652579,4821,-0.0716,0,0
0.78286944604493,4822,-0.0712,0,0
0.78286980563839,4823,-0.0708,0,0
0.78287016530616,4824,-0.0704,0,0
0.78287052504824,4825,-0.07,0,0
0.78287088486463,4826,-0.0696,0,0
0.78287124475533,4827,-0.0692,0,0
0.78287160472035,4828,-0.0688,0,0
0.78287196475967,4829,-0.0684,0,0
0.7828723248733,4830,-0.068,0,0
0.78287268506124,4831,-0.0676,0,0
0.7828730453235,4832,-0.0672,0,0
0.78287340566006,4833,-0.0668,0,0
0.78287376607093,4834,-0.0664,0,0
0.78287412655611,4835,-0.066,0,0
0.7828744871156,4836,-0.0656,0,0
0.7828748477494,4837,-0.0652,0,0
0.78287520845751,4838,-0.0648,0,0
0.78287556923993,4839,-0.0644,0,0
0.78287593009666,4840,-0.064,0,0
0.78287629102769,4841,-0.0636,0,0
0.78287665203303,4842,-0.0632,0,0
0.78287701311268,4843,-0.0628,0,0
0.78287737426664,4844,-0.0624,0,0
0.78287773549491,4845,-0.062,0,0
0.78287809679749,4846,-0.0616,0,0
0.78287845817437,4847,-0.0612,0,0
0.78287881962556,4848,-0.0608,0,0
0.78287918115105,4849,-0.0604,0,0
0.78287954275086,4850,-0.06,0,0
0.78287990442497,4851,-0.0596,0,0
0.78288026617339,4852,-0.0592,0,0
0.78288062799611,4853,-0.0588,0,0
0.78288098989314,4854,-0.0584,0,0
0.78288135186448,4855,-0.058,0,0
0.78288171391012,4856,-0.0576,0,0
0.78288207603007,4857,-0.0572,0,0
0.78288243822432,4858,-0.0568,0,0
0.78288280049288,4859,-0.0564,0,0
0.78288316283575,4860,-0.056,0,0
0.78288352525292,4861,-0.0556,0,0
0.78288388774439,4862,-0.0552,0,0
0.78288425031017,4863,-0.0548,0,0
0.78288461295026,4864,-0.0544,0,0
0.78288497566465,4865,-0.054,0,0
0.78288533845334,4866,-0.0536,0,0
0.78288570131634,4867,-0.0532,0,0
0.78288606425365,4868,-0.0528,0,0
0.78288642726525,4869,-0.0524,0,0
0.78288679035116,4870,-0.052,0,0
0.78288715351138,4871,-0.0516,0,0
0.7828875167459,4872,-0.0512,0,0
0.78288788005472,4873,-0.0508,0,0
0.78288824343784,4874,-0.0504,0,0
0.78288860689527,4875,-0.05,0,0
0.782888970427,4876,-0.0496,0,0
0.78288933403304,4877,-0.0492,0,0
0.78288969771337,4878,-0.0488,0,0
0.78289006146801,4879,-0.0484,0,0
0.78289042529695,4880,-0.048,0,0
0.7828907892002,4881,-0.0476,0,0
0.78289115317774,4882,-0.0472,0,0
0.78289151722959,4883,-0.0468,0,0
0.78289188135574,4884,-0.0464,0,0
0.78289224555619,4885,-0.046,0,0
0.78289260983094,4886,-0.0456,0,0
0.78289297417999,4887,-0.0452,0,0
0.78289333860334,4888,-0.0448,0,0
0.782893703101,4889,-0.0444,0,0
0.78289406767295,4890,-0.044,0,0
0.78289443231921,4891,-0.0436,0,0
0.78289479703976,4892,-0.0432,0,0
0.78289516183462,4893,-0.0428,0,0
0.78289552670377,4894,-0.0424,0,0
0.78289589164723,4895,-0.042,0,0
0.78289625666499,4896,-0.0416,0,0
0.78289662175704,4897,-0.0412,0,0
0.78289698692339,4898,-0.0408,0,0
0.78289735216405,4899,-0.0404,0,0
0.782897717479,4900,-0.04,0,0
0.78289808286825,4901,-0.0396,0,0
0.7828984483318,4902,-0.0392,0,0
0.78289881386965,4903,-0.0388,0,0
0.7828991794818,4904,-0.0384,0,0
0.78289954516824,4905,-0.038,0,0
0.78289991092899,4906,-0.0376,0,0
0.78290027676403,4907,-0.0372,0,0
0.78290064267337,4908,-0.0368,0,0
0.78290100865701,4909,-0.0364,0,0
0.78290137471494,4910,-0.036,0,0
0.78290174084717,4911,-0.0356,0,0
0.7829021070537,4912,-0.0352,0,0
0.78290247333453,4913,-0.0348,0,0
0.78290283968965,4914,-0.0344,0,0
0.78290320611907,4915,-0.034,0,0
0.78290357262279,4916,-0.0336,0,0
0.7829039392008,4917,-0.0332,0,0
0.78290430585311,4918,-0.0328,0,0
0.78290467257971,4919,-0.0324,0,0
0.78290503938061,4920,-0.032,0,0
0.78290540625581,4921,-0.0316,0,0
0.7829057732053,4922,-0.0312,0,0
0.78290614022908,4923,-0.0308,0,0
0.78290650732717,4924,-0.0304,0,0
0.78290687449954,4925,-0.03,0,0
0.78290724174622,4926,-0.0296,0,0
0.78290760906718,4927,-0.0292,0,0
0.78290797646244,4928,-0.0288,0,0
0.782908343932,4929,-0.0284,0,0
0.78290871147585,4930,-0.028,0,0
0.78290907909399,4931,-0.0276,0,0
0.78290944678643,4932,-0.0272,0,0
0.78290981455316,4933,-0.0268,0,0
0.78291018239419,4934,-0.0264,0,0
0.78291055030951,4935,-0.026,0,0
0.78291091829912,4936,-0.0256,0,0
0.78291128636302,4937,-0.0252,0,0
0.78291165450122,4938,-0.0248,0,0
0.78291202271371,4939,-0.0244,0,0
0.7829123910005,4940,-0.024,0,0
0.78291275936157,4941,-0.0236,0,0
0.78291312779694,4942,-0.0232,0,0
0.7829134963066,4943,-0.0228,0,0
0.78291386489055,4944,-0.0224,0,0
0.7829142335488,4945,-0.022,0,0
0.78291460228133,4946,-0.0216,0,0
0.78291497108816,4947,-0.0212,0,0
0.78291533996928,4948,-0.0208,0,0
0.78291570892469,4949,-0.0204,0,0
0.78291607795439,4950,-0.02,0,0
0.78291644705838,4951,-0.0196,0,0
0.78291681623666,4952,-0.0192,0,0
0.78291718548924,4953,-0.0188,0,0
0.7829175548161,4954,-0.0184,0,0
0.78291792421725,4955,-0.018,0,0
0.7829182936927,4956,-0.0176,0,0
0.78291866324243,4957,-0.0172,0,0
0.78291903286645,4958,-0.0168,0,0
0.78291940256477,4959,-0.0164,0,0
0.78291977233737,4960,-0.016,0,0
0.78292014218426,4961,-0.0156,0,0
0.78292051210544,4962,-0.0152,0,0
0.78292088210091,4963,-0.0148,0,0
0.78292125217067,4964,-0.0144,0,0
0.78292162231471,4965,-0.014,0,0
0.78292199253305,4966,-0.0136,0,0
0.78292236282567,4967,-0.0132,0,0
0.78292273319258,4968,-0.0128,0,0
0.78292310363378,4969,-0.0124,0,0
0.78292347414927,4970,-0.012,0,0
0.78292384473904,4971,-0.0116,0,0
0.7829242154031,4972,-0.0112,0,0
0.78292458614145,4973,-0.0108,0,0
0.78292495695409,4974,-0.0104,0,0
0.78292532784101,4975,-0.01,0,0
0.78292569880222,4976,-0.0096000000000001,0,0
0.78292606983772,4977,-0.0092000000000001,0,0
0.7829264409475,4978,-0.0087999999999999,0,0
0.78292681213157,4979,-0.0084,0,0
0.78292718338993,4980,-0.008,0,0
0.78292755472257,4981,-0.0076000000000001,0,0
0.7829279261295,4982,-0.0072000000000001,0,0
0.78292829761071,4983,-0.0067999999999999,0,0
0.78292866916621,4984,-0.0064,0,0
0.78292904079599,4985,-0.006,0,0
0.78292941250006,4986,-0.0056,0,0
0.78292978427842,4987,-0.0052000000000001,0,0
0.78293015613106,4988,-0.0047999999999999,0,0
0.78293052805798,4989,-0.0044,0,0
0.78293090005919,4990,-0.004,0,0
0.78293127213468,4991,-0.0036,0,0
0.78293164428446,4992,-0.0032000000000001,0,0
0.78293201650852,4993,-0.0027999999999999,0,0
0.78293238880686,4994,-0.0024,0,0
0.78293276117949,4995,-0.002,0,0
0.7829331336264,4996,-0.0016,0,0
0.7829335061476,4997,-0.0012000000000001,0,0
0.78293387874307,4998,-0.00079999999999991,0,0
0.78293425141284,4999,-0.00039999999999996,0,0
0.78293443777557,15005,-0.00019999999999998,0,0
0.7829345309639,15011,-9.9999999999989e-05,0,0
0.78293457755981,15017,-4.9999999999994e-05,0,0
0.7829346008582,15021,-2.4999999999997e-05,0,0
0.7829346125075,15028,-1.2499999999999e-05,0,0
0.78293462415688,5000,0,0,0
0.4166064377171,10000,1,0,0
0.41660645787162,15024,1.0000125,0,0
0.41660647802602,15019,1.000025,0,0
0.41660651833442,15015,1.00005,0,0
0.41660659894972,15007,1.0001,0,0
0.41660676017422,15002,1.0002,0,0
0.41660708259891,10001,1.0004,0,0
0.41660772735099,10002,1.0008,0,0
0.41660837197336,10003,1.0012,0,0
0.41660901646599,10004,1.0016,0,0
0.41660966082891,10005,1.002,0,0
0.4166103050621,10006,1.0024,0,0
0.41661094916558,10007,1.0028,0,0
0.41661159313933,10008,1.0032,0,0
0.41661223698336,10009,1.0036,0,0
0.41661288069767,10010,1.004,0,0
0.41661352428226,10011,1.0044,0,0
0.41661416773713,10012,1.0048,0,0
0.41661481106229,10013,1.0052,0,0
0.41661545425772,10014,1.0056,0,0
0.41661609732344,10015,1.006,0,0
0.41661674025944,10016,1.0064,0,0
0.41661738306572,10017,1.0068,0,0
0.41661802574229,10018,1.0072,0,0
0.41661866828914,10019,1.0076,0,0
0.41661931070627,10020,1.008,0,0
0.41661995299369,10021,1.0084,0,0
0.4166205951514,10022,1.0088,0,0
0.41662123717939,10023,1.0092,0,0
0.41662187907766,10024,1.0096,0,0
0.41662252084622,10025,1.01,0,0
0.41662316248507,10026,1.0104,0,0
0.41662380399421,10027,1.0108,0,0
0.41662444537363,10028,1.0112,0,0
0.41662508662335,10029,1.0116,0,0
0.41662572774335,10030,1.012,0,0
0.41662636873364,10031,1.0124,0,0
0.41662700959422,10032,1.0128,0,0
0.41662765032509,10033,1.0132,0,0
0.41662829092625,10034,1.0136,0,0
0.4166289313977,10035,1.014,0,0
0.41662957173944,10036,1.0144,0,0
0.41663021195148,10037,1.0148,0,0
0.41663085203381,10038,1.0152,0,0
0.41663149198643,10039,1.0156,0,0
0.41663213180934,10040,1.016,0,0
0.41663277150255,10041,1.0164,0,0
0.41663341106605,10042,1.0168,0,0
0.41663405049984,10043,1.0172,0,0
0.41663468980393,10044,1.0176,0,0
0.41663532897831,10045,1.018,0,0
0.41663596802299,10046,1.0184,0,0
0.41663660693797,10047,1.0188,0,0
0.41663724572324,10048,1.0192,0,0
0.41663788437881,10049,1.0196,0,0
0.41663852290468,10050,1.02,0,0
0.41663916130085,10051,1.0204,0,0
0.41663979956731,10052,1.0208,0,0
0.41664043770408,10053,1.0212,0,0
0.41664107571114,10054,1.0216,0,0
0.4166417135885,10055,1.022,0,0
0.41664235133616,10056,1.0224,0,0
0.41664298895412,10057,1.0228,0,0
0.41664362644239,10058,1.0232,0,0
0.41664426380095,10059,1.0236,0,0
0.41664490102982,10060,1.024,0,0
0.41664553812899,10061,1.0244,0,0
0.41664617509846,10062,1.0248,0,0
0.41664681193823,10063,1.0252,0,0
0.41664744864831,10064,1.0256,0,0
0.41664808522869,10065,1.026,0,0
0.41664872167938,10066,1.0264,0,0
0.41664935800037,10067,1.0268,0,0
0.41664999419167,10068,1.0272,0,0
0.41665063025327,10069,1.0276,0,0
0.41665126618518,10070,1.028,0,0
0.4166519019874,10071,1.0284,0,0
0.41665253765992,10072,1.0288,0,0
0.41665317320275,10073,1.0292,0,0
0.41665380861589,10074,1.0296,0,0
0.41665444389934,10075,1.03,0,0
0.41665507905309,10076,1.0304,0,0
0.41665571407716,10077,1.0308,0,0
0.41665634897153,10078,1.0312,0,0
0.41665698373622,10079,1.0316,0,0
0.41665761837121,10080,1.032,0,0
0.41665825287652,10081,1.0324,0,0
0.41665888725214,10082,1.0328,0,0
0.41665952149806,10083,1.0332,0,0
0.41666015561431,10084,1.0336,0,0
0.41666078960086,10085,1.034,0,0
0.41666142345773,10086,1.0344,0,0
0.41666205718491,10087,1.0348,0,0
0.41666269078241,10088,1.0352,0,0
0.41666332425022,10089,1.0356,0,0
0.41666395758834,10090,1.036,0,0
0.41666459079678,10091,1.0364,0,0
0.41666522387554,10092,1.0368,0,0
0.41666585682461,10093,1.0372,0,0
0.416666489644,10094,1.0376,0,0
0.4166671223337,10095,1.038,0,0
0.41666775489373,10096,1.0384,0,0
0.41666838732407,10097,1.0388,0,0
0.41666901962473,10098,1.0392,0,0
0.41666965179571,10099,1.0396,0,0
0.416670283837,10100,1.04,0,0
0.41667091574862,10101,1.0404,0,0
0.41667154753056,10102,1.0408,0,0
0.41667217918282,10103,1.0412,0,0
0.4166728107054,10104,1.0416,0,0
0.4166734420983,10105,1.042,0,0
0.41667407336152,10106,1.0424,0,0
0.41667470449506,10107,1.0428,0,0
0.41667533549893,10108,1.0432,0,0
0.41667596637312,10109,1.0436,0,0
0.41667659711764,10110,1.044,0,0
0.41667722773247,10111,1.0444,0,0
0.41667785821764,10112,1.0448,0,0
0.41667848857312,10113,1.0452,0,0
0.41667911879894,10114,1.0456,0,0
0.41667974889508,10115,1.046,0,0
0.41668037886154,10116,1.0464,0,0
0.41668100869833,10117,1.0468,0,0
0.41668163840545,10118,1.0472,0,0
0.4166822679829,10119,1.0476,0,0
0.41668289743067,10120,1.048,0,0
0.41668352674877,10121,1.0484,0,0
0.4166841559372,10122,1.0488,0,0
0.41668478499596,10123,1.0492,0,0
0.41668541392505,10124,1.0496,0,0
0.41668604272447,10125,1.05,0,0
0.41668667139422,10126,1.0504,0,0
0.4166872999343,10127,1.0508,0,0
0.41668792834472,10128,1.0512,0,0
0.41668855662546,10129,1.0516,0,0
0.41668918477654,10130,1.052,0,0
0.41668981279794,10131,1.0524,0,0
0.41669044068969,10132,1.0528,0,0
0.41669106845176,10133,1.0532,0,0
0.41669169608417,10134,1.0536,0,0
0.41669232358692,10135,1.054,0,0
0.41669295095999,10136,1.0544,0,0
0.41669357820341,10137,1.0548,0,0
0.41669420531716,10138,1.0552,0,0
0.41669483230124,10139,1.0556,0,0
0.41669545915567,10140,1.056,0,0
0.41669608588042,10141,1.0564,0,0
0.41669671247552,10142,1.0568,0,0
0.41669733894096,10143,1.0572,0,0
0.41669796527673,10144,1.0576,0,0
0.41669859148284,10145,1.058,0,0
0.41669921755929,10146,1.0584,0,0
0.41669984350608,10147,1.0588,0,0
0.41670046932321,10148,1.0592,0,0
0.41670109501068,10149,1.0596,0,0
0.41670172056849,10150,1.06,0,0
0.41670234599664,10151,1.0604,0,0
0.41670297129513,10152,1.0608,0,0
0.41670359646397,10153,1.0612,0,0
0.41670422150315,10154,1.0616,0,0
0.41670484641267,10155,1.062,0,0
0.41670547119253,10156,1.0624,0,0
0.41670609584274,10157,1.0628,0,0
0.4167067203633,10158,1.0632,0,0
0.41670734475419,10159,1.0636,0,0
0.41670796901543,10160,1.064,0,0
0.41670859314702,10161,1.0644,0,0
0.41670921714896,10162,1.0648,0,0
0.41670984102124,10163,1.0652,0,0
0.41671046476386,10164,1.0656,0,0
0.41671108837684,10165,1.066,0,0
0.41671171186016,10166,1.0664,0,0
0.41671233521383,10167,1.0668,0,0
0.41671295843785,10168,1.0672,0,0
0.41671358153221,10169,1.0676,0,0
0.41671420449693,10170,1.068,0,0
0.416714827332,10171,1.0684,0,0
0.41671545003741,10172,1.0688,0,0
0.41671607261318,10173,1.0692,0,0
0.4167166950593,10174,1.0696,0,0
0.41671731737577,10175,1.07,0,0
0.41671793956259,10176,1.0704,0,0
0.41671856161977,10177,1.0708,0,0
0.41671918354729,10178,1.0712,0,0
0.41671980534517,10179,1.0716,0,0
0.41672042701341,10180,1.072,0,0
0.41672104855199,10181,1.0724,0,0
0.41672166996094,10182,1.0728,0,0
0.41672229124023,10183,1.0732,0,0
0.41672291238989,10184,1.0736,0,0
0.41672353340989,10185,1.074,0,0
0.41672415430026,10186,1.0744,0,0
0.41672477506098,10187,1.0748,0,0
0.41672539569206,10188,1.0752,0,0
0.41672601619349,10189,1.0756,0,0
0.41672663656529,10190,1.076,0,0
0.41672725680744,10191,1.0764,0,0
0.41672787691995,10192,1.0768,0,0
0.41672849690282,10193,1.0772,0,0
0.41672911675605,10194,1.0776,0,0
0.41672973647964,10195,1.078,0,0
0.41673035607359,10196,1.0784,0,0
0.4167309755379,10197,1.0788,0,0
0.41673159487257,10198,1.0792,0,0
0.4167322140776,10199,1.0796,0,0
0.416732833153,10200,1.08,0,0
0.41673345209875,10201,1.0804,0,0
0.41673407091488,10202,1.0808,0,0
0.41673468960136,10203,1.0812,0,0
0.41673530815821,10204,1.0816,0,0
0.41673592658542,10205,1.082,0,0
0.416736544883,10206,1.0824,0,0
0.41673716305094,10207,1.0828,0,0
0.41673778108925,10208,1.0832,0,0
0.41673839899792,10209,1.0836,0,0
0.41673901677696,10210,1.084,0,0
0.41673963442637,10211,1.0844,0,0
0.41674025194614,10212,1.0848,0,0
0.41674086933628,10213,1.0852,0,0
0.41674148659679,10214,1.0856,0,0
0.41674210372767,10215,1.086,0,0
0.41674272072892,10216,1.0864,0,0
0.41674333760053,10217,1.0868,0,0
0.41674395434252,10218,1.0872,0,0
0.41674457095488,10219,1.0876,0,0
0.4167451874376,10220,1.088,0,0
0.4167458037907,10221,1.0884,0,0
0.41674642001417,10222,1.0888,0,0
0.41674703610801,10223,1.0892,0,0
0.41674765207223,10224,1.0896,0,0
0.41674826790681,10225,1.09,0,0
0.41674888361177,10226,1.0904,0,0
0.4167494991871,10227,1.0908,0,0
0.41675011463281,10228,1.0912,0,0
0.41675072994889,10229,1.0916,0,0
0.41675134513535,10230,1.092,0,0
0.41675196019218,10231,1.0924,0,0
0.41675257511939,10232,1.0928,0,0
0.41675318991697,10233,1.0932,0,0
0.41675380458493,10234,1.0936,0,0
0.41675441912327,10235,1.094,0,0
0.41675503353198,10236,1.0944,0,0
0.41675564781107,10237,1.0948,0,0
0.41675626196054,10238,1.0952,0,0
0.41675687598039,10239,1.0956,0,0
0.41675748987062,10240,1.096,0,0
0.41675810363122,10241,1.0964,0,0
0.41675871726221,10242,1.0968,0,0
0.41675933076358,10243,1.0972,0,0
0.41675994413532,10244,1.0976,0,0
0.41676055737745,10245,1.098,0,0
0.41676117048996,10246,1.0984,0,0
0.41676178347286,10247,1.0988,0,0
0.41676239632613,10248,1.0992,0,0
0.41676300904979,10249,1.0996,0,0
0.41676362164383,10250,1.1,0,0
0.41676423410825,10251,1.1004,0,0
0.41676484644306,10252,1.1008,0,0
0.41676545864825,10253,1.1012,0,0
0.41676607072383,10254,1.1016,0,0
0.4167666826698,10255,1.102,0,0
0.41676729448614,10256,1.1024,0,0
0.41676790617288,10257,1.1028,0,0
0.41676851773,10258,1.1032,0,0
0.41676912915751,10259,1.1036,0,0
0.41676974045541,10260,1.104,0,0
0.41677035162369,10261,1.1044,0,0
0.41677096266236,10262,1.1048,0,0
0.41677157357142,10263,1.1052,0,0
0.41677218435087,10264,1.1056,0,0
0.41677279500071,10265,1.106,0,0
0.41677340552094,10266,1.1064,0,0
0.41677401591156,10267,1.1068,0,0
0.41677462617257,10268,1.1072,0,0
0.41677523630397,10269,1.1076,0,0
0.41677584630577,10270,1.108,0,0
0.41677645617795,10271,1.1084,0,0
0.41677706592053,10272,1.1088,0,0
0.4167776755335,10273,1.1092,0,0
0.41677828501686,10274,1.1096,0,0
0.41677889437062,10275,1.11,0,0
0.41677950359477,10276,1.1104,0,0
0.41678011268932,10277,1.1108,0,0
0.41678072165426,10278,1.1112,0,0
0.4167813304896,10279,1.1116,0,0
0.41678193919533,10280,1.112,0,0
0.41678254777146,10281,1.1124,0,0
0.41678315621798,10282,1.1128,0,0
0.4167837645349,10283,1.1132,0,0
0.41678437272222,10284,1.1136,0,0
0.41678498077994,10285,1.114,0,0
0.41678558870806,10286,1.1144,0,0
0.41678619650657,10287,1.1148,0,0
0.41678680417548,10288,1.1152,0,0
0.4167874117148,10289,1.1156,0,0
0.41678801912451,10290,1.116,0,0
0.41678862640462,10291,1.1164,0,0
0.41678923355514,10292,1.1168,0,0
0.41678984057605,10293,1.1172,0,0
0.41679044746737,10294,1.1176,0,0
0.41679105422909,10295,1.118,0,0
0.41679166086121,10296,1.1184,0,0
0.41679226736373,10297,1.1188,0,0
0.41679287373666,10298,1.1192,0,0
0.41679347997999,10299,1.1196,0,0
0.41679408609373,10300,1.12,0,0
0.41679469207787,10301,1.1204,0,0
0.41679529793241,10302,1.1208,0,0
0.41679590365736,10303,1.1212,0,0
0.41679650925272,10304,1.1216,0,0
0.41679711471848,10305,1.122,0,0
0.41679772005465,10306,1.1224,0,0
0.41679832526122,10307,1.1228,0,0
0.41679893033821,10308,1.1232,0,0
0.4167995352856,10309,1.1236,0,0
0.4168001401034,10310,1.124,0,0
0.4168007447916,10311,1.1244,0,0
0.41680134935022,10312,1.1248,0,0
0.41680195377925,10313,1.1252,0,0
0.41680255807868,10314,1.1256,0,0
0.41680316224853,10315,1.126,0,0
0.41680376628879,10316,1.1264,0,0
0.41680437019946,10317,1.1268,0,0
0.41680497398054,10318,1.1272,0,0
0.41680557763203,10319,1.1276,0,0
0.41680618115393,10320,1.128,0,0
0.41680678454625,10321,1.1284,0,0
0.41680738780898,10322,1.1288,0,0
0.41680799094212,10323,1.1292,0,0
0.41680859394568,10324,1.1296,0,0
0.41680919681966,10325,1.13,0,0
0.41680979956404,10326,1.1304,0,0
0.41681040217885,10327,1.1308,0,0
0.41681100466406,10328,1.1312,0,0
0.4168116070197,10329,1.1316,0,0
0.41681220924575,10330,1.132,0,0
0.41681281134222,10331,1.1324,0,0
0.4168134133091,10332,1.1328,0,0
0.41681401514641,10333,1.1332,0,0
0.41681461685413,10334,1.1336,0,0
0.41681521843227,10335,1.134,0,0
0.41681581988083,10336,1.1344,0,0
0.4168164211998,10337,1.1348,0,0
0.4168170223892,10338,1.1352,0,0
0.41681762344902,10339,1.1356,0,0
0.41681822437926,10340,1.136,0,0
0.41681882517992,10341,1.1364,0,0
0.416819425851,10342,1.1368,0,0
0.4168200263925,10343,1.1372,0,0
0.41682062680443,10344,1.1376,0,0
0.41682122708678,10345,1.138,0,0
0.41682182723955,10346,1.1384,0,0
0.41682242726274,10347,1.1388,0,0
0.41682302715636,10348,1.1392,0,0
0.41682362692041,10349,1.1396,0,0
0.41682422655487,10350,1.14,0,0
0.41682482605977,10351,1.1404,0,0
0.41682542543509,10352,1.1408,0,0
0.41682602468083,10353,1.1412,0,0
0.416826623797,10354,1.1416,0,0
0.4168272227836,10355,1.142,0,0
0.41682782164063,10356,1.1424,0,0
0.41682842036808,10357,1.1428,0,0
0.41682901896596,10358,1.1432,0,0
0.41682961743427,10359,1.1436,0,0
0.41683021577301,10360,1.144,0,0
0.41683081398217,10361,1.1444,0,0
0.41683141206177,10362,1.1448,0,0
0.4168320100118,10363,1.1452,0,0
0.41683260783226,10364,1.1456,0,0
0.41683320552314,10365,1.146,0,0
0.41683380308446,10366,1.1464,0,0
0.41683440051622,10367,1.1468,0,0
0.4168349978184,10368,1.1472,0,0
0.41683559499102,10369,1.1476,0,0
0.41683619203407,10370,1.148,0,0
0.41683678894755,10371,1.1484,0,0
0.41683738573146,10372,1.1488,0,0
0.41683798238581,10373,1.1492,0,0
0.4168385789106,10374,1.1496,0,0
0.41683917530582,10375,1.15,0,0
0.41683977157148,10376,1.1504,0,0
0.41684036770757,10377,1.1508,0,0
0.41684096371409,10378,1.1512,0,0
0.41684155959106,10379,1.1516,0,0
0.41684215533846,10380,1.152,0,0
0.4168427509563,10381,1.1524,0,0
0.41684334644458,10382,1.1528,0,0
0.41684394180329,10383,1.1532,0,0
0.41684453703244,10384,1.1536,0,0
0.41684513213204,10385,1.154,0,0
0.41684572710207,10386,1.1544,0,0
0.41684632194254,10387,1.1548,0,0
0.41684691665345,10388,1.1552,0,0
0.41684751123481,10389,1.1556,0,0
0.4168481056866,10390,1.156,0,0
0.41684870000884,10391,1.1564,0,0
0.41684929420151,10392,1.1568,0,0
0.41684988826463,10393,1.1572,0,0
0.4168504821982,10394,1.1576,0,0
0.4168510760022,10395,1.158,0,0
0.41685166967665,10396,1.1584,0,0
0.41685226322155,10397,1.1588,0,0
0.41685285663688,10398,1.1592,0,0
0.41685344992267,10399,1.1596,0,0
0.41685404307889,10400,1.16,0,0
0.41685463610557,10401,1.1604,0,0
0.41685522900269,10402,1.1608,0,0
0.41685582177025,10403,1.1612,0,0
0.41685641440826,10404,1.1616,0,0
0.41685700691672,10405,1.162,0,0
0.41685759929563,10406,1.1624,0,0
0.41685819154499,10407,1.1628,0,0
0.41685878366479,10408,1.1632,0,0
0.41685937565504,10409,1.1636,0,0
0.41685996751575,10410,1.164,0,0
0.4168605592469,10411,1.1644,0,0
0.4168611508485,10412,1.1648,0,0
0.41686174232055,10413,1.1652,0,0
0.41686233366305,10414,1.1656,0,0
0.41686292487601,10415,1.166,0,0
0.41686351595941,10416,1.1664,0,0
0.41686410691327,10417,1.1668,0,0
0.41686469773758,10418,1.1672,0,0
0.41686528843235,10419,1.1676,0,0
0.41686587899756,10420,1.168,0,0
0.41686646943323,10421,1.1684,0,0
0.41686705973936,10422,1.1688,0,0
0.41686764991594,10423,1.1692,0,0
0.41686823996297,10424,1.1696,0,0
0.41686882988046,10425,1.17,0,0
0.4168694196684,10426,1.1704,0,0
0.41687000932681,10427,1.1708,0,0
0.41687059885566,10428,1.1712,0,0
0.41687118825498,10429,1.1716,0,0
0.41687177752475,10430,1.172,0,0
0.41687236666498,10431,1.1724,0,0
0.41687295567567,10432,1.1728,0,0
0.41687354455681,10433,1.1732,0,0
0.41687413330842,10434,1.1736,0,0
0.41687472193048,10435,1.174,0,0
0.41687531042301,10436,1.1744,0,0
0.41687589878599,10437,1.1748,0,0
0.41687648701944,10438,1.1752,0,0
0.41687707512334,10439,1.1756,0,0
0.41687766309771,10440,1.176,0,0
0.41687825094254,10441,1.1764,0,0
0.41687883865783,10442,1.1768,0,0
0.41687942624358,10443,1.1772,0,0
0.4168800136998,10444,1.1776,0,0
0.41688060102648,10445,1.178,0,0
0.41688118822363,10446,1.1784,0,0
0.41688177529123,10447,1.1788,0,0
0.41688236222931,10448,1.1792,0,0
0.41688294903785,10449,1.1796,0,0
0.41688353571685,10450,1.18,0,0
0.41688412226632,10451,1.1804,0,0
0.41688470868625,10452,1.1808,0,0
0.41688529497665,10453,1.1812,0,0
0.41688588113752,10454,1.1816,0,0
0.41688646716886,10455,1.182,0,0
0.41688705307066,10456,1.1824,0,0
0.41688763884294,10457,1.1828,0,0
0.41688822448568,10458,1.1832,0,0
0.41688880999889,10459,1.1836,0,0
0.41688939538257,10460,1.184,0,0
0.41688998063672,10461,1.1844,0,0
0.41689056576133,10462,1.1848,0,0
0.41689115075642,10463,1.1852,0,0
0.41689173562199,10464,1.1856,0,0
0.41689232035802,10465,1.186,0,0
0.41689290496452,10466,1.1864,0,0
0.4168934894415,10467,1.1868,0,0
0.41689407378895,10468,1.1872,0,0
0.41689465800687,10469,1.1876,0,0
0.41689524209527,10470,1.188,0,0
0.41689582605413,10471,1.1884,0,0
0.41689640988348,10472,1.1888,0,0
0.4168969935833,10473,1.1892,0,0
0.41689757715359,10474,1.1896,0,0
0.41689816059436,10475,1.19,0,0
0.4168987439056,10476,1.1904,0,0
0.41689932708732,10477,1.1908,0,0
0.41689991013952,10478,1.1912,0,0
0.41690049306219,10479,1.1916,0,0
0.41690107585535,10480,1.192,0,0
0.41690165851897,10481,1.1924,0,0
0.41690224105308,10482,1.1928,0,0
0.41690282345767,10483,1.1932,0,0
0.41690340573273,10484,1.1936,0,0
0.41690398787828,10485,1.194,0,0
0.4169045698943,10486,1.1944,0,0
0.41690515178081,10487,1.1948,0,0
0.41690573353779,10488,1.1952,0,0
0.41690631516526,10489,1.1956,0,0
0.41690689666321,10490,1.196,0,0
0.41690747803164,10491,1.1964,0,0
0.41690805927055,10492,1.1968,0,0
0.41690864037994,10493,1.1972,0,0
0.41690922135982,10494,1.1976,0,0
0.41690980221018,10495,1.198,0,0
0.41691038293102,10496,1.1984,0,0
0.41691096352235,10497,1.1988,0,0
0.41691154398416,10498,1.1992,0,0
0.41691212431646,10499,1.1996,0,0
0.41691270451925,10500,1.2,0,0
0.41691328459252,10501,1.2004,0,0
0.41691386453627,10502,1.2008,0,0
0.41691444435051,10503,1.2012,0,0
0.41691502403524,10504,1.2016,0,0
0.41691560359046,10505,1.202,0,0
0.41691618301616,10506,1.2024,0,0
0.41691676231235,10507,1.2028,0,0
0.41691734147904,10508,1.2032,0,0
0.41691792051621,10509,1.2036,0,0
0.41691849942386,10510,1.204,0,0
0.41691907820201,10511,1.2044,0,0
0.41691965685065,10512,1.2048,0,0
0.41692023536978,10513,1.2052,0,0
0.4169208137594,10514,1.2056,0,0
0.41692139201951,10515,1.206,0,0
0.41692197015012,10516,1.2064,0,0
0.41692254815121,10517,1.2068,0,0
0.4169231260228,10518,1.2072,0,0
0.41692370376488,10519,1.2076,0,0
0.41692428137746,10520,1.208,0,0
0.41692485886052,10521,1.2084,0,0
0.41692543621409,10522,1.2088,0,0
0.41692601343814,10523,1.2092,0,0
0.41692659053269,10524,1.2096,0,0
0.41692716749774,10525,1.21,0,0
0.41692774433328,10526,1.2104,0,0
0.41692832103932,10527,1.2108,0,0
0.41692889761586,10528,1.2112,0,0
0.41692947406289,10529,1.2116,0,0
0.41693005038042,10530,1.212,0,0
0.41693062656845,10531,1.2124,0,0
0.41693120262697,10532,1.2128,0,0
0.41693177855599,10533,1.2132,0,0
0.41693235435552,10534,1.2136,0,0
0.41693293002554,10535,1.214,0,0
0.41693350556606,10536,1.2144,0,0
0.41693408097708,10537,1.2148,0,0
0.4169346562586,10538,1.2152,0,0
0.41693523141062,10539,1.2156,0,0
0.41693580643315,10540,1.216,0,0
0.41693638132617,10541,1.2164,0,0
0.4169369560897,10542,1.2168,0,0
0.41693753072373,10543,1.2172,0,0
0.41693810522826,10544,1.2176,0,0
0.4169386796033,10545,1.218,0,0
0.41693925384883,10546,1.2184,0,0
0.41693982796488,10547,1.2188,0,0
0.41694040195142,10548,1.2192,0,0
0.41694097580848,10549,1.2196,0,0
0.41694154953603,10550,1.22,0,0
0.4169421231341,10551,1.2204,0,0
0.41694269660267,10552,1.2208,0,0
0.41694326994174,10553,1.2212,0,0
0.41694384315132,10554,1.2216,0,0
0.41694441623141,10555,1.222,0,0
0.41694498918201,10556,1.2224,0,0
0.41694556200311,10557,1.2228,0,0
0.41694613469472,10558,1.2232,0,0
0.41694670725684,10559,1.2236,0,0
0.41694727968947,10560,1.224,0,0
0.41694785199261,10561,1.2244,0,0
0.41694842416626,10562,1.2248,0,0
0.41694899621042,10563,1.2252,0,0
0.41694956812509,10564,1.2256,0,0
0.41695013991027,10565,1.226,0,0
0.41695071156597,10566,1.2264,0,0
0.41695128309217,10567,1.2268,0,0
0.41695185448889,10568,1.2272,0,0
0.41695242575612,10569,1.2276,0,0
0.41695299689386,10570,1.228,0,0
0.41695356790212,10571,1.2284,0,0
0.41695413878089,10572,1.2288,0,0
0.41695470953017,10573,1.2292,0,0
0.41695528014997,10574,1.2296,0,0
0.41695585064028,10575,1.23,0,0
0.41695642100111,10576,1.2304,0,0
0.41695699123245,10577,1.2308,0,0
0.41695756133431,10578,1.2312,0,0
0.41695813130669,10579,1.2316,0,0
0.41695870114958,10580,1.232,0,0
0.41695927086299,10581,1.2324,0,0
0.41695984044692,10582,1.2328,0,0
0.41696040990137,10583,1.2332,0,0
0.41696097922633,10584,1.2336,0,0
0.41696154842182,10585,1.234,0,0
0.41696211748782,10586,1.2344,0,0
0.41696268642434,10587,1.2348,0,0
0.41696325523139,10588,1.2352,0,0
0.41696382390895,10589,1.2356,0,0
0.41696439245703,10590,1.236,0,0
0.41696496087564,10591,1.2364,0,0
0.41696552916476,10592,1.2368,0,0
0.41696609732441,10593,1.2372,0,0
0.41696666535458,10594,1.2376,0,0
0.41696723325528,10595,1.238,0,0
0.41696780102649,10596,1.2384,0,0
0.41696836866824,10597,1.2388,0,0
0.4169689361805,10598,1.2392,0,0
0.41696950356329,10599,1.2396,0,0
0.4169700708166,10600,1.24,0,0
0.41697063794044,10601,1.2404,0,0
0.4169712049348,10602,1.2408,0,0
0.41697177179969,10603,1.2412,0,0
0.41697233853511,10604,1.2416,0,0
0.41697290514105,10605,1.242,0,0
0.41697347161752,10606,1.2424,0,0
0.41697403796452,10607,1.2428,0,0
0.41697460418204,10608,1.2432,0,0
0.41697517027009,10609,1.2436,0,0
0.41697573622867,10610,1.244,0,0
0.41697630205778,10611,1.2444,0,0
0.41697686775742,10612,1.2448,0,0
0.41697743332759,10613,1.2452,0,0
0.41697799876829,10614,1.2456,0,0
0.41697856407952,10615,1.246,0,0
0.41697912926128,10616,1.2464,0,0
0.41697969431358,10617,1.2468,0,0
0.4169802592364,10618,1.2472,0,0
0.41698082402975,10619,1.2476,0,0
0.41698138869364,10620,1.248,0,0
0.41698195322806,10621,1.2484,0,0
0.41698251763302,10622,1.2488,0,0
0.41698308190851,10623,1.2492,0,0
0.41698364605453,10624,1.2496,0,0
0.41698421007108,10625,1.25,0,0
0.41698477395817,10626,1.2504,0,0
0.4169853377158,10627,1.2508,0,0
0.41698590134396,10628,1.2512,0,0
0.41698646484266,10629,1.2516,0,0
0.41698702821189,10630,1.252,0,0
0.41698759145166,10631,1.2524,0,0
0.41698815456197,10632,1.2528,0,0
0.41698871754281,10633,1.2532,0,0
0.4169892803942,10634,1.2536,0,0
0.41698984311612,10635,1.254,0,0
0.41699040570858,10636,1.2544,0,0
0.41699096817158,10637,1.2548,0,0
0.41699153050511,10638,1.2552,0,0
0.41699209270919,10639,1.2556,0,0
0.41699265478381,10640,1.256,0,0
0.41699321672897,10641,1.2564,0,0
0.41699377854467,10642,1.2568,0,0
0.41699434023091,10643,1.2572,0,0
0.41699490178769,10644,1.2576,0,0
0.41699546321501,10645,1.258,0,0
0.41699602451288,10646,1.2584,0,0
0.41699658568129,10647,1.2588,0,0
0.41699714672024,10648,1.2592,0,0
0.41699770762974,10649,1.2596,0,0
0.41699826840978,10650,1.26,0,0
0.41699882906036,10651,1.2604,0,0
0.41699938958149,10652,1.2608,0,0
0.41699994997317,10653,1.2612,0,0
0.41700051023539,10654,1.2616,0,0
0.41700107036815,10655,1.262,0,0
0.41700163037147,10656,1.2624,0,0
0.41700219024532,10657,1.2628,0,0
0.41700274998973,10658,1.2632,0,0
0.41700330960468,10659,1.2636,0,0
0.41700386909019,10660,1.264,0,0
0.41700442844624,10661,1.2644,0,0
0.41700498767283,10662,1.2648,0,0
0.41700554676998,10663,1.2652,0,0
0.41700610573768,10664,1.2656,0,0
0.41700666457592,10665,1.266,0,0
0.41700722328472,10666,1.2664,0,0
0.41700778186407,10667,1.2668,0,0
0.41700834031396,10668,1.2672,0,0
0.41700889863441,10669,1.2676,0,0
0.41700945682541,10670,1.268,0,0
0.41701001488697,10671,1.2684,0,0
0.41701057281907,10672,1.2688,0,0
0.41701113062173,10673,1.2692,0,0
0.41701168829494,10674,1.2696,0,0
0.4170122458387,10675,1.27,0,0
0.41701280325302,10676,1.2704,0,0
0.4170133605379,10677,1.2708,0,0
0.41701391769332,10678,1.2712,0,0
0.41701447471931,10679,1.2716,0,0
0.41701503161584,10680,1.272,0,0
0.41701558838294,10681,1.2724,0,0
0.41701614502059,10682,1.2728,0,0
0.41701670152879,10683,1.2732,0,0
0.41701725790756,10684,1.2736,0,0
0.41701781415688,10685,1.274,0,0
0.41701837027676,10686,1.2744,0,0
0.4170189262672,10687,1.2748,0,0
0.41701948212819,10688,1.2752,0,0
0.41702003785975,10689,1.2756,0,0
0.41702059346186,10690,1.276,0,0
0.41702114893453,10691,1.2764,0,0
0.41702170427777,10692,1.2768,0,0
0.41702225949156,10693,1.2772,0,0
0.41702281457591,10694,1.2776,0,0
0.41702336953083,10695,1.278,0,0
0.41702392435631,10696,1.2784,0,0
0.41702447905235,10697,1.2788,0,0
0.41702503361895,10698,1.2792,0,0
0.41702558805611,10699,1.2796,0,0
0.41702614236384,10700,1.28,0,0
0.41702669654213,10701,1.2804,0,0
0.41702725059099,10702,1.2808,0,0
0.41702780451041,10703,1.2812,0,0
0.41702835830039,10704,1.2816,0,0
0.41702891196094,10705,1.282,0,0
0.41702946549205,10706,1.2824,0,0
0.41703001889373,10707,1.2828,0,0
0.41703057216598,10708,1.2832,0,0
0.41703112530879,10709,1.2836,0,0
0.41703167832217,10710,1.284,0,0
0.41703223120611,10711,1.2844,0,0
0.41703278396063,10712,1.2848,0,0
0.41703333658571,10713,1.2852,0,0
0.41703388908136,10714,1.2856,0,0
0.41703444144758,10715,1.286,0,0
0.41703499368437,10716,1.2864,0,0
0.41703554579173,10717,1.2868,0,0
0.41703609776965,10718,1.2872,0,0
0.41703664961815,10719,1.2876,0,0
0.41703720133722,10720,1.288,0,0
0.41703775292686,10721,1.2884,0,0
0.41703830438707,10722,1.2888,0,0
0.41703885571785,10723,1.2892,0,0
0.41703940691921,10724,1.2896,0,0
0.41703995799114,10725,1.29,0,0
0.41704050893364,10726,1.2904,0,0
0.41704105974671,10727,1.2908,0,0
0.41704161043036,10728,1.2912,0,0
0.41704216098458,10729,1.2916,0,0
0.41704271140938,10730,1.292,0,0
0.41704326170475,10731,1.2924,0,0
0.41704381187069,10732,1.2928,0,0
0.41704436190721,10733,1.2932,0,0
0.41704491181431,10734,1.2936,0,0
0.41704546159199,10735,1.294,0,0
0.41704601124024,10736,1.2944,0,0
0.41704656075906,10737,1.2948,0,0
0.41704711014847,10738,1.2952,0,0
0.41704765940845,10739,1.2956,0,0
0.41704820853901,10740,1.296,0,0
0.41704875754015,10741,1.2964,0,0
0.41704930641187,10742,1.2968,0,0
0.41704985515417,10743,1.2972,0,0
0.41705040376704,10744,1.2976,0,0
0.4170509522505,10745,1.298,0,0
0.41705150060454,10746,1.2984,0,0
0.41705204882916,10747,1.2988,0,0
0.41705259692436,10748,1.2992,0,0
0.41705314489014,10749,1.2996,0,0
0.4170536927265,10750,1.3,0,0
0.41705424043345,10751,1.3004,0,0
0.41705478801098,10752,1.3008,0,0
0.41705533545909,10753,1.3012,0,0
0.41705588277779,10754,1.3016,0,0
0.41705642996706,10755,1.302,0,0
0.41705697702693,10756,1.3024,0,0
0.41705752395737,10757,1.3028,0,0
0.41705807075841,10758,1.3032,0,0
0.41705861743003,10759,1.3036,0,0
0.41705916397223,10760,1.304,0,0
0.41705971038502,10761,1.3044,0,0
0.41706025666839,10762,1.3048,0,0
0.41706080282236,10763,1.3052,0,0
0.41706134884691,10764,1.3056,0,0
0.41706189474205,10765,1.306,0,0
0.41706244050777,10766,1.3064,0,0
0.41706298614408,10767,1.3068,0,0
0.41706353165099,10768,1.3072,0,0
0.41706407702848,10769,1.3076,0,0
0.41706462227656,10770,1.308,0,0
0.41706516739523,10771,1.3084,0,0
0.41706571238449,10772,1.3088,0,0
0.41706625724434,10773,1.3092,0,0
0.41706680197479,10774,1.3096,0,0
0.41706734657582,10775,1.31,0,0
0.41706789104745,10776,1.3104,0,0
0.41706843538966,10777,1.3108,0,0
0.41706897960247,10778,1.3112,0,0
0.41706952368588,10779,1.3116,0,0
0.41707006763987,10780,1.312,0,0
0.41707061146446,10781,1.3124,0,0
0.41707115515964,10782,1.3128,0,0
0.41707169872542,10783,1.3132,0,0
0.41707224216179,10784,1.3136,0,0
0.41707278546876,10785,1.314,0,0
0.41707332864632,10786,1.3144,0,0
0.41707387169448,10787,1.3148,0,0
0.41707441461324,10788,1.3152,0,0
0.41707495740259,10789,1.3156,0,0
0.41707550006254,10790,1.316,0,0
0.41707604259308,10791,1.3164,0,0
0.41707658499422,10792,1.3168,0,0
0.41707712726597,10793,1.3172,0,0
0.4170776694083,10794,1.3176,0,0
0.41707821142124,10795,1.318,0,0
0.41707875330478,10796,1.3184,0,0
0.41707929505892,10797,1.3188,0,0
0.41707983668365,10798,1.3192,0,0
0.41708037817899,10799,1.3196,0,0
0.41708091954493,10800,1.32,0,0
0.41708146078146,10801,1.3204,0,0
0.4170820018886,10802,1.3208,0,0
0.41708254286635,10803,1.3212,0,0
0.41708308371469,10804,1.3216,0,0
0.41708362443363,10805,1.322,0,0
0.41708416502318,10806,1.3224,0,0
0.41708470548333,10807,1.3228,0,0
0.41708524581409,10808,1.3232,0,0
0.41708578601545,10809,1.3236,0,0
0.41708632608741,10810,1.324,0,0
0.41708686602998,10811,1.3244,0,0
0.41708740584315,10812,1.3248,0,0
0.41708794552693,10813,1.3252,0,0
0.41708848508132,10814,1.3256,0,0
0.41708902450631,10815,1.326,0,0
0.4170895638019,10816,1.3264,0,0
0.41709010296811,10817,1.3268,0,0
0.41709064200492,10818,1.3272,0,0
0.41709118091234,10819,1.3276,0,0
0.41709171969037,10820,1.328,0,0
0.417092258339,10821,1.3284,0,0
0.41709279685824,10822,1.3288,0,0
0.4170933352481,10823,1.3292,0,0
0.41709387350856,10824,1.3296,0,0
0.41709441163963,10825,1.33,0,0
0.41709494964131,10826,1.3304,0,0
0.41709548751361,10827,1.3308,0,0
0.41709602525651,10828,1.3312,0,0
0.41709656287003,10829,1.3316,0,0
0.41709710035415,10830,1.332,0,0
0.41709763770889,10831,1.3324,0,0
0.41709817493424,10832,1.3328,0,0
0.41709871203021,10833,1.3332,0,0
0.41709924899679,10834,1.3336,0,0
0.41709978583398,10835,1.334,0,0
0.41710032254178,10836,1.3344,0,0
0.4171008591202,10837,1.3348,0,0
0.41710139556923,10838,1.3352,0,0
0.41710193188888,10839,1.3356,0,0
0.41710246807915,10840,1.336,0,0
0.41710300414003,10841,1.3364,0,0
0.41710354007152,10842,1.3368,0,0
0.41710407587363,10843,1.3372,0,0
0.41710461154636,10844,1.3376,0,0
0.41710514708971,10845,1.338,0,0
0.41710568250367,10846,1.3384,0,0
0.41710621778825,10847,1.3388,0,0
0.41710675294345,10848,1.3392,0,0
0.41710728796927,10849,1.3396,0,0
0.41710782286571,10850,1.34,0,0
0.41710835763277,10851,1.3404,0,0
0.41710889227044,10852,1.3408,0,0
0.41710942677874,10853,1.3412,0,0
0.41710996115766,10854,1.3416,0,0
0.4171104954072,10855,1.342,0,0
0.41711102952736,10856,1.3424,0,0
0.41711156351814,10857,1.3428,0,0
0.41711209737954,10858,1.3432,0,0
0.41711263111156,10859,1.3436,0,0
0.41711316471421,10860,1.344,0,0
0.41711369818748,10861,1.3444,0,0
0.41711423153138,10862,1.3448,0,0
0.4171147647459,10863,1.3452,0,0
0.41711529783104,10864,1.3456,0,0
0.4171158307868,10865,1.346,0,0
0.4171163636132,10866,1.3464,0,0
0.41711689631021,10867,1.3468,0,0
0.41711742887785,10868,1.3472,0,0
0.41711796131612,10869,1.3476,0,0
0.41711849362502,10870,1.348,0,0
0.41711902580454,10871,1.3484,0,0
0.41711955785469,10872,1.3488,0,0
0.41712008977546,10873,1.3492,0,0
0.41712062156687,10874,1.3496,0,0
0.4171211532289,10875,1.35,0,0
0.41712168476156,10876,1.3504,0,0
0.41712221616485,10877,1.3508,0,0
0.41712274743877,10878,1.3512,0,0
0.41712327858331,10879,1.3516,0,0
0.41712380959849,10880,1.352,0,0
0.4171243404843,10881,1.3524,0,0
0.41712487124074,10882,1.3528,0,0
0.41712540186781,10883,1.3532,0,0
0.41712593236551,10884,1.3536,0,0
0.41712646273384,10885,1.354,0,0
0.41712699297281,10886,1.3544,0,0
0.41712752308241,10887,1.3548,0,0
0.41712805306264,10888,1.3552,0,0
0.4171285829135,10889,1.3556,0,0
0.417129112635,10890,1.356,0,0
0.41712964222713,10891,1.3564,0,0
0.41713017168989,10892,1.3568,0,0
0.4171307010233,10893,1.3572,0,0
0.41713123022733,10894,1.3576,0,0
0.417131759302,10895,1.358,0,0
0.41713228824731,10896,1.3584,0,0
0.41713281706325,10897,1.3588,0,0
0.41713334574983,10898,1.3592,0,0
0.41713387430705,10899,1.3596,0,0
0.4171344027349,10900,1.36,0,0
0.41713493103339,10901,1.3604,0,0
0.41713545920252,10902,1.3608,0,0
0.41713598724229,10903,1.3612,0,0
0.41713651515269,10904,1.3616,0,0
0.41713704293374,10905,1.362,0,0
0.41713757058542,10906,1.3624,0,0
0.41713809810774,10907,1.3628,0,0
0.41713862550071,10908,1.3632,0,0
0.41713915276431,10909,1.3636,0,0
0.41713967989856,10910,1.364,0,0
0.41714020690345,10911,1.3644,0,0
0.41714073377897,10912,1.3648,0,0
0.41714126052514,10913,1.3652,0,0
0.41714178714196,10914,1.3656,0,0
0.41714231362941,10915,1.366,0,0
0.41714283998751,10916,1.3664,0,0
0.41714336621625,10917,1.3668,0,0
0.41714389231563,10918,1.3672,0,0
0.41714441828566,10919,1.3676,0,0
0.41714494412634,10920,1.368,0,0
0.41714546983766,10921,1.3684,0,0
0.41714599541962,10922,1.3688,0,0
0.41714652087223,10923,1.3692,0,0
0.41714704619548,10924,1.3696,0,0
0.41714757138938,10925,1.37,0,0
0.41714809645393,10926,1.3704,0,0
0.41714862138913,10927,1.3708,0,0
0.41714914619497,10928,1.3712,0,0
0.41714967087146,10929,1.3716,0,0
0.41715019541859,10930,1.372,0,0
0.41715071983638,10931,1.3724,0,0
0.41715124412481,10932,1.3728,0,0
0.4171517682839,10933,1.3732,0,0
0.41715229231363,10934,1.3736,0,0
0.41715281621401,10935,1.374,0,0
0.41715333998505,10936,1.3744,0,0
0.41715386362673,10937,1.3748,0,0
0.41715438713907,10938,1.3752,0,0
0.41715491052205,10939,1.3756,0,0
0.41715543377569,10940,1.376,0,0
0.41715595689998,10941,1.3764,0,0
0.41715647989492,10942,1.3768,0,0
0.41715700276052,10943,1.3772,0,0
0.41715752549676,10944,1.3776,0,0
0.41715804810366,10945,1.378,0,0
0.41715857058122,10946,1.3784,0,0
0.41715909292943,10947,1.3788,0,0
0.41715961514829,10948,1.3792,0,0
0.41716013723781,10949,1.3796,0,0
0.41716065919798,10950,1.38,0,0
0.41716118102881,10951,1.3804,0,0
0.4171617027303,10952,1.3808,0,0
0.41716222430244,10953,1.3812,0,0
0.41716274574524,10954,1.3816,0,0
0.41716326705869,10955,1.382,0,0
0.4171637882428,10956,1.3824,0,0
0.41716430929757,10957,1.3828,0,0
0.417164830223,10958,1.3832,0,0
0.41716535101909,10959,1.3836,0,0
0.41716587168583,10960,1.384,0,0
0.41716639222323,10961,1.3844,0,0
0.4171669126313,10962,1.3848,0,0
0.41716743291002,10963,1.3852,0,0
0.41716795305941,10964,1.3856,0,0
0.41716847307945,10965,1.386,0,0
0.41716899297015,10966,1.3864,0,0
0.41716951273152,10967,1.3868,0,0
0.41717003236355,10968,1.3872,0,0
0.41717055186624,10969,1.3876,0,0
0.41717107123959,10970,1.388,0,0
0.4171715904836,10971,1.3884,0,0
0.41717210959828,10972,1.3888,0,0
0.41717262858362,10973,1.3892,0,0
0.41717314743963,10974,1.3896,0,0
0.4171736661663,10975,1.39,0,0
0.41717418476363,10976,1.3904,0,0
0.41717470323163,10977,1.3908,0,0
0.41717522157029,10978,1.3912,0,0
0.41717573977962,10979,1.3916,0,0
0.41717625785962,10980,1.392,0,0
0.41717677581028,10981,1.3924,0,0
0.41717729363161,10982,1.3928,0,0
0.4171778113236,10983,1.3932,0,0
0.41717832888626,10984,1.3936,0,0
0.41717884631959,10985,1.394,0,0
0.41717936362359,10986,1.3944,0,0
0.41717988079825,10987,1.3948,0,0
0.41718039784359,10988,1.3952,0,0
0.41718091475959,10989,1.3956,0,0
0.41718143154627,10990,1.396,0,0
0.41718194820361,10991,1.3964,0,0
0.41718246473162,10992,1.3968,0,0
0.4171829811303,10993,1.3972,0,0
0.41718349739966,10994,1.3976,0,0
0.41718401353968,10995,1.398,0,0
0.41718452955038,10996,1.3984,0,0
0.41718504543175,10997,1.3988,0,0
0.41718556118379,10998,1.3992,0,0
0.4171860768065,10999,1.3996,0,0
0.41718659229989,11000,1.4,0,0
0.41718710766395,11001,1.4004,0,0
0.41718762289868,11002,1.4008,0,0
0.41718813800409,11003,1.4012,0,0
0.41718865298017,11004,1.4016,0,0
0.41718916782693,11005,1.402,0,0
0.41718968254436,11006,1.4024,0,0
0.41719019713247,11007,1.4028,0,0
0.41719071159125,11008,1.4032,0,0
0.41719122592071,11009,1.4036,0,0
0.41719174012085,11010,1.404,0,0
0.41719225419166,11011,1.4044,0,0
0.41719276813315,11012,1.4048,0,0
0.41719328194532,11013,1.4052,0,0
0.41719379562816,11014,1.4056,0,0
0.41719430918168,11015,1.406,0,0
0.41719482260589,11016,1.4064,0,0
0.41719533590077,11017,1.4068,0,0
0.41719584906633,11018,1.4072,0,0
0.41719636210257,11019,1.4076,0,0
0.41719687500948,11020,1.408,0,0
0.41719738778708,11021,1.4084,0,0
0.41719790043537,11022,1.4088,0,0
0.41719841295433,11023,1.4092,0,0
0.41719892534397,11024,1.4096,0,0
0.41719943760429,11025,1.41,0,0
0.4171999497353,11026,1.4104,0,0
0.41720046173699,11027,1.4108,0,0
0.41720097360936,11028,1.4112,0,0
0.41720148535242,11029,1.4116,0,0
0.41720199696616,11030,1.412,0,0
0.41720250845058,11031,1.4124,0,0
0.41720301980569,11032,1.4128,0,0
0.41720353103148,11033,1.4132,0,0
0.41720404212795,11034,1.4136,0,0
0.41720455309511,11035,1.414,0,0
0.41720506393296,11036,1.4144,0,0
0.41720557464149,11037,1.4148,0,0
0.41720608522071,11038,1.4152,0,0
0.41720659567062,11039,1.4156,0,0
0.41720710599121,11040,1.416,0,0
0.41720761618249,11041,1.4164,0,0
0.41720812624446,11042,1.4168,0,0
0.41720863617712,11043,1.4172,0,0
0.41720914598046,11044,1.4176,0,0
0.41720965565449,11045,1.418,0,0
0.41721016519921,11046,1.4184,0,0
0.41721067461463,11047,1.4188,0,0
0.41721118390073,11048,1.4192,0,0
0.41721169305752,11049,1.4196,0,0
0.417212202085,11050,1.42,0,0
0.41721271098317,11051,1.4204,0,0
0.41721321975204,11052,1.4208,0,0
0.41721372839159,11053,1.4212,0,0
0.41721423690184,11054,1.4216,0,0
0.41721474528278,11055,1.422,0,0
0.41721525353441,11056,1.4224,0,0
0.41721576165674,11057,1.4228,0,0
0.41721626964975,11058,1.4232,0,0
0.41721677751347,11059,1.4236,0,0
0.41721728524787,11060,1.424,0,0
0.41721779285297,11061,1.4244,0,0
0.41721830032877,11062,1.4248,0,0
0.41721880767526,11063,1.4252,0,0
0.41721931489244,11064,1.4256,0,0
0.41721982198032,11065,1.426,0,0
0.4172203289389,11066,1.4264,0,0
0.41722083576817,11067,1.4268,0,0
0.41722134246814,11068,1.4272,0,0
0.41722184903881,11069,1.4276,0,0
0.41722235548017,11070,1.428,0,0
0.41722286179224,11071,1.4284,0,0
0.417223367975,11072,1.4288,0,0
0.41722387402846,11073,1.4292,0,0
0.41722437995261,11074,1.4296,0,0
0.41722488574747,11075,1.43,0,0
0.41722539141303,11076,1.4304,0,0
0.41722589694928,11077,1.4308,0,0
0.41722640235624,11078,1.4312,0,0
0.4172269076339,11079,1.4316,0,0
0.41722741278225,11080,1.432,0,0
0.41722791780131,11081,1.4324,0,0
0.41722842269107,11082,1.4328,0,0
0.41722892745154,11083,1.4332,0,0
0.4172294320827,11084,1.4336,0,0
0.41722993658457,11085,1.434,0,0
0.41723044095714,11086,1.4344,0,0
0.41723094520041,11087,1.4348,0,0
0.41723144931439,11088,1.4352,0,0
0.41723195329907,11089,1.4356,0,0
0.41723245715446,11090,1.436,0,0
0.41723296088055,11091,1.4364,0,0
0.41723346447734,11092,1.4368,0,0
0.41723396794484,11093,1.4372,0,0
0.41723447128305,11094,1.4376,0,0
0.41723497449196,11095,1.438,0,0
0.41723547757158,11096,1.4384,0,0
0.41723598052191,11097,1.4388,0,0
0.41723648334294,11098,1.4392,0,0
0.41723698603468,11099,1.4396,0,0
0.41723748859713,11100,1.44,0,0
0.41723799103028,11101,1.4404,0,0
0.41723849333415,11102,1.4408,0,0
0.41723899550872,11103,1.4412,0,0
0.41723949755401,11104,1.4416,0,0
0.41723999947,11105,1.442,0,0
0.4172405012567,11106,1.4424,0,0
0.41724100291411,11107,1.4428,0,0
0.41724150444223,11108,1.4432,0,0
0.41724200584107,11109,1.4436,0,0
0.41724250711061,11110,1.444,0,0
0.41724300825087,11111,1.4444,0,0
0.41724350926184,11112,1.4448,0,0
0.41724401014352,11113,1.4452,0,0
0.41724451089591,11114,1.4456,0,0
0.41724501151902,11115,1.446,0,0
0.41724551201284,11116,1.4464,0,0
0.41724601237737,11117,1.4468,0,0
0.41724651261262,11118,1.4472,0,0
0.41724701271858,11119,1.4476,0,0
0.41724751269525,11120,1.448,0,0
0.41724801254265,11121,1.4484,0,0
0.41724851226075,11122,1.4488,0,0
0.41724901184957,11123,1.4492,0,0
0.41724951130911,11124,1.4496,0,0
0.41725001063937,11125,1.45,0,0
0.41725050984034,11126,1.4504,0,0
0.41725100891202,11127,1.4508,0,0
0.41725150785443,11128,1.4512,0,0
0.41725200666755,11129,1.4516,0,0
0.41725250535139,11130,1.452,0,0
0.41725300390595,11131,1.4524,0,0
0.41725350233123,11132,1.4528,0,0
0.41725400062723,11133,1.4532,0,0
0.41725449879395,11134,1.4536,0,0
0.41725499683138,11135,1.454,0,0
0.41725549473954,11136,1.4544,0,0
0.41725599251842,11137,1.4548,0,0
0.41725649016802,11138,1.4552,0,0
0.41725698768834,11139,1.4556,0,0
0.41725748507938,11140,1.456,0,0
0.41725798234114,11141,1.4564,0,0
0.41725847947362,11142,1.4568,0,0
0.41725897647683,11143,1.4572,0,0
0.41725947335076,11144,1.4576,0,0
0.41725997009541,11145,1.458,0,0
0.41726046671079,11146,1.4584,0,0
0.41726096319689,11147,1.4588,0,0
0.41726145955371,11148,1.4592,0,0
0.41726195578126,11149,1.4596,0,0
0.41726245187954,11150,1.46,0,0
0.41726294784854,11151,1.4604,0,0
0.41726344368826,11152,1.4608,0,0
0.41726393939871,11153,1.4612,0,0
0.41726443497989,11154,1.4616,0,0
0.41726493043179,11155,1.462,0,0
0.41726542575442,11156,1.4624,0,0
0.41726592094778,11157,1.4628,0,0
0.41726641601187,11158,1.4632,0,0
0.41726691094668,11159,1.4636,0,0
0.41726740575222,11160,1.464,0,0
0.41726790042849,11161,1.4644,0,0
0.41726839497549,11162,1.4648,0,0
0.41726888939322,11163,1.4652,0,0
0.41726938368168,11164,1.4656,0,0
0.41726987784087,11165,1.466,0,0
0.41727037187078,11166,1.4664,0,0
0.41727086577143,11167,1.4668,0,0
0.41727135954281,11168,1.4672,0,0
0.41727185318492,11169,1.4676,0,0
0.41727234669777,11170,1.468,0,0
0.41727284008134,11171,1.4684,0,0
0.41727333333565,11172,1.4688,0,0
0.41727382646069,11173,1.4692,0,0
0.41727431945646,11174,1.4696,0,0
0.41727481232297,11175,1.47,0,0
0.41727530506021,11176,1.4704,0,0
0.41727579766818,11177,1.4708,0,0
0.41727629014689,11178,1.4712,0,0
0.41727678249633,11179,1.4716,0,0
0.41727727471651,11180,1.472,0,0
0.41727776680742,11181,1.4724,0,0
0.41727825876907,11182,1.4728,0,0
0.41727875060146,11183,1.4732,0,0
0.41727924230458,11184,1.4736,0,0
0.41727973387843,11185,1.474,0,0
0.41728022532303,11186,1.4744,0,0
0.41728071663836,11187,1.4748,0,0
0.41728120782443,11188,1.4752,0,0
0.41728169888124,11189,1.4756,0,0
0.41728218980879,11190,1.476,0,0
0.41728268060707,11191,1.4764,0,0
0.4172831712761,11192,1.4768,0,0
0.41728366181586,11193,1.4772,0,0
0.41728415222636,11194,1.4776,0,0
0.41728464250761,11195,1.478,0,0
0.41728513265959,11196,1.4784,0,0
0.41728562268232,11197,1.4788,0,0
0.41728611257578,11198,1.4792,0,0
0.41728660233999,11199,1.4796,0,0
0.41728709197494,11200,1.48,0,0
0.41728758148063,11201,1.4804,0,0
0.41728807085706,11202,1.4808,0,0
0.41728856010424,11203,1.4812,0,0
0.41728904922216,11204,1.4816,0,0
0.41728953821082,11205,1.482,0,0
0.41729002707023,11206,1.4824,0,0
0.41729051580038,11207,1.4828,0,0
0.41729100440127,11208,1.4832,0,0
0.41729149287291,11209,1.4836,0,0
0.4172919812153,11210,1.484,0,0
0.41729246942843,11211,1.4844,0,0
0.4172929575123,11212,1.4848,0,0
0.41729344546692,11213,1.4852,0,0
0.41729393329229,11214,1.4856,0,0
0.41729442098841,11215,1.486,0,0
0.41729490855527,11216,1.4864,0,0
0.41729539599288,11217,1.4868,0,0
0.41729588330124,11218,1.4872,0,0
0.41729637048034,11219,1.4876,0,0
0.41729685753019,11220,1.488,0,0
0.4172973444508,11221,1.4884,0,0
0.41729783124215,11222,1.4888,0,0
0.41729831790425,11223,1.4892,0,0
0.4172988044371,11224,1.4896,0,0
0.4172992908407,11225,1.49,0,0
0.41729977711505,11226,1.4904,0,0
0.41730026326016,11227,1.4908,0,0
0.41730074927601,11228,1.4912,0,0
0.41730123516261,11229,1.4916,0,0
0.41730172091997,11230,1.492,0,0
0.41730220654808,11231,1.4924,0,0
0.41730269204694,11232,1.4928,0,0
0.41730317741655,11233,1.4932,0,0
0.41730366265692,11234,1.4936,0,0
0.41730414776804,11235,1.494,0,0
0.41730463274991,11236,1.4944,0,0
0.41730511760254,11237,1.4948,0,0
0.41730560232592,11238,1.4952,0,0
0.41730608692006,11239,1.4956,0,0
0.41730657138495,11240,1.496,0,0
0.4173070557206,11241,1.4964,0,0
0.417307539927,11242,1.4968,0,0
0.41730802400416,11243,1.4972,0,0
0.41730850795208,11244,1.4976,0,0
0.41730899177075,11245,1.498,0,0
0.41730947546018,11246,1.4984,0,0
0.41730995902037,11247,1.4988,0,0
0.41731044245131,11248,1.4992,0,0
0.41731092575302,11249,1.4996,0,0
0.41731140892548,11250,1.5,0,0
0.4173118919687,11251,1.5004,0,0
0.41731237488268,11252,1.5008,0,0
0.41731285766741,11253,1.5012,0,0
0.41731334032291,11254,1.5016,0,0
0.41731382284917,11255,1.502,0,0
0.41731430524619,11256,1.5024,0,0
0.41731478751397,11257,1.5028,0,0
0.41731526965251,11258,1.5032,0,0
0.41731575166181,11259,1.5036,0,0
0.41731623354187,11260,1.504,0,0
0.4173167152927,11261,1.5044,0,0
0.41731719691428,11262,1.5048,0,0
0.41731767840664,11263,1.5052,0,0
0.41731815976975,11264,1.5056,0,0
0.41731864100362,11265,1.506,0,0
0.41731912210826,11266,1.5064,0,0
0.41731960308367,11267,1.5068,0,0
0.41732008392984,11268,1.5072,0,0
0.41732056464677,11269,1.5076,0,0
0.41732104523447,11270,1.508,0,0
0.41732152569293,11271,1.5084,0,0
0.41732200602216,11272,1.5088,0,0
0.41732248622216,11273,1.5092,0,0
0.41732296629292,11274,1.5096,0,0
0.41732344623445,11275,1.51,0,0
0.41732392604674,11276,1.5104,0,0
0.4173244057298,11277,1.5108,0,0
0.41732488528363,11278,1.5112,0,0
0.41732536470823,11279,1.5116,0,0
0.4173258440036,11280,1.512,0,0
0.41732632316973,11281,1.5124,0,0
0.41732680220663,11282,1.5128,0,0
0.41732728111431,11283,1.5132,0,0
0.41732775989275,11284,1.5136,0,0
0.41732823854196,11285,1.514,0,0
0.41732871706194,11286,1.5144,0,0
0.4173291954527,11287,1.5148,0,0
0.41732967371422,11288,1.5152,0,0
0.41733015184652,11289,1.5156,0,0
0.41733062984958,11290,1.516,0,0
0.41733110772342,11291,1.5164,0,0
0.41733158546803,11292,1.5168,0,0
0.41733206308341,11293,1.5172,0,0
0.41733254056957,11294,1.5176,0,0
0.4173330179265,11295,1.518,0,0
0.4173334951542,11296,1.5184,0,0
0.41733397225268,11297,1.5188,0,0
0.41733444922193,11298,1.5192,0,0
0.41733492606195,11299,1.5196,0,0
0.41733540277275,11300,1.52,0,0
0.41733587935433,11301,1.5204,0,0
0.41733635580668,11302,1.5208,0,0
0.41733683212981,11303,1.5212,0,0
0.41733730832371,11304,1.5216,0,0
0.41733778438839,11305,1.522,0,0
0.41733826032384,11306,1.5224,0,0
0.41733873613008,11307,1.5228,0,0
0.41733921180709,11308,1.5232,0,0
0.41733968735487,11309,1.5236,0,0
0.41734016277344,11310,1.524,0,0
0.41734063806278,11311,1.5244,0,0
0.41734111322291,11312,1.5248,0,0
0.41734158825381,11313,1.5252,0,0
0.41734206315549,11314,1.5256,0,0
0.41734253792795,11315,1.526,0,0
0.41734301257119,11316,1.5264,0,0
0.41734348708521,11317,1.5268,0,0
0.41734396147001,11318,1.5272,0,0
0.4173444357256,11319,1.5276,0,0
0.41734490985196,11320,1.528,0,0
0.41734538384911,11321,1.5284,0,0
0.41734585771704,11322,1.5288,0,0
0.41734633145575,11323,1.5292,0,0
0.41734680506524,11324,1.5296,0,0
0.41734727854552,11325,1.53,0,0
0.41734775189657,11326,1.5304,0,0
0.41734822511842,11327,1.5308,0,0
0.41734869821104,11328,1.5312,0,0
0.41734917117445,11329,1.5316,0,0
0.41734964400865,11330,1.532,0,0
0.41735011671363,11331,1.5324,0,0
0.41735058928939,11332,1.5328,0,0
0.41735106173595,11333,1.5332,0,0
0.41735153405328,11334,1.5336,0,0
0.41735200624141,11335,1.534,0,0
0.41735247830031,11336,1.5344,0,0
0.41735295023001,11337,1.5348,0,0
0.41735342203049,11338,1.5352,0,0
0.41735389370176,11339,1.5356,0,0
0.41735436524382,11340,1.536,0,0
0.41735483665667,11341,1.5364,0,0
0.4173553079403,11342,1.5368,0,0
0.41735577909473,11343,1.5372,0,0
0.41735625011994,11344,1.5376,0,0
0.41735672101594,11345,1.538,0,0
0.41735719178274,11346,1.5384,0,0
0.41735766242032,11347,1.5388,0,0
0.41735813292869,11348,1.5392,0,0
0.41735860330785,11349,1.5396,0,0
0.41735907355781,11350,1.54,0,0
0.41735954367855,11351,1.5404,0,0
0.41736001367009,11352,1.5408,0,0
0.41736048353242,11353,1.5412,0,0
0.41736095326554,11354,1.5416,0,0
0.41736142286945,11355,1.542,0,0
0.41736189234416,11356,1.5424,0,0
0.41736236168966,11357,1.5428,0,0
0.41736283090595,11358,1.5432,0,0
0.41736329999304,11359,1.5436,0,0
0.41736376895092,11360,1.544,0,0
0.4173642377796,11361,1.5444,0,0
0.41736470647907,11362,1.5448,0,0
0.41736517504934,11363,1.5452,0,0
0.4173656434904,11364,1.5456,0,0
0.41736611180226,11365,1.546,0,0
0.41736657998491,11366,1.5464,0,0
0.41736704803836,11367,1.5468,0,0
0.41736751596261,11368,1.5472,0,0
0.41736798375765,11369,1.5476,0,0
0.41736845142349,11370,1.548,0,0
0.41736891896013,11371,1.5484,0,0
0.41736938636757,11372,1.5488,0,0
0.41736985364581,11373,1.5492,0,0
0.41737032079484,11374,1.5496,0,0
0.41737078781467,11375,1.55,0,0
0.41737125470531,11376,1.5504,0,0
0.41737172146674,11377,1.5508,0,0
0.41737218809897,11378,1.5512,0,0
0.417372654602,11379,1.5516,0,0
0.41737312097584,11380,1.552,0,0
0.41737358722047,11381,1.5524,0,0
0.41737405333591,11382,1.5528,0,0
0.41737451932214,11383,1.5532,0,0
0.41737498517918,11384,1.5536,0,0
0.41737545090702,11385,1.554,0,0
0.41737591650567,11386,1.5544,0,0
0.41737638197512,11387,1.5548,0,0
0.41737684731536,11388,1.5552,0,0
0.41737731252642,11389,1.5556,0,0
0.41737777760827,11390,1.556,0,0
0.41737824256094,11391,1.5564,0,0
0.4173787073844,11392,1.5568,0,0
0.41737917207867,11393,1.5572,0,0
0.41737963664375,11394,1.5576,0,0
0.41738010107963,11395,1.558,0,0
0.41738056538631,11396,1.5584,0,0
0.41738102956381,11397,1.5588,0,0
0.41738149361211,11398,1.5592,0,0
0.41738195753121,11399,1.5596,0,0
0.41738242132112,11400,1.56,0,0
0.41738288498184,11401,1.5604,0,0
0.41738334851337,11402,1.5608,0,0
0.41738381191571,11403,1.5612,0,0
0.41738427518885,11404,1.5616,0,0
0.4173847383328,11405,1.562,0,0
0.41738520134756,11406,1.5624,0,0
0.41738566423313,11407,1.5628,0,0
0.41738612698951,11408,1.5632,0,0
0.4173865896167,11409,1.5636,0,0
0.4173870521147,11410,1.564,0,0
0.41738751448351,11411,1.5644,0,0
0.41738797672313,11412,1.5648,0,0
0.41738843883357,11413,1.5652,0,0
0.41738890081481,11414,1.5656,0,0
0.41738936266686,11415,1.566,0,0
0.41738982438973,11416,1.5664,0,0
0.41739028598341,11417,1.5668,0,0
0.4173907474479,11418,1.5672,0,0
0.41739120878321,11419,1.5676,0,0
0.41739166998933,11420,1.568,0,0
0.41739213106626,11421,1.5684,0,0
0.41739259201401,11422,1.5688,0,0
0.41739305283257,11423,1.5692,0,0
0.41739351352194,11424,1.5696,0,0
0.41739397408213,11425,1.57,0,0
0.41739443451314,11426,1.5704,0,0
0.41739489481496,11427,1.5708,0,0
0.41739535498759,11428,1.5712,0,0
0.41739581503105,11429,1.5716,0,0
0.41739627494531,11430,1.572,0,0
0.4173967347304,11431,1.5724,0,0
0.4173971943863,11432,1.5728,0,0
0.41739765391302,11433,1.5732,0,0
0.41739811331056,11434,1.5736,0,0
0.41739857257892,11435,1.574,0,0
0.41739903171809,11436,1.5744,0,0
0.41739949072808,11437,1.5748,0,0
0.4173999496089,11438,1.5752,0,0
0.41740040836053,11439,1.5756,0,0
0.41740086698298,11440,1.576,0,0
0.41740132547625,11441,1.5764,0,0
0.41740178384034,11442,1.5768,0,0
0.41740224207525,11443,1.5772,0,0
0.41740270018098,11444,1.5776,0,0
0.41740315815754,11445,1.578,0,0
0.41740361600491,11446,1.5784,0,0
0.41740407372311,11447,1.5788,0,0
0.41740453131213,11448,1.5792,0,0
0.41740498877197,11449,1.5796,0,0
0.41740544610263,11450,1.58,0,0
0.41740590330412,11451,1.5804,0,0
0.41740636037643,11452,1.5808,0,0
0.41740681731957,11453,1.5812,0,0
0.41740727413352,11454,1.5816,0,0
0.41740773081831,11455,1.582,0,0
0.41740818737391,11456,1.5824,0,0
0.41740864380035,11457,1.5828,0,0
0.4174091000976,11458,1.5832,0,0
0.41740955626569,11459,1.5836,0,0
0.41741001230459,11460,1.584,0,0
0.41741046821433,11461,1.5844,0,0
0.41741092399489,11462,1.5848,0,0
0.41741137964628,11463,1.5852,0,0
0.41741183516849,11464,1.5856,0,0
0.41741229056154,11465,1.586,0,0
0.41741274582541,11466,1.5864,0,0
0.41741320096011,11467,1.5868,0,0
0.41741365596563,11468,1.5872,0,0
0.41741411084199,11469,1.5876,0,0
0.41741456558917,11470,1.588,0,0
0.41741502020719,11471,1.5884,0,0
0.41741547469603,11472,1.5888,0,0
0.4174159290557,11473,1.5892,0,0
0.4174163832862,11474,1.5896,0,0
0.41741683738754,11475,1.59,0,0
0.4174172913597,11476,1.5904,0,0
0.4174177452027,11477,1.5908,0,0
0.41741819891653,11478,1.5912,0,0
0.41741865250119,11479,1.5916,0,0
0.41741910595668,11480,1.592,0,0
0.417419559283,11481,1.5924,0,0
0.41742001248016,11482,1.5928,0,0
0.41742046554815,11483,1.5932,0,0
0.41742091848697,11484,1.5936,0,0
0.41742137129662,11485,1.594,0,0
0.41742182397711,11486,1.5944,0,0
0.41742227652844,11487,1.5948,0,0
0.4174227289506,11488,1.5952,0,0
0.41742318124359,11489,1.5956,0,0
0.41742363340742,11490,1.596,0,0
0.41742408544209,11491,1.5964,0,0
0.41742453734759,11492,1.5968,0,0
0.41742498912392,11493,1.5972,0,0
0.4174254407711,11494,1.5976,0,0
0.4174258922891,11495,1.598,0,0
0.41742634367795,11496,1.5984,0,0
0.41742679493764,11497,1.5988,0,0
0.41742724606816,11498,1.5992,0,0
0.41742769706952,11499,1.5996,0,0
0.41742814794171,11500,1.6,0,0
0.41742859868475,11501,1.6004,0,0
0.41742904929863,11502,1.6008,0,0
0.41742949978334,11503,1.6012,0,0
0.41742995013889,11504,1.6016,0,0
0.41743040036529,11505,1.602,0,0
0.41743085046252,11506,1.6024,0,0
0.4174313004306,11507,1.6028,0,0
0.41743175026951,11508,1.6032,0,0
0.41743219997927,11509,1.6036,0,0
0.41743264955986,11510,1.604,0,0
0.4174330990113,11511,1.6044,0,0
0.41743354833358,11512,1.6048,0,0
0.41743399752671,11513,1.6052,0,0
0.41743444659067,11514,1.6056,0,0
0.41743489552548,11515,1.606,0,0
0.41743534433113,11516,1.6064,0,0
0.41743579300763,11517,1.6068,0,0
0.41743624155497,11518,1.6072,0,0
0.41743668997315,11519,1.6076,0,0
0.41743713826218,11520,1.608,0,0
0.41743758642205,11521,1.6084,0,0
0.41743803445277,11522,1.6088,0,0
0.41743848235433,11523,1.6092,0,0
0.41743893012674,11524,1.6096,0,0
0.41743937777,11525,1.61,0,0
0.4174398252841,11526,1.6104,0,0
0.41744027266904,11527,1.6108,0,0
0.41744071992484,11528,1.6112,0,0
0.41744116705148,11529,1.6116,0,0
0.41744161404897,11530,1.612,0,0
0.4174420609173,11531,1.6124,0,0
0.41744250765649,11532,1.6128,0,0
0.41744295426652,11533,1.6132,0,0
0.4174434007474,11534,1.6136,0,0
0.41744384709914,11535,1.614,0,0
0.41744429332172,11536,1.6144,0,0
0.41744473941514,11537,1.6148,0,0
0.41744518537942,11538,1.6152,0,0
0.41744563121455,11539,1.6156,0,0
0.41744607692053,11540,1.616,0,0
0.41744652249737,11541,1.6164,0,0
0.41744696794505,11542,1.6168,0,0
0.41744741326358,11543,1.6172,0,0
0.41744785845297,11544,1.6176,0,0
0.41744830351321,11545,1.618,0,0
0.4174487484443,11546,1.6184,0,0
0.41744919324624,11547,1.6188,0,0
0.41744963791903,11548,1.6192,0,0
0.41745008246268,11549,1.6196,0,0
0.41745052687718,11550,1.62,0,0
0.41745097116254,11551,1.6204,0,0
0.41745141531875,11552,1.6208,0,0
0.41745185934582,11553,1.6212,0,0
0.41745230324374,11554,1.6216,0,0
0.41745274701251,11555,1.622,0,0
0.41745319065214,11556,1.6224,0,0
0.41745363416263,11557,1.6228,0,0
0.41745407754397,11558,1.6232,0,0
0.41745452079617,11559,1.6236,0,0
0.41745496391922,11560,1.624,0,0
0.41745540691313,11561,1.6244,0,0
0.4174558497779,11562,1.6248,0,0
0.41745629251353,11563,1.6252,0,0
0.41745673512001,11564,1.6256,0,0
0.41745717759736,11565,1.626,0,0
0.41745761994556,11566,1.6264,0,0
0.41745806216462,11567,1.6268,0,0
0.41745850425454,11568,1.6272,0,0
0.41745894621532,11569,1.6276,0,0
0.41745938804695,11570,1.628,0,0
0.41745982974945,11571,1.6284,0,0
0.41746027132281,11572,1.6288,0,0
0.41746071276703,11573,1.6292,0,0
0.41746115408211,11574,1.6296,0,0
0.41746159526805,11575,1.63,0,0
0.41746203632485,11576,1.6304,0,0
0.41746247725251,11577,1.6308,0,0
0.41746291805104,11578,1.6312,0,0
0.41746335872043,11579,1.6316,0,0
0.41746379926068,11580,1.632,0,0
0.41746423967179,11581,1.6324,0,0
0.41746467995377,11582,1.6328,0,0
0.41746512010661,11583,1.6332,0,0
0.41746556013031,11584,1.6336,0,0
0.41746600002488,11585,1.634,0,0
0.41746643979031,11586,1.6344,0,0
0.41746687942661,11587,1.6348,0,0
0.41746731893377,11588,1.6352,0,0
0.4174677583118,11589,1.6356,0,0
0.4174681975607,11590,1.636,0,0
0.41746863668046,11591,1.6364,0,0
0.41746907567108,11592,1.6368,0,0
0.41746951453258,11593,1.6372,0,0
0.41746995326493,11594,1.6376,0,0
0.41747039186816,11595,1.638,0,0
0.41747083034226,11596,1.6384,0,0
0.41747126868722,11597,1.6388,0,0
0.41747170690305,11598,1.6392,0,0
0.41747214498975,11599,1.6396,0,0
0.41747258294731,11600,1.64,0,0
0.41747302077575,11601,1.6404,0,0
0.41747345847505,11602,1.6408,0,0
0.41747389604523,11603,1.6412,0,0
0.41747433348627,11604,1.6416,0,0
0.41747477079819,11605,1.642,0,0
0.41747520798097,11606,1.6424,0,0
0.41747564503463,11607,1.6428,0,0
0.41747608195916,11608,1.6432,0,0
0.41747651875456,11609,1.6436,0,0
0.41747695542083,11610,1.644,0,0
0.41747739195797,11611,1.6444,0,0
0.41747782836598,11612,1.6448,0,0
0.41747826464487,11613,1.6452,0,0
0.41747870079463,11614,1.6456,0,0
0.41747913681526,11615,1.646,0,0
0.41747957270677,11616,1.6464,0,0
0.41748000846915,11617,1.6468,0,0
0.4174804441024,11618,1.6472,0,0
0.41748087960653,11619,1.6476,0,0
0.41748131498153,11620,1.648,0,0
0.41748175022741,11621,1.6484,0,0
0.41748218534417,11622,1.6488,0,0
0.4174826203318,11623,1.6492,0,0
0.4174830551903,11624,1.6496,0,0
0.41748348991968,11625,1.65,0,0
0.41748392451994,11626,1.6504,0,0
0.41748435899107,11627,1.6508,0,0
0.41748479333308,11628,1.6512,0,0
0.41748522754597,11629,1.6516,0,0
0.41748566162974,11630,1.652,0,0
0.41748609558438,11631,1.6524,0,0
0.4174865294099,11632,1.6528,0,0
0.4174869631063,11633,1.6532,0,0
0.41748739667358,11634,1.6536,0,0
0.41748783011174,11635,1.654,0,0
0.41748826342078,11636,1.6544,0,0
0.4174886966007,11637,1.6548,0,0
0.41748912965149,11638,1.6552,0,0
0.41748956257317,11639,1.6556,0,0
0.41748999536573,11640,1.656,0,0
0.41749042802917,11641,1.6564,0,0
0.41749086056349,11642,1.6568,0,0
0.41749129296869,11643,1.6572,0,0
0.41749172524478,11644,1.6576,0,0
0.41749215739174,11645,1.658,0,0
0.41749258940959,11646,1.6584,0,0
0.41749302129832,11647,1.6588,0,0
0.41749345305793,11648,1.6592,0,0
0.41749388468843,11649,1.6596,0,0
0.41749431618981,11650,1.66,0,0
0.41749474756208,11651,1.6604,0,0
0.41749517880522,11652,1.6608,0,0
0.41749560991926,11653,1.6612,0,0
0.41749604090418,11654,1.6616,0,0
0.41749647175998,11655,1.662,0,0
0.41749690248667,11656,1.6624,0,0
0.41749733308424,11657,1.6628,0,0
0.4174977635527,11658,1.6632,0,0
0.41749819389204,11659,1.6636,0,0
0.41749862410228,11660,1.664,0,0
0.41749905418339,11661,1.6644,0,0
0.4174994841354,11662,1.6648,0,0
0.41749991395829,11663,1.6652,0,0
0.41750034365208,11664,1.6656,0,0
0.41750077321674,11665,1.666,0,0
0.4175012026523,11666,1.6664,0,0
0.41750163195875,11667,1.6668,0,0
0.41750206113608,11668,1.6672,0,0
0.4175024901843,11669,1.6676,0,0
0.41750291910342,11670,1.668,0,0
0.41750334789342,11671,1.6684,0,0
0.41750377655431,11672,1.6688,0,0
0.4175042050861,11673,1.6692,0,0
0.41750463348877,11674,1.6696,0,0
0.41750506176233,11675,1.67,0,0
0.41750548990679,11676,1.6704,0,0
0.41750591792214,11677,1.6708,0,0
0.41750634580838,11678,1.6712,0,0
0.41750677356551,11679,1.6716,0,0
0.41750720119353,11680,1.672,0,0
0.41750762869245,11681,1.6724,0,0
0.41750805606226,11682,1.6728,0,0
0.41750848330296,11683,1.6732,0,0
0.41750891041455,11684,1.6736,0,0
0.41750933739704,11685,1.674,0,0
0.41750976425043,11686,1.6744,0,0
0.4175101909747,11687,1.6748,0,0
0.41751061756988,11688,1.6752,0,0
0.41751104403594,11689,1.6756,0,0
0.41751147037291,11690,1.676,0,0
0.41751189658077,11691,1.6764,0,0
0.41751232265952,11692,1.6768,0,0
0.41751274860917,11693,1.6772,0,0
0.41751317442972,11694,1.6776,0,0
0.41751360012116,11695,1.678,0,0
0.4175140256835,11696,1.6784,0,0
0.41751445111674,11697,1.6788,0,0
0.41751487642088,11698,1.6792,0,0
0.41751530159591,11699,1.6796,0,0
0.41751572664184,11700,1.68,0,0
0.41751615155867,11701,1.6804,0,0
0.4175165763464,11702,1.6808,0,0
0.41751700100503,11703,1.6812,0,0
0.41751742553455,11704,1.6816,0,0
0.41751784993498,11705,1.682,0,0
0.41751827420631,11706,1.6824,0,0
0.41751869834854,11707,1.6828,0,0
0.41751912236166,11708,1.6832,0,0
0.41751954624569,11709,1.6836,0,0
0.41751997000062,11710,1.684,0,0
0.41752039362645,11711,1.6844,0,0
0.41752081712318,11712,1.6848,0,0
0.41752124049082,11713,1.6852,0,0
0.41752166372935,11714,1.6856,0,0
0.41752208683879,11715,1.686,0,0
0.41752250981914,11716,1.6864,0,0
0.41752293267038,11717,1.6868,0,0
0.41752335539253,11718,1.6872,0,0
0.41752377798558,11719,1.6876,0,0
0.41752420044954,11720,1.688,0,0
0.4175246227844,11721,1.6884,0,0
0.41752504499016,11722,1.6888,0,0
0.41752546706683,11723,1.6892,0,0
0.41752588901441,11724,1.6896,0,0
0.41752631083289,11725,1.69,0,0
0.41752673252227,11726,1.6904,0,0
0.41752715408257,11727,1.6908,0,0
0.41752757551376,11728,1.6912,0,0
0.41752799681587,11729,1.6916,0,0
0.41752841798888,11730,1.692,0,0
0.4175288390328,11731,1.6924,0,0
0.41752925994763,11732,1.6928,0,0
0.41752968073336,11733,1.6932,0,0
0.41753010139,11734,1.6936,0,0
0.41753052191755,11735,1.694,0,0
0.41753094231601,11736,1.6944,0,0
0.41753136258538,11737,1.6948,0,0
0.41753178272566,11738,1.6952,0,0
0.41753220273684,11739,1.6956,0,0
0.41753262261894,11740,1.696,0,0
0.41753304237195,11741,1.6964,0,0
0.41753346199586,11742,1.6968,0,0
0.41753388149069,11743,1.6972,0,0
0.41753430085643,11744,1.6976,0,0
0.41753472009308,11745,1.698,0,0
0.41753513920064,11746,1.6984,0,0
0.41753555817911,11747,1.6988,0,0
0.4175359770285,11748,1.6992,0,0
0.41753639574879,11749,1.6996,0,0
0.41753681434,11750,1.7,0,0
0.41753723280212,11751,1.7004,0,0
0.41753765113516,11752,1.7008,0,0
0.41753806933911,11753,1.7012,0,0
0.41753848741397,11754,1.7016,0,0
0.41753890535975,11755,1.702,0,0
0.41753932317644,11756,1.7024,0,0
0.41753974086404,11757,1.7028,0,0
0.41754015842257,11758,1.7032,0,0
0.417540575852,11759,1.7036,0,0
0.41754099315235,11760,1.704,0,0
0.41754141032362,11761,1.7044,0,0
0.4175418273658,11762,1.7048,0,0
0.4175422442789,11763,1.7052,0,0
0.41754266106292,11764,1.7056,0,0
0.41754307771785,11765,1.706,0,0
0.4175434942437,11766,1.7064,0,0
0.41754391064047,11767,1.7068,0,0
0.41754432690815,11768,1.7072,0,0
0.41754474304676,11769,1.7076,0,0
0.41754515905628,11770,1.708,0,0
0.41754557493672,11771,1.7084,0,0
0.41754599068808,11772,1.7088,0,0
0.41754640631036,11773,1.7092,0,0
0.41754682180355,11774,1.7096,0,0
0.41754723716767,11775,1.71,0,0
0.41754765240271,11776,1.7104,0,0
0.41754806750867,11777,1.7108,0,0
0.41754848248554,11778,1.7112,0,0
0.41754889733334,11779,1.7116,0,0
0.41754931205206,11780,1.712,0,0
0.4175497266417,11781,1.7124,0,0
0.41755014110227,11782,1.7128,0,0
0.41755055543375,11783,1.7132,0,0
0.41755096963616,11784,1.7136,0,0
0.41755138370949,11785,1.714,0,0
0.41755179765375,11786,1.7144,0,0
0.41755221146892,11787,1.7148,0,0
0.41755262515502,11788,1.7152,0,0
0.41755303871204,11789,1.7156,0,0
0.41755345213999,11790,1.716,0,0
0.41755386543886,11791,1.7164,0,0
0.41755427860866,11792,1.7168,0,0
0.41755469164938,11793,1.7172,0,0
0.41755510456103,11794,1.7176,0,0
0.4175555173436,11795,1.718,0,0
0.4175559299971,11796,1.7184,0,0
0.41755634252152,11797,1.7188,0,0
0.41755675491687,11798,1.7192,0,0
0.41755716718314,11799,1.7196,0,0
0.41755757932035,11800,1.72,0,0
0.41755799132848,11801,1.7204,0,0
0.41755840320753,11802,1.7208,0,0
0.41755881495752,11803,1.7212,0,0
0.41755922657843,11804,1.7216,0,0
0.41755963807027,11805,1.722,0,0
0.41756004943304,11806,1.7224,0,0
0.41756046066674,11807,1.7228,0,0
0.41756087177137,11808,1.7232,0,0
0.41756128274693,11809,1.7236,0,0
0.41756169359341,11810,1.724,0,0
0.41756210431083,11811,1.7244,0,0
0.41756251489918,11812,1.7248,0,0
0.41756292535845,11813,1.7252,0,0
0.41756333568866,11814,1.7256,0,0
0.4175637458898,11815,1.726,0,0
0.41756415596187,11816,1.7264,0,0
0.41756456590487,11817,1.7268,0,0
0.4175649757188,11818,1.7272,0,0
0.41756538540367,11819,1.7276,0,0
0.41756579495947,11820,1.728,0,0
0.4175662043862,11821,1.7284,0,0
0.41756661368386,11822,1.7288,0,0
0.41756702285246,11823,1.7292,0,0
0.41756743189199,11824,1.7296,0,0
0.41756784080245,11825,1.73,0,0
0.41756824958385,11826,1.7304,0,0
0.41756865823619,11827,1.7308,0,0
0.41756906675945,11828,1.7312,0,0
0.41756947515366,11829,1.7316,0,0
0.41756988341879,11830,1.732,0,0
0.41757029155487,11831,1.7324,0,0
0.41757069956188,11832,1.7328,0,0
0.41757110743982,11833,1.7332,0,0
0.4175715151887,11834,1.7336,0,0
0.41757192280852,11835,1.734,0,0
0.41757233029928,11836,1.7344,0,0
0.41757273766097,11837,1.7348,0,0
0.4175731448936,11838,1.7352,0,0
0.41757355199716,11839,1.7356,0,0
0.41757395897167,11840,1.736,0,0
0.41757436581711,11841,1.7364,0,0
0.4175747725335,11842,1.7368,0,0
0.41757517912082,11843,1.7372,0,0
0.41757558557908,11844,1.7376,0,0
0.41757599190828,11845,1.738,0,0
0.41757639810842,11846,1.7384,0,0
0.41757680417949,11847,1.7388,0,0
0.41757721012151,11848,1.7392,0,0
0.41757761593447,11849,1.7396,0,0
0.41757802161838,11850,1.74,0,0
0.41757842717322,11851,1.7404,0,0
0.417578832599,11852,1.7408,0,0
0.41757923789572,11853,1.7412,0,0
0.41757964306339,11854,1.7416,0,0
0.417580048102,11855,1.742,0,0
0.41758045301155,11856,1.7424,0,0
0.41758085779205,11857,1.7428,0,0
0.41758126244348,11858,1.7432,0,0
0.41758166696586,11859,1.7436,0,0
0.41758207135919,11860,1.744,0,0
0.41758247562346,11861,1.7444,0,0
0.41758287975867,11862,1.7448,0,0
0.41758328376482,11863,1.7452,0,0
0.41758368764192,11864,1.7456,0,0
0.41758409138997,11865,1.746,0,0
0.41758449500896,11866,1.7464,0,0
0.4175848984989,11867,1.7468,0,0
0.41758530185978,11868,1.7472,0,0
0.41758570509161,11869,1.7476,0,0
0.41758610819438,11870,1.748,0,0
0.4175865111681,11871,1.7484,0,0
0.41758691401277,11872,1.7488,0,0
0.41758731672839,11873,1.7492,0,0
0.41758771931495,11874,1.7496,0,0
0.41758812177246,11875,1.75,0,0
0.41758852410092,11876,1.7504,0,0
0.41758892630033,11877,1.7508,0,0
0.41758932837068,11878,1.7512,0,0
0.41758973031199,11879,1.7516,0,0
0.41759013212424,11880,1.752,0,0
0.41759053380744,11881,1.7524,0,0
0.41759093536159,11882,1.7528,0,0
0.41759133678669,11883,1.7532,0,0
0.41759173808275,11884,1.7536,0,0
0.41759213924975,11885,1.754,0,0
0.4175925402877,11886,1.7544,0,0
0.41759294119661,11887,1.7548,0,0
0.41759334197646,11888,1.7552,0,0
0.41759374262727,11889,1.7556,0,0
0.41759414314903,11890,1.756,0,0
0.41759454354174,11891,1.7564,0,0
0.4175949438054,11892,1.7568,0,0
0.41759534394002,11893,1.7572,0,0
0.41759574394559,11894,1.7576,0,0
0.41759614382211,11895,1.758,0,0
0.41759654356959,11896,1.7584,0,0
0.41759694318801,11897,1.7588,0,0
0.4175973426774,11898,1.7592,0,0
0.41759774203774,11899,1.7596,0,0
0.41759814126903,11900,1.76,0,0
0.41759854037127,11901,1.7604,0,0
0.41759893934448,11902,1.7608,0,0
0.41759933818863,11903,1.7612,0,0
0.41759973690375,11904,1.7616,0,0
0.41760013548982,11905,1.762,0,0
0.41760053394684,11906,1.7624,0,0
0.41760093227482,11907,1.7628,0,0
0.41760133047376,11908,1.7632,0,0
0.41760172854366,11909,1.7636,0,0
0.41760212648451,11910,1.764,0,0
0.41760252429632,11911,1.7644,0,0
0.41760292197909,11912,1.7648,0,0
0.41760331953281,11913,1.7652,0,0
0.4176037169575,11914,1.7656,0,0
0.41760411425314,11915,1.766,0,0
0.41760451141974,11916,1.7664,0,0
0.4176049084573,11917,1.7668,0,0
0.41760530536583,11918,1.7672,0,0
0.41760570214531,11919,1.7676,0,0
0.41760609879575,11920,1.768,0,0
0.41760649531715,11921,1.7684,0,0
0.41760689170951,11922,1.7688,0,0
0.41760728797283,11923,1.7692,0,0
0.41760768410711,11924,1.7696,0,0
0.41760808011236,11925,1.77,0,0
0.41760847598856,11926,1.7704,0,0
0.41760887173573,11927,1.7708,0,0
0.41760926735386,11928,1.7712,0,0
0.41760966284295,11929,1.7716,0,0
0.41761005820301,11930,1.772,0,0
0.41761045343403,11931,1.7724,0,0
0.41761084853601,11932,1.7728,0,0
0.41761124350895,11933,1.7732,0,0
0.41761163835286,11934,1.7736,0,0
0.41761203306773,11935,1.774,0,0
0.41761242765357,11936,1.7744,0,0
0.41761282211037,11937,1.7748,0,0
0.41761321643814,11938,1.7752,0,0
0.41761361063687,11939,1.7756,0,0
0.41761400470657,11940,1.776,0,0
0.41761439864723,11941,1.7764,0,0
0.41761479245886,11942,1.7768,0,0
0.41761518614146,11943,1.7772,0,0
0.41761557969502,11944,1.7776,0,0
0.41761597311954,11945,1.778,0,0
0.41761636641504,11946,1.7784,0,0
0.4176167595815,11947,1.7788,0,0
0.41761715261893,11948,1.7792,0,0
0.41761754552733,11949,1.7796,0,0
0.4176179383067,11950,1.78,0,0
0.41761833095703,11951,1.7804,0,0
0.41761872347833,11952,1.7808,0,0
0.4176191158706,11953,1.7812,0,0
0.41761950813385,11954,1.7816,0,0
0.41761990026806,11955,1.782,0,0
0.41762029227324,11956,1.7824,0,0
0.41762068414939,11957,1.7828,0,0
0.41762107589651,11958,1.7832,0,0
0.4176214675146,11959,1.7836,0,0
0.41762185900366,11960,1.784,0,0
0.41762225036369,11961,1.7844,0,0
0.4176226415947,11962,1.7848,0,0
0.41762303269667,11963,1.7852,0,0
0.41762342366962,11964,1.7856,0,0
0.41762381451354,11965,1.786,0,0
0.41762420522843,11966,1.7864,0,0
0.41762459581429,11967,1.7868,0,0
0.41762498627113,11968,1.7872,0,0
0.41762537659894,11969,1.7876,0,0
0.41762576679773,11970,1.788,0,0
0.41762615686748,11971,1.7884,0,0
0.41762654680821,11972,1.7888,0,0
0.41762693661992,11973,1.7892,0,0
0.4176273263026,11974,1.7896,0,0
0.41762771585626,11975,1.79,0,0
0.41762810528089,11976,1.7904,0,0
0.41762849457649,11977,1.7908,0,0
0.41762888374307,11978,1.7912,0,0
0.41762927278063,11979,1.7916,0,0
0.41762966168916,11980,1.792,0,0
0.41763005046867,11981,1.7924,0,0
0.41763043911916,11982,1.7928,0,0
0.41763082764062,11983,1.7932,0,0
0.41763121603306,11984,1.7936,0,0
0.41763160429648,11985,1.794,0,0
0.41763199243088,11986,1.7944,0,0
0.41763238043625,11987,1.7948,0,0
0.4176327683126,11988,1.7952,0,0
0.41763315605993,11989,1.7956,0,0
0.41763354367824,11990,1.796,0,0
0.41763393116753,11991,1.7964,0,0
0.41763431852779,11992,1.7968,0,0
0.41763470575904,11993,1.7972,0,0
0.41763509286127,11994,1.7976,0,0
0.41763547983447,11995,1.798,0,0
0.41763586667866,11996,1.7984,0,0
0.41763625339383,11997,1.7988,0,0
0.41763663997998,11998,1.7992,0,0
0.41763702643711,11999,1.7996,0,0
0.41763741276522,12000,1.8,0,0
0.41763779896431,12001,1.8004,0,0
0.41763818503438,12002,1.8008,0,0
0.41763857097544,12003,1.8012,0,0
0.41763895678748,12004,1.8016,0,0
0.4176393424705,12005,1.802,0,0
0.41763972802451,12006,1.8024,0,0
0.4176401134495,12007,1.8028,0,0
0.41764049874547,12008,1.8032,0,0
0.41764088391242,12009,1.8036,0,0
0.41764126895036,12010,1.804,0,0
0.41764165385929,12011,1.8044,0,0
0.41764203863919,12012,1.8048,0,0
0.41764242329009,12013,1.8052,0,0
0.41764280781197,12014,1.8056,0,0
0.41764319220483,12015,1.806,0,0
0.41764357646868,12016,1.8064,0,0
0.41764396060351,12017,1.8068,0,0
0.41764434460934,12018,1.8072,0,0
0.41764472848614,12019,1.8076,0,0
0.41764511223394,12020,1.808,0,0
0.41764549585272,12021,1.8084,0,0
0.41764587934249,12022,1.8088,0,0
0.41764626270324,12023,1.8092,0,0
0.41764664593499,12024,1.8096,0,0
0.41764702903772,12025,1.81,0,0
0.41764741201144,12026,1.8104,0,0
0.41764779485615,12027,1.8108,0,0
0.41764817757185,12028,1.8112,0,0
0.41764856015853,12029,1.8116,0,0
0.41764894261621,12030,1.812,0,0
0.41764932494487,12031,1.8124,0,0
0.41764970714453,12032,1.8128,0,0
0.41765008921517,12033,1.8132,0,0
0.41765047115681,12034,1.8136,0,0
0.41765085296943,12035,1.814,0,0
0.41765123465305,12036,1.8144,0,0
0.41765161620766,12037,1.8148,0,0
0.41765199763326,12038,1.8152,0,0
0.41765237892985,12039,1.8156,0,0
0.41765276009743,12040,1.816,0,0
0.41765314113601,12041,1.8164,0,0
0.41765352204558,12042,1.8168,0,0
0.41765390282614,12043,1.8172,0,0
0.41765428347769,12044,1.8176,0,0
0.41765466400024,12045,1.818,0,0
0.41765504439377,12046,1.8184,0,0
0.41765542465831,12047,1.8188,0,0
0.41765580479384,12048,1.8192,0,0
0.41765618480036,12049,1.8196,0,0
0.41765656467787,12050,1.82,0,0
0.41765694442639,12051,1.8204,0,0
0.41765732404589,12052,1.8208,0,0
0.41765770353639,12053,1.8212,0,0
0.41765808289789,12054,1.8216,0,0
0.41765846213038,12055,1.822,0,0
0.41765884123387,12056,1.8224,0,0
0.41765922020836,12057,1.8228,0,0
0.41765959905384,12058,1.8232,0,0
0.41765997777032,12059,1.8236,0,0
0.41766035635779,12060,1.824,0,0
0.41766073481627,12061,1.8244,0,0
0.41766111314574,12062,1.8248,0,0
0.4176614913462,12063,1.8252,0,0
0.41766186941767,12064,1.8256,0,0
0.41766224736014,12065,1.826,0,0
0.4176626251736,12066,1.8264,0,0
0.41766300285806,12067,1.8268,0,0
0.41766338041352,12068,1.8272,0,0
0.41766375783998,12069,1.8276,0,0
0.41766413513745,12070,1.828,0,0
0.41766451230591,12071,1.8284,0,0
0.41766488934537,12072,1.8288,0,0
0.41766526625583,12073,1.8292,0,0
0.41766564303729,12074,1.8296,0,0
0.41766601968975,12075,1.83,0,0
0.41766639621322,12076,1.8304,0,0
0.41766677260768,12077,1.8308,0,0
0.41766714887315,12078,1.8312,0,0
0.41766752500962,12079,1.8316,0,0
0.41766790101709,12080,1.832,0,0
0.41766827689557,12081,1.8324,0,0
0.41766865264504,12082,1.8328,0,0
0.41766902826552,12083,1.8332,0,0
0.41766940375701,12084,1.8336,0,0
0.4176697791195,12085,1.834,0,0
0.41767015435299,12086,1.8344,0,0
0.41767052945748,12087,1.8348,0,0
0.41767090443298,12088,1.8352,0,0
0.41767127927948,12089,1.8356,0,0
0.41767165399699,12090,1.836,0,0
0.41767202858551,12091,1.8364,0,0
0.41767240304502,12092,1.8368,0,0
0.41767277737555,12093,1.8372,0,0
0.41767315157708,12094,1.8376,0,0
0.41767352564962,12095,1.838,0,0
0.41767389959316,12096,1.8384,0,0
0.41767427340771,12097,1.8388,0,0
0.41767464709326,12098,1.8392,0,0
0.41767502064983,12099,1.8396,0,0
0.4176753940774,12100,1.84,0,0
0.41767576737598,12101,1.8404,0,0
0.41767614054556,12102,1.8408,0,0
0.41767651358616,12103,1.8412,0,0
0.41767688649776,12104,1.8416,0,0
0.41767725928037,12105,1.842,0,0
0.41767763193399,12106,1.8424,0,0
0.41767800445862,12107,1.8428,0,0
0.41767837685426,12108,1.8432,0,0
0.41767874912091,12109,1.8436,0,0
0.41767912125857,12110,1.844,0,0
0.41767949326724,12111,1.8444,0,0
0.41767986514692,12112,1.8448,0,0
0.41768023689761,12113,1.8452,0,0
0.41768060851931,12114,1.8456,0,0
0.41768098001202,12115,1.846,0,0
0.41768135137574,12116,1.8464,0,0
0.41768172261048,12117,1.8468,0,0
0.41768209371623,12118,1.8472,0,0
0.41768246469299,12119,1.8476,0,0
0.41768283554076,12120,1.848,0,0
0.41768320625954,12121,1.8484,0,0
0.41768357684934,12122,1.8488,0,0
0.41768394731015,12123,1.8492,0,0
0.41768431764198,12124,1.8496,0,0
0.41768468784481,12125,1.85,0,0
0.41768505791867,12126,1.8504,0,0
0.41768542786353,12127,1.8508,0,0
0.41768579767941,12128,1.8512,0,0
0.41768616736631,12129,1.8516,0,0
0.41768653692422,12130,1.852,0,0
0.41768690635315,12131,1.8524,0,0
0.41768727565309,12132,1.8528,0,0
0.41768764482404,12133,1.8532,0,0
0.41768801386602,12134,1.8536,0,0
0.41768838277901,12135,1.854,0,0
0.41768875156301,12136,1.8544,0,0
0.41768912021804,12137,1.8548,0,0
0.41768948874408,12138,1.8552,0,0
0.41768985714113,12139,1.8556,0,0
0.41769022540921,12140,1.856,0,0
0.4176905935483,12141,1.8564,0,0
0.41769096155841,12142,1.8568,0,0
0.41769132943954,12143,1.8572,0,0
0.41769169719168,12144,1.8576,0,0
0.41769206481485,12145,1.858,0,0
0.41769243230904,12146,1.8584,0,0
0.41769279967424,12147,1.8588,0,0
0.41769316691046,12148,1.8592,0,0
0.41769353401771,12149,1.8596,0,0
0.41769390099597,12150,1.86,0,0
0.41769426784525,12151,1.8604,0,0
0.41769463456556,12152,1.8608,0,0
0.41769500115688,12153,1.8612,0,0
0.41769536761923,12154,1.8616,0,0
0.4176957339526,12155,1.862,0,0
0.41769610015699,12156,1.8624,0,0
0.4176964662324,12157,1.8628,0,0
0.41769683217883,12158,1.8632,0,0
0.41769719799629,12159,1.8636,0,0
0.41769756368476,12160,1.864,0,0
0.41769792924426,12161,1.8644,0,0
0.41769829467479,12162,1.8648,0,0
0.41769865997633,12163,1.8652,0,0
0.4176990251489,12164,1.8656,0,0
0.4176993901925,12165,1.866,0,0
0.41769975510712,12166,1.8664,0,0
0.41770011989276,12167,1.8668,0,0
0.41770048454943,12168,1.8672,0,0
0.41770084907712,12169,1.8676,0,0
0.41770121347583,12170,1.868,0,0
0.41770157774558,12171,1.8684,0,0
0.41770194188634,12172,1.8688,0,0
0.41770230589814,12173,1.8692,0,0
0.41770266978096,12174,1.8696,0,0
0.4177030335348,12175,1.87,0,0
0.41770339715968,12176,1.8704,0,0
0.41770376065557,12177,1.8708,0,0
0.4177041240225,12178,1.8712,0,0
0.41770448726045,12179,1.8716,0,0
0.41770485036943,12180,1.872,0,0
0.41770521334944,12181,1.8724,0,0
0.41770557620048,12182,1.8728,0,0
0.41770593892255,12183,1.8732,0,0
0.41770630151564,12184,1.8736,0,0
0.41770666397976,12185,1.874,0,0
0.41770702631491,12186,1.8744,0,0
0.41770738852109,12187,1.8748,0,0
0.4177077505983,12188,1.8752,0,0
0.41770811254654,12189,1.8756,0,0
0.41770847436581,12190,1.876,0,0
0.41770883605611,12191,1.8764,0,0
0.41770919761744,12192,1.8768,0,0
0.4177095590498,12193,1.8772,0,0
0.4177099203532,12194,1.8776,0,0
0.41771028152762,12195,1.878,0,0
0.41771064257307,12196,1.8784,0,0
0.41771100348956,12197,1.8788,0,0
0.41771136427708,12198,1.8792,0,0
0.41771172493563,12199,1.8796,0,0
0.41771208546521,12200,1.88,0,0
0.41771244586583,12201,1.8804,0,0
0.41771280613748,12202,1.8808,0,0
0.41771316628016,12203,1.8812,0,0
0.41771352629388,12204,1.8816,0,0
0.41771388617863,12205,1.882,0,0
0.41771424593441,12206,1.8824,0,0
0.41771460556123,12207,1.8828,0,0
0.41771496505908,12208,1.8832,0,0
0.41771532442797,12209,1.8836,0,0
0.41771568366789,12210,1.884,0,0
0.41771604277884,12211,1.8844,0,0
0.41771640176084,12212,1.8848,0,0
0.41771676061386,12213,1.8852,0,0
0.41771711933793,12214,1.8856,0,0
0.41771747793303,12215,1.886,0,0
0.41771783639916,12216,1.8864,0,0
0.41771819473634,12217,1.8868,0,0
0.41771855294455,12218,1.8872,0,0
0.41771891102379,12219,1.8876,0,0
0.41771926897408,12220,1.888,0,0
0.4177196267954,12221,1.8884,0,0
0.41771998448776,12222,1.8888,0,0
0.41772034205116,12223,1.8892,0,0
0.41772069948559,12224,1.8896,0,0
0.41772105679107,12225,1.89,0,0
0.41772141396758,12226,1.8904,0,0
0.41772177101514,12227,1.8908,0,0
0.41772212793373,12228,1.8912,0,0
0.41772248472336,12229,1.8916,0,0
0.41772284138403,12230,1.892,0,0
0.41772319791574,12231,1.8924,0,0
0.4177235543185,12232,1.8928,0,0
0.41772391059229,12233,1.8932,0,0
0.41772426673712,12234,1.8936,0,0
0.417724622753,12235,1.894,0,0
0.41772497863991,12236,1.8944,0,0
0.41772533439787,12237,1.8948,0,0
0.41772569002687,12238,1.8952,0,0
0.41772604552691,12239,1.8956,0,0
0.41772640089799,12240,1.896,0,0
0.41772675614012,12241,1.8964,0,0
0.41772711125329,12242,1.8968,0,0
0.4177274662375,12243,1.8972,0,0
0.41772782109275,12244,1.8976,0,0
0.41772817581905,12245,1.898,0,0
0.41772853041639,12246,1.8984,0,0
0.41772888488478,12247,1.8988,0,0
0.41772923922421,12248,1.8992,0,0
0.41772959343468,12249,1.8996,0,0
0.4177299475162,12250,1.9,0,0
0.41773030146877,12251,1.9004,0,0
0.41773065529238,12252,1.9008,0,0
0.41773100898703,12253,1.9012,0,0
0.41773136255273,12254,1.9016,0,0
0.41773171598948,12255,1.902,0,0
0.41773206929727,12256,1.9024,0,0
0.41773242247611,12257,1.9028,0,0
0.41773277552599,12258,1.9032,0,0
0.41773312844693,12259,1.9036,0,0
0.4177334812389,12260,1.904,0,0
0.41773383390193,12261,1.9044,0,0
0.41773418643601,12262,1.9048,0,0
0.41773453884113,12263,1.9052,0,0
0.4177348911173,12264,1.9056,0,0
0.41773524326452,12265,1.906,0,0
0.41773559528278,12266,1.9064,0,0
0.4177359471721,12267,1.9068,0,0
0.41773629893246,12268,1.9072,0,0
0.41773665056388,12269,1.9076,0,0
0.41773700206634,12270,1.908,0,0
0.41773735343985,12271,1.9084,0,0
0.41773770468442,12272,1.9088,0,0
0.41773805580003,12273,1.9092,0,0
0.4177384067867,12274,1.9096,0,0
0.41773875764441,12275,1.91,0,0
0.41773910837318,12276,1.9104,0,0
0.41773945897299,12277,1.9108,0,0
0.41773980944386,12278,1.9112,0,0
0.41774015978578,12279,1.9116,0,0
0.41774050999875,12280,1.912,0,0
0.41774086008278,12281,1.9124,0,0
0.41774121003785,12282,1.9128,0,0
0.41774155986398,12283,1.9132,0,0
0.41774190956116,12284,1.9136,0,0
0.4177422591294,12285,1.914,0,0
0.41774260856869,12286,1.9144,0,0
0.41774295787903,12287,1.9148,0,0
0.41774330706042,12288,1.9152,0,0
0.41774365611287,12289,1.9156,0,0
0.41774400503638,12290,1.916,0,0
0.41774435383094,12291,1.9164,0,0
0.41774470249655,12292,1.9168,0,0
0.41774505103322,12293,1.9172,0,0
0.41774539944094,12294,1.9176,0,0
0.41774574771972,12295,1.918,0,0
0.41774609586956,12296,1.9184,0,0
0.41774644389045,12297,1.9188,0,0
0.41774679178239,12298,1.9192,0,0
0.4177471395454,12299,1.9196,0,0
0.41774748717946,12300,1.92,0,0
0.41774783468457,12301,1.9204,0,0
0.41774818206075,12302,1.9208,0,0
0.41774852930798,12303,1.9212,0,0
0.41774887642627,12304,1.9216,0,0
0.41774922341561,12305,1.922,0,0
0.41774957027602,12306,1.9224,0,0
0.41774991700748,12307,1.9228,0,0
0.41775026361001,12308,1.9232,0,0
0.41775061008359,12309,1.9236,0,0
0.41775095642823,12310,1.924,0,0
0.41775130264393,12311,1.9244,0,0
0.41775164873068,12312,1.9248,0,0
0.4177519946885,12313,1.9252,0,0
0.41775234051738,12314,1.9256,0,0
0.41775268621732,12315,1.926,0,0
0.41775303178832,12316,1.9264,0,0
0.41775337723038,12317,1.9268,0,0
0.4177537225435,12318,1.9272,0,0
0.41775406772768,12319,1.9276,0,0
0.41775441278292,12320,1.928,0,0
0.41775475770923,12321,1.9284,0,0
0.4177551025066,12322,1.9288,0,0
0.41775544717502,12323,1.9292,0,0
0.41775579171452,12324,1.9296,0,0
0.41775613612507,12325,1.93,0,0
0.41775648040669,12326,1.9304,0,0
0.41775682455937,12327,1.9308,0,0
0.41775716858311,12328,1.9312,0,0
0.41775751247792,12329,1.9316,0,0
0.41775785624379,12330,1.932,0,0
0.41775819988072,12331,1.9324,0,0
0.41775854338872,12332,1.9328,0,0
0.41775888676778,12333,1.9332,0,0
0.41775923001791,12334,1.9336,0,0
0.4177595731391,12335,1.934,0,0
0.41775991613136,12336,1.9344,0,0
0.41776025899468,12337,1.9348,0,0
0.41776060172907,12338,1.9352,0,0
0.41776094433453,12339,1.9356,0,0
0.41776128681105,12340,1.936,0,0
0.41776162915864,12341,1.9364,0,0
0.41776197137729,12342,1.9368,0,0
0.41776231346701,12343,1.9372,0,0
0.4177626554278,12344,1.9376,0,0
0.41776299725965,12345,1.938,0,0
0.41776333896258,12346,1.9384,0,0
0.41776368053657,12347,1.9388,0,0
0.41776402198162,12348,1.9392,0,0
0.41776436329775,12349,1.9396,0,0
0.41776470448495,12350,1.94,0,0
0.41776504554321,12351,1.9404,0,0
0.41776538647254,12352,1.9408,0,0
0.41776572727294,12353,1.9412,0,0
0.41776606794441,12354,1.9416,0,0
0.41776640848695,12355,1.942,0,0
0.41776674890056,12356,1.9424,0,0
0.41776708918525,12357,1.9428,0,0
0.417767429341,12358,1.9432,0,0
0.41776776936782,12359,1.9436,0,0
0.41776810926571,12360,1.944,0,0
0.41776844903467,12361,1.9444,0,0
0.41776878867471,12362,1.9448,0,0
0.41776912818581,12363,1.9452,0,0
0.41776946756799,12364,1.9456,0,0
0.41776980682124,12365,1.946,0,0
0.41777014594556,12366,1.9464,0,0
0.41777048494096,12367,1.9468,0,0
0.41777082380742,12368,1.9472,0,0
0.41777116254496,12369,1.9476,0,0
0.41777150115357,12370,1.948,0,0
0.41777183963326,12371,1.9484,0,0
0.41777217798402,12372,1.9488,0,0
0.41777251620585,12373,1.9492,0,0
0.41777285429876,12374,1.9496,0,0
0.41777319226274,12375,1.95,0,0
0.4177735300978,12376,1.9504,0,0
0.41777386780393,12377,1.9508,0,0
0.41777420538113,12378,1.9512,0,0
0.41777454282941,12379,1.9516,0,0
0.41777488014877,12380,1.952,0,0
0.4177752173392,12381,1.9524,0,0
0.41777555440071,12382,1.9528,0,0
0.41777589133329,12383,1.9532,0,0
0.41777622813695,12384,1.9536,0,0
0.41777656481169,12385,1.954,0,0
0.4177769013575,12386,1.9544,0,0
0.4177772377744,12387,1.9548,0,0
0.41777757406236,12388,1.9552,0,0
0.41777791022141,12389,1.9556,0,0
0.41777824625153,12390,1.956,0,0
0.41777858215273,12391,1.9564,0,0
0.41777891792501,12392,1.9568,0,0
0.41777925356837,12393,1.9572,0,0
0.4177795890828,12394,1.9576,0,0
0.41777992446832,12395,1.958,0,0
0.41778025972491,12396,1.9584,0,0
0.41778059485259,12397,1.9588,0,0
0.41778092985134,12398,1.9592,0,0
0.41778126472117,12399,1.9596,0,0
0.41778159946209,12400,1.96,0,0
0.41778193407408,12401,1.9604,0,0
0.41778226855715,12402,1.9608,0,0
0.41778260291131,12403,1.9612,0,0
0.41778293713654,12404,1.9616,0,0
0.41778327123286,12405,1.962,0,0
0.41778360520025,12406,1.9624,0,0
0.41778393903873,12407,1.9628,0,0
0.41778427274829,12408,1.9632,0,0
0.41778460632894,12409,1.9636,0,0
0.41778493978066,12410,1.964,0,0
0.41778527310347,12411,1.9644,0,0
0.41778560629736,12412,1.9648,0,0
0.41778593936233,12413,1.9652,0,0
0.41778627229839,12414,1.9656,0,0
0.41778660510553,12415,1.966,0,0
0.41778693778375,12416,1.9664,0,0
0.41778727033306,12417,1.9668,0,0
0.41778760275345,12418,1.9672,0,0
0.41778793504493,12419,1.9676,0,0
0.41778826720749,12420,1.968,0,0
0.41778859924113,12421,1.9684,0,0
0.41778893114586,12422,1.9688,0,0
0.41778926292168,12423,1.9692,0,0
0.41778959456858,12424,1.9696,0,0
0.41778992608657,12425,1.97,0,0
0.41779025747564,12426,1.9704,0,0
0.4177905887358,12427,1.9708,0,0
0.41779091986704,12428,1.9712,0,0
0.41779125086937,12429,1.9716,0,0
0.41779158174279,12430,1.972,0,0
0.4177919124873,12431,1.9724,0,0
0.41779224310289,12432,1.9728,0,0
0.41779257358957,12433,1.9732,0,0
0.41779290394734,12434,1.9736,0,0
0.41779323417619,12435,1.974,0,0
0.41779356427614,12436,1.9744,0,0
0.41779389424717,12437,1.9748,0,0
0.41779422408929,12438,1.9752,0,0
0.4177945538025,12439,1.9756,0,0
0.4177948833868,12440,1.976,0,0
0.41779521284219,12441,1.9764,0,0
0.41779554216867,12442,1.9768,0,0
0.41779587136623,12443,1.9772,0,0
0.41779620043489,12444,1.9776,0,0
0.41779652937464,12445,1.978,0,0
0.41779685818548,12446,1.9784,0,0
0.41779718686741,12447,1.9788,0,0
0.41779751542043,12448,1.9792,0,0
0.41779784384454,12449,1.9796,0,0
0.41779817213974,12450,1.98,0,0
0.41779850030603,12451,1.9804,0,0
0.41779882834342,12452,1.9808,0,0
0.4177991562519,12453,1.9812,0,0
0.41779948403147,12454,1.9816,0,0
0.41779981168213,12455,1.982,0,0
0.41780013920388,12456,1.9824,0,0
0.41780046659673,12457,1.9828,0,0
0.41780079386067,12458,1.9832,0,0
0.41780112099571,12459,1.9836,0,0
0.41780144800183,12460,1.984,0,0
0.41780177487906,12461,1.9844,0,0
0.41780210162737,12462,1.9848,0,0
0.41780242824678,12463,1.9852,0,0
0.41780275473729,12464,1.9856,0,0
0.41780308109888,12465,1.986,0,0
0.41780340733158,12466,1.9864,0,0
0.41780373343537,12467,1.9868,0,0
0.41780405941025,12468,1.9872,0,0
0.41780438525623,12469,1.9876,0,0
0.41780471097331,12470,1.988,0,0
0.41780503656148,12471,1.9884,0,0
0.41780536202075,12472,1.9888,0,0
0.41780568735111,12473,1.9892,0,0
0.41780601255257,12474,1.9896,0,0
0.41780633762513,12475,1.99,0,0
0.41780666256879,12476,1.9904,0,0
0.41780698738354,12477,1.9908,0,0
0.41780731206939,12478,1.9912,0,0
0.41780763662634,12479,1.9916,0,0
0.41780796105438,12480,1.992,0,0
0.41780828535353,12481,1.9924,0,0
0.41780860952377,12482,1.9928,0,0
0.41780893356511,12483,1.9932,0,0
0.41780925747755,12484,1.9936,0,0
0.41780958126109,12485,1.994,0,0
0.41780990491573,12486,1.9944,0,0
0.41781022844147,12487,1.9948,0,0
0.4178105518383,12488,1.9952,0,0
0.41781087510624,12489,1.9956,0,0
0.41781119824528,12490,1.996,0,0
0.41781152125542,12491,1.9964,0,0
0.41781184413666,12492,1.9968,0,0
0.417812166889,12493,1.9972,0,0
0.41781248951244,12494,1.9976,0,0
0.41781281200698,12495,1.998,0,0
0.41781313437263,12496,1.9984,0,0
0.41781345660937,12497,1.9988,0,0
0.41781377871722,12498,1.9992,0,0
0.41781410069617,12499,1.9996,0,0
0.41781442254622,12500,2,0,0
0.41781474426738,12501,2.0004,0,0
0.41781506585964,12502,2.0008,0,0
0.417815387323,12503,2.0012,0,0
0.41781570865746,12504,2.0016,0,0
0.41781602986303,12505,2.002,0,0
0.4178163509397,12506,2.0024,0,0
0.41781667188748,12507,2.0028,0,0
0.41781699270636,12508,2.0032,0,0
0.41781731339634,12509,2.0036,0,0
0.41781763395743,12510,2.004,0,0
0.41781795438963,12511,2.0044,0,0
0.41781827469292,12512,2.0048,0,0
0.41781859486733,12513,2.0052,0,0
0.41781891491284,12514,2.0056,0,0
0.41781923482945,12515,2.006,0,0
0.41781955461718,12516,2.0064,0,0
0.417819874276,12517,2.0068,0,0
0.41782019380594,12518,2.0072,0,0
0.41782051320698,12519,2.0076,0,0
0.41782083247913,12520,2.008,0,0
0.41782115162238,12521,2.0084,0,0
0.41782147063674,12522,2.0088,0,0
0.41782178952221,12523,2.0092,0,0
0.41782210827879,12524,2.0096,0,0
0.41782242690647,12525,2.01,0,0
0.41782274540527,12526,2.0104,0,0
0.41782306377517,12527,2.0108,0,0
0.41782338201618,12528,2.0112,0,0
0.41782370012829,12529,2.0116,0,0
0.41782401811152,12530,2.012,0,0
0.41782433596586,12531,2.0124,0,0
0.41782465369131,12532,2.0128,0,0
0.41782497128786,12533,2.0132,0,0
0.41782528875553,12534,2.0136,0,0
0.4178256060943,12535,2.014,0,0
0.41782592330419,12536,2.0144,0,0
0.41782624038519,12537,2.0148,0,0
0.41782655733729,12538,2.0152,0,0
0.41782687416051,12539,2.0156,0,0
0.41782719085484,12540,2.016,0,0
0.41782750742028,12541,2.0164,0,0
0.41782782385683,12542,2.0168,0,0
0.4178281401645,12543,2.0172,0,0
0.41782845634327,12544,2.0176,0,0
0.41782877239316,12545,2.018,0,0
0.41782908831416,12546,2.0184,0,0
0.41782940410628,12547,2.0188,0,0
0.4178297197695,12548,2.0192,0,0
0.41783003530384,12549,2.0196,0,0
0.4178303507093,12550,2.02,0,0
0.41783066598586,12551,2.0204,0,0
0.41783098113354,12552,2.0208,0,0
0.41783129615234,12553,2.0212,0,0
0.41783161104224,12554,2.0216,0,0
0.41783192580327,12555,2.022,0,0
0.41783224043541,12556,2.0224,0,0
0.41783255493866,12557,2.0228,0,0
0.41783286931302,12558,2.0232,0,0
0.41783318355851,12559,2.0236,0,0
0.4178334976751,12560,2.024,0,0
0.41783381166282,12561,2.0244,0,0
0.41783412552165,12562,2.0248,0,0
0.41783443925159,12563,2.0252,0,0
0.41783475285266,12564,2.0256,0,0
0.41783506632483,12565,2.026,0,0
0.41783537966813,12566,2.0264,0,0
0.41783569288254,12567,2.0268,0,0
0.41783600596807,12568,2.0272,0,0
0.41783631892472,12569,2.0276,0,0
0.41783663175248,12570,2.028,0,0
0.41783694445137,12571,2.0284,0,0
0.41783725702137,12572,2.0288,0,0
0.41783756946248,12573,2.0292,0,0
0.41783788177472,12574,2.0296,0,0
0.41783819395808,12575,2.03,0,0
0.41783850601255,12576,2.0304,0,0
0.41783881793815,12577,2.0308,0,0
0.41783912973486,12578,2.0312,0,0
0.41783944140269,12579,2.0316,0,0
0.41783975294164,12580,2.032,0,0
0.41784006435172,12581,2.0324,0,0
0.41784037563291,12582,2.0328,0,0
0.41784068678522,12583,2.0332,0,0
0.41784099780866,12584,2.0336,0,0
0.41784130870321,12585,2.034,0,0
0.41784161946888,12586,2.0344,0,0
0.41784193010568,12587,2.0348,0,0
0.4178422406136,12588,2.0352,0,0
0.41784255099264,12589,2.0356,0,0
0.4178428612428,12590,2.036,0,0
0.41784317136408,12591,2.0364,0,0
0.41784348135649,12592,2.0368,0,0
0.41784379122002,12593,2.0372,0,0
0.41784410095467,12594,2.0376,0,0
0.41784441056044,12595,2.038,0,0
0.41784472003734,12596,2.0384,0,0
0.41784502938536,12597,2.0388,0,0
0.41784533860451,12598,2.0392,0,0
0.41784564769477,12599,2.0396,0,0
0.41784595665617,12600,2.04,0,0
0.41784626548868,12601,2.0404,0,0
0.41784657419232,12602,2.0408,0,0
0.41784688276709,12603,2.0412,0,0
0.41784719121298,12604,2.0416,0,0
0.41784749952999,12605,2.042,0,0
0.41784780771813,12606,2.0424,0,0
0.4178481157774,12607,2.0428,0,0
0.41784842370779,12608,2.0432,0,0
0.41784873150931,12609,2.0436,0,0
0.41784903918195,12610,2.044,0,0
0.41784934672572,12611,2.0444,0,0
0.41784965414062,12612,2.0448,0,0
0.41784996142664,12613,2.0452,0,0
0.41785026858379,12614,2.0456,0,0
0.41785057561207,12615,2.046,0,0
0.41785088251147,12616,2.0464,0,0
0.417851189282,12617,2.0468,0,0
0.41785149592366,12618,2.0472,0,0
0.41785180243645,12619,2.0476,0,0
0.41785210882037,12620,2.048,0,0
0.41785241507541,12621,2.0484,0,0
0.41785272120159,12622,2.0488,0,0
0.41785302719889,12623,2.0492,0,0
0.41785333306732,12624,2.0496,0,0
0.41785363880688,12625,2.05,0,0
0.41785394441757,12626,2.0504,0,0
0.41785424989939,12627,2.0508,0,0
0.41785455525234,12628,2.0512,0,0
0.41785486047641,12629,2.0516,0,0
0.41785516557162,12630,2.052,0,0
0.41785547053796,12631,2.0524,0,0
0.41785577537543,12632,2.0528,0,0
0.41785608008404,12633,2.0532,0,0
0.41785638466377,12634,2.0536,0,0
0.41785668911463,12635,2.054,0,0
0.41785699343663,12636,2.0544,0,0
0.41785729762976,12637,2.0548,0,0
0.41785760169401,12638,2.0552,0,0
0.41785790562941,12639,2.0556,0,0
0.41785820943593,12640,2.056,0,0
0.41785851311359,12641,2.0564,0,0
0.41785881666238,12642,2.0568,0,0
0.4178591200823,12643,2.0572,0,0
0.41785942337335,12644,2.0576,0,0
0.41785972653554,12645,2.058,0,0
0.41786002956886,12646,2.0584,0,0
0.41786033247332,12647,2.0588,0,0
0.41786063524891,12648,2.0592,0,0
0.41786093789563,12649,2.0596,0,0
0.41786124041349,12650,2.06,0,0
0.41786154280249,12651,2.0604,0,0
0.41786184506261,12652,2.0608,0,0
0.41786214719388,12653,2.0612,0,0
0.41786244919628,12654,2.0616,0,0
0.41786275106981,12655,2.062,0,0
0.41786305281448,12656,2.0624,0,0
0.41786335443029,12657,2.0628,0,0
0.41786365591723,12658,2.0632,0,0
0.41786395727531,12659,2.0636,0,0
0.41786425850452,12660,2.064,0,0
0.41786455960487,12661,2.0644,0,0
0.41786486057636,12662,2.0648,0,0
0.41786516141898,12663,2.0652,0,0
0.41786546213275,12664,2.0656,0,0
0.41786576271765,12665,2.066,0,0
0.41786606317368,12666,2.0664,0,0
0.41786636350086,12667,2.0668,0,0
0.41786666369917,12668,2.0672,0,0
0.41786696376863,12669,2.0676,0,0
0.41786726370922,12670,2.068,0,0
0.41786756352095,12671,2.0684,0,0
0.41786786320382,12672,2.0688,0,0
0.41786816275782,12673,2.0692,0,0
0.41786846218297,12674,2.0696,0,0
0.41786876147926,12675,2.07,0,0
0.41786906064668,12676,2.0704,0,0
0.41786935968525,12677,2.0708,0,0
0.41786965859496,12678,2.0712,0,0
0.4178699573758,12679,2.0716,0,0
0.41787025602779,12680,2.072,0,0
0.41787055455092,12681,2.0724,0,0
0.41787085294519,12682,2.0728,0,0
0.4178711512106,12683,2.0732,0,0
0.41787144934715,12684,2.0736,0,0
0.41787174735484,12685,2.074,0,0
0.41787204523368,12686,2.0744,0,0
0.41787234298366,12687,2.0748,0,0
0.41787264060478,12688,2.0752,0,0
0.41787293809704,12689,2.0756,0,0
0.41787323546044,12690,2.076,0,0
0.41787353269499,12691,2.0764,0,0
0.41787382980068,12692,2.0768,0,0
0.41787412677752,12693,2.0772,0,0
0.41787442362549,12694,2.0776,0,0
0.41787472034461,12695,2.078,0,0
0.41787501693488,12696,2.0784,0,0
0.41787531339629,12697,2.0788,0,0
0.41787560972884,12698,2.0792,0,0
0.41787590593254,12699,2.0796,0,0
0.41787620200738,12700,2.08,0,0
0.41787649795337,12701,2.0804,0,0
0.4178767937705,12702,2.0808,0,0
0.41787708945878,12703,2.0812,0,0
0.4178773850182,12704,2.0816,0,0
0.41787768044877,12705,2.082,0,0
0.41787797575048,12706,2.0824,0,0
0.41787827092334,12707,2.0828,0,0
0.41787856596735,12708,2.0832,0,0
0.4178788608825,12709,2.0836,0,0
0.4178791556688,12710,2.084,0,0
0.41787945032625,12711,2.0844,0,0
0.41787974485485,12712,2.0848,0,0
0.41788003925459,12713,2.0852,0,0
0.41788033352548,12714,2.0856,0,0
0.41788062766751,12715,2.086,0,0
0.4178809216807,12716,2.0864,0,0
0.41788121556503,12717,2.0868,0,0
0.41788150932051,12718,2.0872,0,0
0.41788180294714,12719,2.0876,0,0
0.41788209644492,12720,2.088,0,0
0.41788238981384,12721,2.0884,0,0
0.41788268305392,12722,2.0888,0,0
0.41788297616514,12723,2.0892,0,0
0.41788326914752,12724,2.0896,0,0
0.41788356200104,12725,2.09,0,0
0.41788385472572,12726,2.0904,0,0
0.41788414732154,12727,2.0908,0,0
0.41788443978852,12728,2.0912,0,0
0.41788473212664,12729,2.0916,0,0
0.41788502433592,12730,2.092,0,0
0.41788531641634,12731,2.0924,0,0
0.41788560836792,12732,2.0928,0,0
0.41788590019065,12733,2.0932,0,0
0.41788619188453,12734,2.0936,0,0
0.41788648344956,12735,2.094,0,0
0.41788677488575,12736,2.0944,0,0
0.41788706619308,12737,2.0948,0,0
0.41788735737157,12738,2.0952,0,0
0.41788764842121,12739,2.0956,0,0
0.41788793934201,12740,2.096,0,0
0.41788823013395,12741,2.0964,0,0
0.41788852079705,12742,2.0968,0,0
0.41788881133131,12743,2.0972,0,0
0.41788910173671,12744,2.0976,0,0
0.41788939201327,12745,2.098,0,0
0.41788968216099,12746,2.0984,0,0
0.41788997217986,12747,2.0988,0,0
0.41789026206988,12748,2.0992,0,0
0.41789055183106,12749,2.0996,0,0
0.41789084146339,12750,2.1,0,0
0.41789113096687,12751,2.1004,0,0
0.41789142034151,12752,2.1008,0,0
0.41789170958731,12753,2.1012,0,0
0.41789199870426,12754,2.1016,0,0
0.41789228769237,12755,2.102,0,0
0.41789257655163,12756,2.1024,0,0
0.41789286528205,12757,2.1028,0,0
0.41789315388363,12758,2.1032,0,0
0.41789344235636,12759,2.1036,0,0
0.41789373070025,12760,2.104,0,0
0.4178940189153,12761,2.1044,0,0
0.4178943070015,12762,2.1048,0,0
0.41789459495886,12763,2.1052,0,0
0.41789488278738,12764,2.1056,0,0
0.41789517048705,12765,2.106,0,0
0.41789545805789,12766,2.1064,0,0
0.41789574549988,12767,2.1068,0,0
0.41789603281303,12768,2.1072,0,0
0.41789631999734,12769,2.1076,0,0
0.4178966070528,12770,2.108,0,0
0.41789689397943,12771,2.1084,0,0
0.41789718077721,12772,2.1088,0,0
0.41789746744615,12773,2.1092,0,0
0.41789775398626,12774,2.1096,0,0
0.41789804039752,12775,2.11,0,0
0.41789832667994,12776,2.1104,0,0
0.41789861283352,12777,2.1108,0,0
0.41789889885827,12778,2.1112,0,0
0.41789918475417,12779,2.1116,0,0
0.41789947052123,12780,2.112,0,0
0.41789975615946,12781,2.1124,0,0
0.41790004166884,12782,2.1128,0,0
0.41790032704939,12783,2.1132,0,0
0.41790061230109,12784,2.1136,0,0
0.41790089742396,12785,2.114,0,0
0.41790118241799,12786,2.1144,0,0
0.41790146728319,12787,2.1148,0,0
0.41790175201954,12788,2.1152,0,0
0.41790203662706,12789,2.1156,0,0
0.41790232110574,12790,2.116,0,0
0.41790260545558,12791,2.1164,0,0
0.41790288967658,12792,2.1168,0,0
0.41790317376875,12793,2.1172,0,0
0.41790345773208,12794,2.1176,0,0
0.41790374156658,12795,2.118,0,0
0.41790402527224,12796,2.1184,0,0
0.41790430884906,12797,2.1188,0,0
0.41790459229705,12798,2.1192,0,0
0.4179048756162,12799,2.1196,0,0
0.41790515880651,12800,2.12,0,0
0.41790544186799,12801,2.1204,0,0
0.41790572480064,12802,2.1208,0,0
0.41790600760445,12803,2.1212,0,0
0.41790629027942,12804,2.1216,0,0
0.41790657282556,12805,2.122,0,0
0.41790685524287,12806,2.1224,0,0
0.41790713753134,12807,2.1228,0,0
0.41790741969098,12808,2.1232,0,0
0.41790770172178,12809,2.1236,0,0
0.41790798362375,12810,2.124,0,0
0.41790826539689,12811,2.1244,0,0
0.4179085470412,12812,2.1248,0,0
0.41790882855667,12813,2.1252,0,0
0.4179091099433,12814,2.1256,0,0
0.41790939120111,12815,2.126,0,0
0.41790967233008,12816,2.1264,0,0
0.41790995333022,12817,2.1268,0,0
0.41791023420153,12818,2.1272,0,0
0.41791051494401,12819,2.1276,0,0
0.41791079555765,12820,2.128,0,0
0.41791107604247,12821,2.1284,0,0
0.41791135639845,12822,2.1288,0,0
0.4179116366256,12823,2.1292,0,0
0.41791191672392,12824,2.1296,0,0
0.41791219669341,12825,2.13,0,0
0.41791247653407,12826,2.1304,0,0
0.4179127562459,12827,2.1308,0,0
0.4179130358289,12828,2.1312,0,0
0.41791331528306,12829,2.1316,0,0
0.4179135946084,12830,2.132,0,0
0.41791387380491,12831,2.1324,0,0
0.41791415287259,12832,2.1328,0,0
0.41791443181144,12833,2.1332,0,0
0.41791471062146,12834,2.1336,0,0
0.41791498930266,12835,2.134,0,0
0.41791526785502,12836,2.1344,0,0
0.41791554627856,12837,2.1348,0,0
0.41791582457326,12838,2.1352,0,0
0.41791610273914,12839,2.1356,0,0
0.41791638077619,12840,2.136,0,0
0.41791665868442,12841,2.1364,0,0
0.41791693646381,12842,2.1368,0,0
0.41791721411438,12843,2.1372,0,0
0.41791749163612,12844,2.1376,0,0
0.41791776902904,12845,2.138,0,0
0.41791804629313,12846,2.1384,0,0
0.41791832342839,12847,2.1388,0,0
0.41791860043482,12848,2.1392,0,0
0.41791887731243,12849,2.1396,0,0
0.41791915406121,12850,2.14,0,0
0.41791943068117,12851,2.1404,0,0
0.4179197071723,12852,2.1408,0,0
0.41791998353461,12853,2.1412,0,0
0.41792025976809,12854,2.1416,0,0
0.41792053587275,12855,2.142,0,0
0.41792081184858,12856,2.1424,0,0
0.41792108769558,12857,2.1428,0,0
0.41792136341376,12858,2.1432,0,0
0.41792163900312,12859,2.1436,0,0
0.41792191446366,12860,2.144,0,0
0.41792218979537,12861,2.1444,0,0
0.41792246499825,12862,2.1448,0,0
0.41792274007231,12863,2.1452,0,0
0.41792301501755,12864,2.1456,0,0
0.41792328983397,12865,2.146,0,0
0.41792356452156,12866,2.1464,0,0
0.41792383908033,12867,2.1468,0,0
0.41792411351028,12868,2.1472,0,0
0.4179243878114,12869,2.1476,0,0
0.41792466198371,12870,2.148,0,0
0.41792493602719,12871,2.1484,0,0
0.41792520994185,12872,2.1488,0,0
0.41792548372768,12873,2.1492,0,0
0.4179257573847,12874,2.1496,0,0
0.41792603091289,12875,2.15,0,0
0.41792630431227,12876,2.1504,0,0
0.41792657758282,12877,2.1508,0,0
0.41792685072455,12878,2.1512,0,0
0.41792712373746,12879,2.1516,0,0
0.41792739662156,12880,2.152,0,0
0.41792766937683,12881,2.1524,0,0
0.41792794200328,12882,2.1528,0,0
0.41792821450091,12883,2.1532,0,0
0.41792848686972,12884,2.1536,0,0
0.41792875910971,12885,2.154,0,0
0.41792903122088,12886,2.1544,0,0
0.41792930320324,12887,2.1548,0,0
0.41792957505677,12888,2.1552,0,0
0.41792984678149,12889,2.1556,0,0
0.41793011837739,12890,2.156,0,0
0.41793038984447,12891,2.1564,0,0
0.41793066118273,12892,2.1568,0,0
0.41793093239217,12893,2.1572,0,0
0.4179312034728,12894,2.1576,0,0
0.41793147442461,12895,2.158,0,0
0.4179317452476,12896,2.1584,0,0
0.41793201594177,12897,2.1588,0,0
0.41793228650713,12898,2.1592,0,0
0.41793255694367,12899,2.1596,0,0
0.41793282725139,12900,2.16,0,0
0.4179330974303,12901,2.1604,0,0
0.41793336748039,12902,2.1608,0,0
0.41793363740166,12903,2.1612,0,0
0.41793390719412,12904,2.1616,0,0
0.41793417685776,12905,2.162,0,0
0.41793444639259,12906,2.1624,0,0
0.4179347157986,12907,2.1628,0,0
0.4179349850758,12908,2.1632,0,0
0.41793525422418,12909,2.1636,0,0
0.41793552324375,12910,2.164,0,0
0.4179357921345,12911,2.1644,0,0
0.41793606089644,12912,2.1648,0,0
0.41793632952956,12913,2.1652,0,0
0.41793659803387,12914,2.1656,0,0
0.41793686640937,12915,2.166,0,0
0.41793713465605,12916,2.1664,0,0
0.41793740277392,12917,2.1668,0,0
0.41793767076297,12918,2.1672,0,0
0.41793793862321,12919,2.1676,0,0
0.41793820635464,12920,2.168,0,0
0.41793847395726,12921,2.1684,0,0
0.41793874143106,12922,2.1688,0,0
0.41793900877605,12923,2.1692,0,0
0.41793927599223,12924,2.1696,0,0
0.4179395430796,12925,2.17,0,0
0.41793981003815,12926,2.1704,0,0
0.4179400768679,12927,2.1708,0,0
0.41794034356883,12928,2.1712,0,0
0.41794061014095,12929,2.1716,0,0
0.41794087658426,12930,2.172,0,0
0.41794114289876,12931,2.1724,0,0
0.41794140908445,12932,2.1728,0,0
0.41794167514132,12933,2.1732,0,0
0.41794194106939,12934,2.1736,0,0
0.41794220686865,12935,2.174,0,0
0.41794247253909,12936,2.1744,0,0
0.41794273808073,12937,2.1748,0,0
0.41794300349356,12938,2.1752,0,0
0.41794326877757,12939,2.1756,0,0
0.41794353393278,12940,2.176,0,0
0.41794379895918,12941,2.1764,0,0
0.41794406385677,12942,2.1768,0,0
0.41794432862555,12943,2.1772,0,0
0.41794459326553,12944,2.1776,0,0
0.41794485777669,12945,2.178,0,0
0.41794512215905,12946,2.1784,0,0
0.41794538641259,12947,2.1788,0,0
0.41794565053733,12948,2.1792,0,0
0.41794591453327,12949,2.1796,0,0
0.41794617840039,12950,2.18,0,0
0.41794644213871,12951,2.1804,0,0
0.41794670574822,12952,2.1808,0,0
0.41794696922892,12953,2.1812,0,0
0.41794723258082,12954,2.1816,0,0
0.41794749580391,12955,2.182,0,0
0.41794775889819,12956,2.1824,0,0
0.41794802186367,12957,2.1828,0,0
0.41794828470034,12958,2.1832,0,0
0.41794854740821,12959,2.1836,0,0
0.41794880998727,12960,2.184,0,0
0.41794907243752,12961,2.1844,0,0
0.41794933475897,12962,2.1848,0,0
0.41794959695161,12963,2.1852,0,0
0.41794985901545,12964,2.1856,0,0
0.41795012095049,12965,2.186,0,0
0.41795038275672,12966,2.1864,0,0
0.41795064443414,12967,2.1868,0,0
0.41795090598276,12968,2.1872,0,0
0.41795116740258,12969,2.1876,0,0
0.41795142869359,12970,2.188,0,0
0.4179516898558,12971,2.1884,0,0
0.4179519508892,12972,2.1888,0,0
0.41795221179381,12973,2.1892,0,0
0.4179524725696,12974,2.1896,0,0
0.4179527332166,12975,2.19,0,0
0.41795299373479,12976,2.1904,0,0
0.41795325412418,12977,2.1908,0,0
0.41795351438477,12978,2.1912,0,0
0.41795377451655,12979,2.1916,0,0
0.41795403451954,12980,2.192,0,0
0.41795429439372,12981,2.1924,0,0
0.4179545541391,12982,2.1928,0,0
0.41795481375568,12983,2.1932,0,0
0.41795507324345,12984,2.1936,0,0
0.41795533260243,12985,2.194,0,0
0.4179555918326,12986,2.1944,0,0
0.41795585093397,12987,2.1948,0,0
0.41795610990655,12988,2.1952,0,0
0.41795636875032,12989,2.1956,0,0
0.41795662746529,12990,2.196,0,0
0.41795688605146,12991,2.1964,0,0
0.41795714450883,12992,2.1968,0,0
0.4179574028374,12993,2.1972,0,0
0.41795766103717,12994,2.1976,0,0
0.41795791910815,12995,2.198,0,0
0.41795817705032,12996,2.1984,0,0
0.41795843486369,12997,2.1988,0,0
0.41795869254827,12998,2.1992,0,0
0.41795895010404,12999,2.1996,0,0
0.41795920753102,13000,2.2,0,0
0.4179594648292,13001,2.2004,0,0
0.41795972199858,13002,2.2008,0,0
0.41795997903916,13003,2.2012,0,0
0.41796023595095,13004,2.2016,0,0
0.41796049273393,13005,2.202,0,0
0.41796074938812,13006,2.2024,0,0
0.41796100591352,13007,2.2028,0,0
0.41796126231011,13008,2.2032,0,0
0.41796151857791,13009,2.2036,0,0
0.41796177471691,13010,2.204,0,0
0.41796203072711,13011,2.2044,0,0
0.41796228660852,13012,2.2048,0,0
0.41796254236113,13013,2.2052,0,0
0.41796279798495,13014,2.2056,0,0
0.41796305347997,13015,2.206,0,0
0.41796330884619,13016,2.2064,0,0
0.41796356408362,13017,2.2068,0,0
0.41796381919225,13018,2.2072,0,0
0.41796407417209,13019,2.2076,0,0
0.41796432902313,13020,2.208,0,0
0.41796458374538,13021,2.2084,0,0
0.41796483833883,13022,2.2088,0,0
0.41796509280349,13023,2.2092,0,0
0.41796534713935,13024,2.2096,0,0
0.41796560134642,13025,2.21,0,0
0.41796585542469,13026,2.2104,0,0
0.41796610937418,13027,2.2108,0,0
0.41796636319486,13028,2.2112,0,0
0.41796661688676,13029,2.2116,0,0
0.41796687044986,13030,2.212,0,0
0.41796712388416,13031,2.2124,0,0
0.41796737718968,13032,2.2128,0,0
0.4179676303664,13033,2.2132,0,0
0.41796788341433,13034,2.2136,0,0
0.41796813633346,13035,2.214,0,0
0.41796838912381,13036,2.2144,0,0
0.41796864178536,13037,2.2148,0,0
0.41796889431812,13038,2.2152,0,0
0.41796914672209,13039,2.2156,0,0
0.41796939899726,13040,2.216,0,0
0.41796965114365,13041,2.2164,0,0
0.41796990316124,13042,2.2168,0,0
0.41797015505004,13043,2.2172,0,0
0.41797040681006,13044,2.2176,0,0
0.41797065844128,13045,2.218,0,0
0.41797090994371,13046,2.2184,0,0
0.41797116131735,13047,2.2188,0,0
0.4179714125622,13048,2.2192,0,0
0.41797166367826,13049,2.2196,0,0
0.41797191466552,13050,2.22,0,0
0.417972165524,13051,2.2204,0,0
0.41797241625369,13052,2.2208,0,0
0.41797266685459,13053,2.2212,0,0
0.41797291732671,13054,2.2216,0,0
0.41797316767003,13055,2.222,0,0
0.41797341788456,13056,2.2224,0,0
0.41797366797031,13057,2.2228,0,0
0.41797391792726,13058,2.2232,0,0
0.41797416775543,13059,2.2236,0,0
0.41797441745481,13060,2.224,0,0
0.4179746670254,13061,2.2244,0,0
0.4179749164672,13062,2.2248,0,0
0.41797516578022,13063,2.2252,0,0
0.41797541496445,13064,2.2256,0,0
0.41797566401989,13065,2.226,0,0
0.41797591294654,13066,2.2264,0,0
0.41797616174441,13067,2.2268,0,0
0.41797641041349,13068,2.2272,0,0
0.41797665895378,13069,2.2276,0,0
0.41797690736529,13070,2.228,0,0
0.41797715564801,13071,2.2284,0,0
0.41797740380195,13072,2.2288,0,0
0.41797765182709,13073,2.2292,0,0
0.41797789972346,13074,2.2296,0,0
0.41797814749103,13075,2.23,0,0
0.41797839512982,13076,2.2304,0,0
0.41797864263983,13077,2.2308,0,0
0.41797889002105,13078,2.2312,0,0
0.41797913727349,13079,2.2316,0,0
0.41797938439714,13080,2.232,0,0
0.417979631392,13081,2.2324,0,0
0.41797987825809,13082,2.2328,0,0
0.41798012499538,13083,2.2332,0,0
0.4179803716039,13084,2.2336,0,0
0.41798061808363,13085,2.234,0,0
0.41798086443457,13086,2.2344,0,0
0.41798111065673,13087,2.2348,0,0
0.41798135675011,13088,2.2352,0,0
0.41798160271471,13089,2.2356,0,0
0.41798184855052,13090,2.236,0,0
0.41798209425755,13091,2.2364,0,0
0.41798233983579,13092,2.2368,0,0
0.41798258528526,13093,2.2372,0,0
0.41798283060594,13094,2.2376,0,0
0.41798307579784,13095,2.238,0,0
0.41798332086095,13096,2.2384,0,0
0.41798356579529,13097,2.2388,0,0
0.41798381060084,13098,2.2392,0,0
0.41798405527761,13099,2.2396,0,0
0.4179842998256,13100,2.24,0,0
0.41798454424481,13101,2.2404,0,0
0.41798478853524,13102,2.2408,0,0
0.41798503269689,13103,2.2412,0,0
0.41798527672975,13104,2.2416,0,0
0.41798552063384,13105,2.242,0,0
0.41798576440914,13106,2.2424,0,0
0.41798600805567,13107,2.2428,0,0
0.41798625157341,13108,2.2432,0,0
0.41798649496237,13109,2.2436,0,0
0.41798673822256,13110,2.244,0,0
0.41798698135396,13111,2.2444,0,0
0.41798722435659,13112,2.2448,0,0
0.41798746723044,13113,2.2452,0,0
0.4179877099755,13114,2.2456,0,0
0.41798795259179,13115,2.246,0,0
0.4179881950793,13116,2.2464,0,0
0.41798843743803,13117,2.2468,0,0
0.41798867966798,13118,2.2472,0,0
0.41798892176916,13119,2.2476,0,0
0.41798916374155,13120,2.248,0,0
0.41798940558517,13121,2.2484,0,0
0.41798964730001,13122,2.2488,0,0
0.41798988888607,13123,2.2492,0,0
0.41799013034336,13124,2.2496,0,0
0.41799037167186,13125,2.25,0,0
0.41799061287159,13126,2.2504,0,0
0.41799085394255,13127,2.2508,0,0
0.41799109488472,13128,2.2512,0,0
0.41799133569812,13129,2.2516,0,0
0.41799157638275,13130,2.252,0,0
0.41799181693859,13131,2.2524,0,0
0.41799205736567,13132,2.2528,0,0
0.41799229766396,13133,2.2532,0,0
0.41799253783348,13134,2.2536,0,0
0.41799277787422,13135,2.254,0,0
0.41799301778619,13136,2.2544,0,0
0.41799325756938,13137,2.2548,0,0
0.4179934972238,13138,2.2552,0,0
0.41799373674944,13139,2.2556,0,0
0.41799397614631,13140,2.256,0,0
0.4179942154144,13141,2.2564,0,0
0.41799445455372,13142,2.2568,0,0
0.41799469356427,13143,2.2572,0,0
0.41799493244604,13144,2.2576,0,0
0.41799517119903,13145,2.258,0,0
0.41799540982325,13146,2.2584,0,0
0.4179956483187,13147,2.2588,0,0
0.41799588668538,13148,2.2592,0,0
0.41799612492328,13149,2.2596,0,0
0.41799636303241,13150,2.26,0,0
0.41799660101276,13151,2.2604,0,0
0.41799683886434,13152,2.2608,0,0
0.41799707658715,13153,2.2612,0,0
0.41799731418119,13154,2.2616,0,0
0.41799755164645,13155,2.262,0,0
0.41799778898295,13156,2.2624,0,0
0.41799802619067,13157,2.2628,0,0
0.41799826326961,13158,2.2632,0,0
0.41799850021979,13159,2.2636,0,0
0.41799873704119,13160,2.264,0,0
0.41799897373383,13161,2.2644,0,0
0.41799921029769,13162,2.2648,0,0
0.41799944673278,13163,2.2652,0,0
0.4179996830391,13164,2.2656,0,0
0.41799991921665,13165,2.266,0,0
0.41800015526543,13166,2.2664,0,0
0.41800039118544,13167,2.2668,0,0
0.41800062697668,13168,2.2672,0,0
0.41800086263914,13169,2.2676,0,0
0.41800109817284,13170,2.268,0,0
0.41800133357777,13171,2.2684,0,0
0.41800156885393,13172,2.2688,0,0
0.41800180400132,13173,2.2692,0,0
0.41800203901994,13174,2.2696,0,0
0.41800227390979,13175,2.27,0,0
0.41800250867087,13176,2.2704,0,0
0.41800274330318,13177,2.2708,0,0
0.41800297780672,13178,2.2712,0,0
0.4180032121815,13179,2.2716,0,0
0.4180034464275,13180,2.272,0,0
0.41800368054474,13181,2.2724,0,0
0.41800391453321,13182,2.2728,0,0
0.41800414839292,13183,2.2732,0,0
0.41800438212385,13184,2.2736,0,0
0.41800461572602,13185,2.274,0,0
0.41800484919942,13186,2.2744,0,0
0.41800508254405,13187,2.2748,0,0
0.41800531575992,13188,2.2752,0,0
0.41800554884702,13189,2.2756,0,0
0.41800578180535,13190,2.276,0,0
0.41800601463491,13191,2.2764,0,0
0.41800624733571,13192,2.2768,0,0
0.41800647990774,13193,2.2772,0,0
0.41800671235101,13194,2.2776,0,0
0.41800694466551,13195,2.278,0,0
0.41800717685124,13196,2.2784,0,0
0.41800740890821,13197,2.2788,0,0
0.41800764083642,13198,2.2792,0,0
0.41800787263586,13199,2.2796,0,0
0.41800810430653,13200,2.28,0,0
0.41800833584844,13201,2.2804,0,0
0.41800856726158,13202,2.2808,0,0
0.41800879854596,13203,2.2812,0,0
0.41800902970157,13204,2.2816,0,0
0.41800926072842,13205,2.282,0,0
0.4180094916265,13206,2.2824,0,0
0.41800972239583,13207,2.2828,0,0
0.41800995303638,13208,2.2832,0,0
0.41801018354818,13209,2.2836,0,0
0.4180104139312,13210,2.284,0,0
0.41801064418547,13211,2.2844,0,0
0.41801087431097,13212,2.2848,0,0
0.41801110430771,13213,2.2852,0,0
0.41801133417569,13214,2.2856,0,0
0.4180115639149,13215,2.286,0,0
0.41801179352536,13216,2.2864,0,0
0.41801202300704,13217,2.2868,0,0
0.41801225235997,13218,2.2872,0,0
0.41801248158413,13219,2.2876,0,0
0.41801271067954,13220,2.288,0,0
0.41801293964618,13221,2.2884,0,0
0.41801316848405,13222,2.2888,0,0
0.41801339719317,13223,2.2892,0,0
0.41801362577353,13224,2.2896,0,0
0.41801385422512,13225,2.29,0,0
0.41801408254795,13226,2.2904,0,0
0.41801431074203,13227,2.2908,0,0
0.41801453880734,13228,2.2912,0,0
0.41801476674389,13229,2.2916,0,0
0.41801499455168,13230,2.292,0,0
0.41801522223071,13231,2.2924,0,0
0.41801544978098,13232,2.2928,0,0
0.41801567720249,13233,2.2932,0,0
0.41801590449524,13234,2.2936,0,0
0.41801613165923,13235,2.294,0,0
0.41801635869446,13236,2.2944,0,0
0.41801658560093,13237,2.2948,0,0
0.41801681237864,13238,2.2952,0,0
0.41801703902759,13239,2.2956,0,0
0.41801726554779,13240,2.296,0,0
0.41801749193922,13241,2.2964,0,0
0.4180177182019,13242,2.2968,0,0
0.41801794433582,13243,2.2972,0,0
0.41801817034098,13244,2.2976,0,0
0.41801839621738,13245,2.298,0,0
0.41801862196502,13246,2.2984,0,0
0.41801884758391,13247,2.2988,0,0
0.41801907307404,13248,2.2992,0,0
0.41801929843541,13249,2.2996,0,0
0.41801952366802,13250,2.3,0,0
0.41801974877187,13251,2.3004,0,0
0.41801997374697,13252,2.3008,0,0
0.41802019859332,13253,2.3012,0,0
0.4180204233109,13254,2.3016,0,0
0.41802064789973,13255,2.302,0,0
0.4180208723598,13256,2.3024,0,0
0.41802109669112,13257,2.3028,0,0
0.41802132089368,13258,2.3032,0,0
0.41802154496748,13259,2.3036,0,0
0.41802176891253,13260,2.304,0,0
0.41802199272882,13261,2.3044,0,0
0.41802221641636,13262,2.3048,0,0
0.41802243997514,13263,2.3052,0,0
0.41802266340516,13264,2.3056,0,0
0.41802288670643,13265,2.306,0,0
0.41802310987895,13266,2.3064,0,0
0.41802333292271,13267,2.3068,0,0
0.41802355583772,13268,2.3072,0,0
0.41802377862397,13269,2.3076,0,0
0.41802400128146,13270,2.308,0,0
0.41802422381021,13271,2.3084,0,0
0.4180244462102,13272,2.3088,0,0
0.41802466848143,13273,2.3092,0,0
0.41802489062391,13274,2.3096,0,0
0.41802511263764,13275,2.31,0,0
0.41802533452262,13276,2.3104,0,0
0.41802555627884,13277,2.3108,0,0
0.41802577790631,13278,2.3112,0,0
0.41802599940502,13279,2.3116,0,0
0.41802622077498,13280,2.312,0,0
0.41802644201619,13281,2.3124,0,0
0.41802666312865,13282,2.3128,0,0
0.41802688411236,13283,2.3132,0,0
0.41802710496731,13284,2.3136,0,0
0.41802732569351,13285,2.314,0,0
0.41802754629096,13286,2.3144,0,0
0.41802776675966,13287,2.3148,0,0
0.4180279870996,13288,2.3152,0,0
0.41802820731079,13289,2.3156,0,0
0.41802842739324,13290,2.316,0,0
0.41802864734693,13291,2.3164,0,0
0.41802886717187,13292,2.3168,0,0
0.41802908686806,13293,2.3172,0,0
0.4180293064355,13294,2.3176,0,0
0.41802952587419,13295,2.318,0,0
0.41802974518412,13296,2.3184,0,0
0.41802996436531,13297,2.3188,0,0
0.41803018341775,13298,2.3192,0,0
0.41803040234144,13299,2.3196,0,0
0.41803062113638,13300,2.32,0,0
0.41803083980256,13301,2.3204,0,0
0.41803105834,13302,2.3208,0,0
0.41803127674869,13303,2.3212,0,0
0.41803149502863,13304,2.3216,0,0
0.41803171317982,13305,2.322,0,0
0.41803193120227,13306,2.3224,0,0
0.41803214909596,13307,2.3228,0,0
0.4180323668609,13308,2.3232,0,0
0.4180325844971,13309,2.3236,0,0
0.41803280200455,13310,2.324,0,0
0.41803301938325,13311,2.3244,0,0
0.4180332366332,13312,2.3248,0,0
0.4180334537544,13313,2.3252,0,0
0.41803367074686,13314,2.3256,0,0
0.41803388761057,13315,2.326,0,0
0.41803410434553,13316,2.3264,0,0
0.41803432095174,13317,2.3268,0,0
0.41803453742921,13318,2.3272,0,0
0.41803475377793,13319,2.3276,0,0
0.4180349699979,13320,2.328,0,0
0.41803518608913,13321,2.3284,0,0
0.41803540205161,13322,2.3288,0,0
0.41803561788534,13323,2.3292,0,0
0.41803583359033,13324,2.3296,0,0
0.41803604916657,13325,2.33,0,0
0.41803626461407,13326,2.3304,0,0
0.41803647993282,13327,2.3308,0,0
0.41803669512282,13328,2.3312,0,0
0.41803691018408,13329,2.3316,0,0
0.41803712511659,13330,2.332,0,0
0.41803733992036,13331,2.3324,0,0
0.41803755459538,13332,2.3328,0,0
0.41803776914166,13333,2.3332,0,0
0.41803798355919,13334,2.3336,0,0
0.41803819784798,13335,2.334,0,0
0.41803841200802,13336,2.3344,0,0
0.41803862603932,13337,2.3348,0,0
0.41803883994188,13338,2.3352,0,0
0.41803905371569,13339,2.3356,0,0
0.41803926736076,13340,2.336,0,0
0.41803948087708,13341,2.3364,0,0
0.41803969426466,13342,2.3368,0,0
0.41803990752349,13343,2.3372,0,0
0.41804012065359,13344,2.3376,0,0
0.41804033365494,13345,2.338,0,0
0.41804054652754,13346,2.3384,0,0
0.41804075927141,13347,2.3388,0,0
0.41804097188653,13348,2.3392,0,0
0.41804118437291,13349,2.3396,0,0
0.41804139673055,13350,2.34,0,0
0.41804160895944,13351,2.3404,0,0
0.41804182105959,13352,2.3408,0,0
0.418042033031,13353,2.3412,0,0
0.41804224487367,13354,2.3416,0,0
0.41804245658759,13355,2.342,0,0
0.41804266817278,13356,2.3424,0,0
0.41804287962922,13357,2.3428,0,0
0.41804309095692,13358,2.3432,0,0
0.41804330215589,13359,2.3436,0,0
0.41804351322611,13360,2.344,0,0
0.41804372416758,13361,2.3444,0,0
0.41804393498032,13362,2.3448,0,0
0.41804414566432,13363,2.3452,0,0
0.41804435621958,13364,2.3456,0,0
0.41804456664609,13365,2.346,0,0
0.41804477694387,13366,2.3464,0,0
0.41804498711291,13367,2.3468,0,0
0.4180451971532,13368,2.3472,0,0
0.41804540706476,13369,2.3476,0,0
0.41804561684758,13370,2.348,0,0
0.41804582650166,13371,2.3484,0,0
0.418046036027,13372,2.3488,0,0
0.4180462454236,13373,2.3492,0,0
0.41804645469146,13374,2.3496,0,0
0.41804666383058,13375,2.35,0,0
0.41804687284096,13376,2.3504,0,0
0.41804708172261,13377,2.3508,0,0
0.41804729047551,13378,2.3512,0,0
0.41804749909968,13379,2.3516,0,0
0.41804770759511,13380,2.352,0,0
0.4180479159618,13381,2.3524,0,0
0.41804812419976,13382,2.3528,0,0
0.41804833230898,13383,2.3532,0,0
0.41804854028945,13384,2.3536,0,0
0.4180487481412,13385,2.354,0,0
0.4180489558642,13386,2.3544,0,0
0.41804916345847,13387,2.3548,0,0
0.418049370924,13388,2.3552,0,0
0.41804957826079,13389,2.3556,0,0
0.41804978546885,13390,2.356,0,0
0.41804999254817,13391,2.3564,0,0
0.41805019949875,13392,2.3568,0,0
0.4180504063206,13393,2.3572,0,0
0.41805061301371,13394,2.3576,0,0
0.41805081957808,13395,2.358,0,0
0.41805102601372,13396,2.3584,0,0
0.41805123232063,13397,2.3588,0,0
0.41805143849879,13398,2.3592,0,0
0.41805164454823,13399,2.3596,0,0
0.41805185046892,13400,2.36,0,0
0.41805205626089,13401,2.3604,0,0
0.41805226192411,13402,2.3608,0,0
0.41805246745861,13403,2.3612,0,0
0.41805267286436,13404,2.3616,0,0
0.41805287814139,13405,2.362,0,0
0.41805308328967,13406,2.3624,0,0
0.41805328830923,13407,2.3628,0,0
0.41805349320005,13408,2.3632,0,0
0.41805369796213,13409,2.3636,0,0
0.41805390259549,13410,2.364,0,0
0.4180541071001,13411,2.3644,0,0
0.41805431147599,13412,2.3648,0,0
0.41805451572314,13413,2.3652,0,0
0.41805471984156,13414,2.3656,0,0
0.41805492383124,13415,2.366,0,0
0.41805512769219,13416,2.3664,0,0
0.41805533142441,13417,2.3668,0,0
0.4180555350279,13418,2.3672,0,0
0.41805573850265,13419,2.3676,0,0
0.41805594184867,13420,2.368,0,0
0.41805614506596,13421,2.3684,0,0
0.41805634815452,13422,2.3688,0,0
0.41805655111434,13423,2.3692,0,0
0.41805675394543,13424,2.3696,0,0
0.41805695664779,13425,2.37,0,0
0.41805715922142,13426,2.3704,0,0
0.41805736166632,13427,2.3708,0,0
0.41805756398248,13428,2.3712,0,0
0.41805776616992,13429,2.3716,0,0
0.41805796822862,13430,2.372,0,0
0.41805817015859,13431,2.3724,0,0
0.41805837195983,13432,2.3728,0,0
0.41805857363234,13433,2.3732,0,0
0.41805877517612,13434,2.3736,0,0
0.41805897659117,13435,2.374,0,0
0.41805917787749,13436,2.3744,0,0
0.41805937903508,13437,2.3748,0,0
0.41805958006394,13438,2.3752,0,0
0.41805978096407,13439,2.3756,0,0
0.41805998173547,13440,2.376,0,0
0.41806018237814,13441,2.3764,0,0
0.41806038289208,13442,2.3768,0,0
0.41806058327729,13443,2.3772,0,0
0.41806078353378,13444,2.3776,0,0
0.41806098366153,13445,2.378,0,0
0.41806118366055,13446,2.3784,0,0
0.41806138353085,13447,2.3788,0,0
0.41806158327241,13448,2.3792,0,0
0.41806178288525,13449,2.3796,0,0
0.41806198236936,13450,2.38,0,0
0.41806218172474,13451,2.3804,0,0
0.4180623809514,13452,2.3808,0,0
0.41806258004932,13453,2.3812,0,0
0.41806277901852,13454,2.3816,0,0
0.41806297785899,13455,2.382,0,0
0.41806317657073,13456,2.3824,0,0
0.41806337515375,13457,2.3828,0,0
0.41806357360803,13458,2.3832,0,0
0.41806377193359,13459,2.3836,0,0
0.41806397013043,13460,2.384,0,0
0.41806416819853,13461,2.3844,0,0
0.41806436613791,13462,2.3848,0,0
0.41806456394857,13463,2.3852,0,0
0.41806476163049,13464,2.3856,0,0
0.41806495918369,13465,2.386,0,0
0.41806515660817,13466,2.3864,0,0
0.41806535390392,13467,2.3868,0,0
0.41806555107094,13468,2.3872,0,0
0.41806574810923,13469,2.3876,0,0
0.41806594501881,13470,2.388,0,0
0.41806614179965,13471,2.3884,0,0
0.41806633845177,13472,2.3888,0,0
0.41806653497516,13473,2.3892,0,0
0.41806673136983,13474,2.3896,0,0
0.41806692763578,13475,2.39,0,0
0.418067123773,13476,2.3904,0,0
0.41806731978149,13477,2.3908,0,0
0.41806751566126,13478,2.3912,0,0
0.41806771141231,13479,2.3916,0,0
0.41806790703463,13480,2.392,0,0
0.41806810252823,13481,2.3924,0,0
0.4180682978931,13482,2.3928,0,0
0.41806849312925,13483,2.3932,0,0
0.41806868823667,13484,2.3936,0,0
0.41806888321538,13485,2.394,0,0
0.41806907806535,13486,2.3944,0,0
0.41806927278661,13487,2.3948,0,0
0.41806946737914,13488,2.3952,0,0
0.41806966184295,13489,2.3956,0,0
0.41806985617803,13490,2.396,0,0
0.4180700503844,13491,2.3964,0,0
0.41807024446204,13492,2.3968,0,0
0.41807043841095,13493,2.3972,0,0
0.41807063223115,13494,2.3976,0,0
0.41807082592262,13495,2.398,0,0
0.41807101948537,13496,2.3984,0,0
0.4180712129194,13497,2.3988,0,0
0.41807140622471,13498,2.3992,0,0
0.41807159940129,13499,2.3996,0,0
0.41807179244915,13500,2.4,0,0
0.41807198536829,13501,2.4004,0,0
0.41807217815871,13502,2.4008,0,0
0.41807237082041,13503,2.4012,0,0
0.41807256335339,13504,2.4016,0,0
0.41807275575765,13505,2.402,0,0
0.41807294803318,13506,2.4024,0,0
0.41807314018,13507,2.4028,0,0
0.41807333219809,13508,2.4032,0,0
0.41807352408746,13509,2.4036,0,0
0.41807371584812,13510,2.404,0,0
0.41807390748005,13511,2.4044,0,0
0.41807409898326,13512,2.4048,0,0
0.41807429035776,13513,2.4052,0,0
0.41807448160353,13514,2.4056,0,0
0.41807467272058,13515,2.406,0,0
0.41807486370892,13516,2.4064,0,0
0.41807505456853,13517,2.4068,0,0
0.41807524529943,13518,2.4072,0,0
0.4180754359016,13519,2.4076,0,0
0.41807562637506,13520,2.408,0,0
0.4180758167198,13521,2.4084,0,0
0.41807600693582,13522,2.4088,0,0
0.41807619702312,13523,2.4092,0,0
0.4180763869817,13524,2.4096,0,0
0.41807657681156,13525,2.41,0,0
0.41807676651271,13526,2.4104,0,0
0.41807695608513,13527,2.4108,0,0
0.41807714552884,13528,2.4112,0,0
0.41807733484383,13529,2.4116,0,0
0.41807752403011,13530,2.412,0,0
0.41807771308766,13531,2.4124,0,0
0.4180779020165,13532,2.4128,0,0
0.41807809081662,13533,2.4132,0,0
0.41807827948803,13534,2.4136,0,0
0.41807846803071,13535,2.414,0,0
0.41807865644468,13536,2.4144,0,0
0.41807884472993,13537,2.4148,0,0
0.41807903288647,13538,2.4152,0,0
0.41807922091429,13539,2.4156,0,0
0.41807940881339,13540,2.416,0,0
0.41807959658378,13541,2.4164,0,0
0.41807978422545,13542,2.4168,0,0
0.4180799717384,13543,2.4172,0,0
0.41808015912264,13544,2.4176,0,0
0.41808034637817,13545,2.418,0,0
0.41808053350497,13546,2.4184,0,0
0.41808072050306,13547,2.4188,0,0
0.41808090737244,13548,2.4192,0,0
0.4180810941131,13549,2.4196,0,0
0.41808128072505,13550,2.42,0,0
0.41808146720828,13551,2.4204,0,0
0.41808165356279,13552,2.4208,0,0
0.41808183978859,13553,2.4212,0,0
0.41808202588568,13554,2.4216,0,0
0.41808221185405,13555,2.422,0,0
0.41808239769371,13556,2.4224,0,0
0.41808258340465,13557,2.4228,0,0
0.41808276898688,13558,2.4232,0,0
0.41808295444039,13559,2.4236,0,0
0.41808313976519,13560,2.424,0,0
0.41808332496128,13561,2.4244,0,0
0.41808351002865,13562,2.4248,0,0
0.41808369496731,13563,2.4252,0,0
0.41808387977726,13564,2.4256,0,0
0.41808406445849,13565,2.426,0,0
0.41808424901101,13566,2.4264,0,0
0.41808443343481,13567,2.4268,0,0
0.41808461772991,13568,2.4272,0,0
0.41808480189629,13569,2.4276,0,0
0.41808498593396,13570,2.428,0,0
0.41808516984291,13571,2.4284,0,0
0.41808535362316,13572,2.4288,0,0
0.41808553727469,13573,2.4292,0,0
0.41808572079751,13574,2.4296,0,0
0.41808590419161,13575,2.43,0,0
0.41808608745701,13576,2.4304,0,0
0.41808627059369,13577,2.4308,0,0
0.41808645360166,13578,2.4312,0,0
0.41808663648092,13579,2.4316,0,0
0.41808681923147,13580,2.432,0,0
0.41808700185331,13581,2.4324,0,0
0.41808718434643,13582,2.4328,0,0
0.41808736671085,13583,2.4332,0,0
0.41808754894655,13584,2.4336,0,0
0.41808773105355,13585,2.434,0,0
0.41808791303183,13586,2.4344,0,0
0.4180880948814,13587,2.4348,0,0
0.41808827660226,13588,2.4352,0,0
0.41808845819441,13589,2.4356,0,0
0.41808863965786,13590,2.436,0,0
0.41808882099259,13591,2.4364,0,0
0.41808900219861,13592,2.4368,0,0
0.41808918327592,13593,2.4372,0,0
0.41808936422452,13594,2.4376,0,0
0.41808954504441,13595,2.438,0,0
0.4180897257356,13596,2.4384,0,0
0.41808990629807,13597,2.4388,0,0
0.41809008673184,13598,2.4392,0,0
0.41809026703689,13599,2.4396,0,0
0.41809044721324,13600,2.44,0,0
0.41809062726087,13601,2.4404,0,0
0.4180908071798,13602,2.4408,0,0
0.41809098697002,13603,2.4412,0,0
0.41809116663154,13604,2.4416,0,0
0.41809134616434,13605,2.442,0,0
0.41809152556844,13606,2.4424,0,0
0.41809170484382,13607,2.4428,0,0
0.4180918839905,13608,2.4432,0,0
0.41809206300847,13609,2.4436,0,0
0.41809224189774,13610,2.444,0,0
0.41809242065829,13611,2.4444,0,0
0.41809259929014,13612,2.4448,0,0
0.41809277779329,13613,2.4452,0,0
0.41809295616772,13614,2.4456,0,0
0.41809313441345,13615,2.446,0,0
0.41809331253047,13616,2.4464,0,0
0.41809349051878,13617,2.4468,0,0
0.41809366837839,13618,2.4472,0,0
0.41809384610929,13619,2.4476,0,0
0.41809402371148,13620,2.448,0,0
0.41809420118497,13621,2.4484,0,0
0.41809437852975,13622,2.4488,0,0
0.41809455574582,13623,2.4492,0,0
0.41809473283319,13624,2.4496,0,0
0.41809490979186,13625,2.45,0,0
0.41809508662181,13626,2.4504,0,0
0.41809526332307,13627,2.4508,0,0
0.41809543989561,13628,2.4512,0,0
0.41809561633945,13629,2.4516,0,0
0.41809579265459,13630,2.452,0,0
0.41809596884102,13631,2.4524,0,0
0.41809614489874,13632,2.4528,0,0
0.41809632082776,13633,2.4532,0,0
0.41809649662808,13634,2.4536,0,0
0.41809667229969,13635,2.454,0,0
0.4180968478426,13636,2.4544,0,0
0.4180970232568,13637,2.4548,0,0
0.4180971985423,13638,2.4552,0,0
0.41809737369909,13639,2.4556,0,0
0.41809754872718,13640,2.456,0,0
0.41809772362657,13641,2.4564,0,0
0.41809789839725,13642,2.4568,0,0
0.41809807303922,13643,2.4572,0,0
0.4180982475525,13644,2.4576,0,0
0.41809842193707,13645,2.458,0,0
0.41809859619294,13646,2.4584,0,0
0.4180987703201,13647,2.4588,0,0
0.41809894431856,13648,2.4592,0,0
0.41809911818832,13649,2.4596,0,0
0.41809929192938,13650,2.46,0,0
0.41809946554173,13651,2.4604,0,0
0.41809963902538,13652,2.4608,0,0
0.41809981238033,13653,2.4612,0,0
0.41809998560657,13654,2.4616,0,0
0.41810015870411,13655,2.462,0,0
0.41810033167295,13656,2.4624,0,0
0.41810050451309,13657,2.4628,0,0
0.41810067722453,13658,2.4632,0,0
0.41810084980726,13659,2.4636,0,0
0.4181010222613,13660,2.464,0,0
0.41810119458663,13661,2.4644,0,0
0.41810136678326,13662,2.4648,0,0
0.41810153885119,13663,2.4652,0,0
0.41810171079041,13664,2.4656,0,0
0.41810188260094,13665,2.466,0,0
0.41810205428276,13666,2.4664,0,0
0.41810222583589,13667,2.4668,0,0
0.41810239726031,13668,2.4672,0,0
0.41810256855604,13669,2.4676,0,0
0.41810273972306,13670,2.468,0,0
0.41810291076138,13671,2.4684,0,0
0.418103081671,13672,2.4688,0,0
0.41810325245192,13673,2.4692,0,0
0.41810342310414,13674,2.4696,0,0
0.41810359362767,13675,2.47,0,0
0.41810376402249,13676,2.4704,0,0
0.41810393428861,13677,2.4708,0,0
0.41810410442603,13678,2.4712,0,0
0.41810427443475,13679,2.4716,0,0
0.41810444431478,13680,2.472,0,0
0.4181046140661,13681,2.4724,0,0
0.41810478368873,13682,2.4728,0,0
0.41810495318265,13683,2.4732,0,0
0.41810512254788,13684,2.4736,0,0
0.41810529178441,13685,2.474,0,0
0.41810546089224,13686,2.4744,0,0
0.41810562987137,13687,2.4748,0,0
0.4181057987218,13688,2.4752,0,0
0.41810596744354,13689,2.4756,0,0
0.41810613603657,13690,2.476,0,0
0.41810630450091,13691,2.4764,0,0
0.41810647283655,13692,2.4768,0,0
0.41810664104349,13693,2.4772,0,0
0.41810680912174,13694,2.4776,0,0
0.41810697707129,13695,2.478,0,0
0.41810714489214,13696,2.4784,0,0
0.41810731258429,13697,2.4788,0,0
0.41810748014774,13698,2.4792,0,0
0.4181076475825,13699,2.4796,0,0
0.41810781488856,13700,2.48,0,0
0.41810798206592,13701,2.4804,0,0
0.41810814911459,13702,2.4808,0,0
0.41810831603456,13703,2.4812,0,0
0.41810848282583,13704,2.4816,0,0
0.41810864948841,13705,2.482,0,0
0.41810881602229,13706,2.4824,0,0
0.41810898242748,13707,2.4828,0,0
0.41810914870396,13708,2.4832,0,0
0.41810931485176,13709,2.4836,0,0
0.41810948087085,13710,2.484,0,0
0.41810964676125,13711,2.4844,0,0
0.41810981252296,13712,2.4848,0,0
0.41810997815597,13713,2.4852,0,0
0.41811014366028,13714,2.4856,0,0
0.4181103090359,13715,2.486,0,0
0.41811047428282,13716,2.4864,0,0
0.41811063940105,13717,2.4868,0,0
0.41811080439058,13718,2.4872,0,0
0.41811096925142,13719,2.4876,0,0
0.41811113398356,13720,2.488,0,0
0.41811129858701,13721,2.4884,0,0
0.41811146306177,13722,2.4888,0,0
0.41811162740783,13723,2.4892,0,0
0.41811179162519,13724,2.4896,0,0
0.41811195571386,13725,2.49,0,0
0.41811211967384,13726,2.4904,0,0
0.41811228350512,13727,2.4908,0,0
0.41811244720771,13728,2.4912,0,0
0.41811261078161,13729,2.4916,0,0
0.41811277422681,13730,2.492,0,0
0.41811293754332,13731,2.4924,0,0
0.41811310073113,13732,2.4928,0,0
0.41811326379025,13733,2.4932,0,0
0.41811342672068,13734,2.4936,0,0
0.41811358952241,13735,2.494,0,0
0.41811375219546,13736,2.4944,0,0
0.41811391473981,13737,2.4948,0,0
0.41811407715546,13738,2.4952,0,0
0.41811423944242,13739,2.4956,0,0
0.4181144016007,13740,2.496,0,0
0.41811456363027,13741,2.4964,0,0
0.41811472553116,13742,2.4968,0,0
0.41811488730335,13743,2.4972,0,0
0.41811504894686,13744,2.4976,0,0
0.41811521046167,13745,2.498,0,0
0.41811537184778,13746,2.4984,0,0
0.41811553310521,13747,2.4988,0,0
0.41811569423394,13748,2.4992,0,0
0.41811585523399,13749,2.4996,0,0
0.41811601610534,13750,2.5,0,0
0.418116176848,13751,2.5004,0,0
0.41811633746197,13752,2.5008,0,0
0.41811649794725,13753,2.5012,0,0
0.41811665830383,13754,2.5016,0,0
0.41811681853173,13755,2.502,0,0
0.41811697863093,13756,2.5024,0,0
0.41811713860145,13757,2.5028,0,0
0.41811729844327,13758,2.5032,0,0
0.4181174581564,13759,2.5036,0,0
0.41811761774085,13760,2.504,0,0
0.4181177771966,13761,2.5044,0,0
0.41811793652366,13762,2.5048,0,0
0.41811809572204,13763,2.5052,0,0
0.41811825479172,13764,2.5056,0,0
0.41811841373271,13765,2.506,0,0
0.41811857254501,13766,2.5064,0,0
0.41811873122863,13767,2.5068,0,0
0.41811888978355,13768,2.5072,0,0
0.41811904820979,13769,2.5076,0,0
0.41811920650733,13770,2.508,0,0
0.41811936467619,13771,2.5084,0,0
0.41811952271635,13772,2.5088,0,0
0.41811968062783,13773,2.5092,0,0
0.41811983841062,13774,2.5096,0,0
0.41811999606472,13775,2.51,0,0
0.41812015359013,13776,2.5104,0,0
0.41812031098686,13777,2.5108,0,0
0.41812046825489,13778,2.5112,0,0
0.41812062539424,13779,2.5116,0,0
0.4181207824049,13780,2.512,0,0
0.41812093928687,13781,2.5124,0,0
0.41812109604015,13782,2.5128,0,0
0.41812125266474,13783,2.5132,0,0
0.41812140916065,13784,2.5136,0,0
0.41812156552787,13785,2.514,0,0
0.4181217217664,13786,2.5144,0,0
0.41812187787625,13787,2.5148,0,0
0.4181220338574,13788,2.5152,0,0
0.41812218970987,13789,2.5156,0,0
0.41812234543366,13790,2.516,0,0
0.41812250102875,13791,2.5164,0,0
0.41812265649516,13792,2.5168,0,0
0.41812281183288,13793,2.5172,0,0
0.41812296704192,13794,2.5176,0,0
0.41812312212226,13795,2.518,0,0
0.41812327707393,13796,2.5184,0,0
0.4181234318969,13797,2.5188,0,0
0.41812358659119,13798,2.5192,0,0
0.41812374115679,13799,2.5196,0,0
0.41812389559371,13800,2.52,0,0
0.41812404990194,13801,2.5204,0,0
0.41812420408149,13802,2.5208,0,0
0.41812435813235,13803,2.5212,0,0
0.41812451205452,13804,2.5216,0,0
0.41812466584801,13805,2.522,0,0
0.41812481951281,13806,2.5224,0,0
0.41812497304893,13807,2.5228,0,0
0.41812512645636,13808,2.5232,0,0
0.41812527973511,13809,2.5236,0,0
0.41812543288517,13810,2.524,0,0
0.41812558590655,13811,2.5244,0,0
0.41812573879924,13812,2.5248,0,0
0.41812589156325,13813,2.5252,0,0
0.41812604419857,13814,2.5256,0,0
0.41812619670521,13815,2.526,0,0
0.41812634908316,13816,2.5264,0,0
0.41812650133243,13817,2.5268,0,0
0.41812665345302,13818,2.5272,0,0
0.41812680544492,13819,2.5276,0,0
0.41812695730814,13820,2.528,0,0
0.41812710904267,13821,2.5284,0,0
0.41812726064852,13822,2.5288,0,0
0.41812741212569,13823,2.5292,0,0
0.41812756347417,13824,2.5296,0,0
0.41812771469397,13825,2.53,0,0
0.41812786578508,13826,2.5304,0,0
0.41812801674752,13827,2.5308,0,0
0.41812816758127,13828,2.5312,0,0
0.41812831828633,13829,2.5316,0,0
0.41812846886272,13830,2.532,0,0
0.41812861931042,13831,2.5324,0,0
0.41812876962943,13832,2.5328,0,0
0.41812891981977,13833,2.5332,0,0
0.41812906988142,13834,2.5336,0,0
0.41812921981439,13835,2.534,0,0
0.41812936961868,13836,2.5344,0,0
0.41812951929429,13837,2.5348,0,0
0.41812966884121,13838,2.5352,0,0
0.41812981825945,13839,2.5356,0,0
0.41812996754901,13840,2.536,0,0
0.41813011670989,13841,2.5364,0,0
0.41813026574209,13842,2.5368,0,0
0.4181304146456,13843,2.5372,0,0
0.41813056342043,13844,2.5376,0,0
0.41813071206658,13845,2.538,0,0
0.41813086058405,13846,2.5384,0,0
0.41813100897284,13847,2.5388,0,0
0.41813115723295,13848,2.5392,0,0
0.41813130536438,13849,2.5396,0,0
0.41813145336712,13850,2.54,0,0
0.41813160124119,13851,2.5404,0,0
0.41813174898657,13852,2.5408,0,0
0.41813189660328,13853,2.5412,0,0
0.4181320440913,13854,2.5416,0,0
0.41813219145064,13855,2.542,0,0
0.41813233868131,13856,2.5424,0,0
0.41813248578329,13857,2.5428,0,0
0.41813263275659,13858,2.5432,0,0
0.41813277960121,13859,2.5436,0,0
0.41813292631716,13860,2.544,0,0
0.41813307290442,13861,2.5444,0,0
0.418133219363,13862,2.5448,0,0
0.41813336569291,13863,2.5452,0,0
0.41813351189413,13864,2.5456,0,0
0.41813365796667,13865,2.546,0,0
0.41813380391054,13866,2.5464,0,0
0.41813394972573,13867,2.5468,0,0
0.41813409541223,13868,2.5472,0,0
0.41813424097006,13869,2.5476,0,0
0.41813438639921,13870,2.548,0,0
0.41813453169968,13871,2.5484,0,0
0.41813467687147,13872,2.5488,0,0
0.41813482191458,13873,2.5492,0,0
0.41813496682902,13874,2.5496,0,0
0.41813511161478,13875,2.55,0,0
0.41813525627185,13876,2.5504,0,0
0.41813540080025,13877,2.5508,0,0
0.41813554519997,13878,2.5512,0,0
0.41813568947102,13879,2.5516,0,0
0.41813583361338,13880,2.552,0,0
0.41813597762707,13881,2.5524,0,0
0.41813612151208,13882,2.5528,0,0
0.41813626526841,13883,2.5532,0,0
0.41813640889607,13884,2.5536,0,0
0.41813655239504,13885,2.554,0,0
0.41813669576534,13886,2.5544,0,0
0.41813683900697,13887,2.5548,0,0
0.41813698211991,13888,2.5552,0,0
0.41813712510418,13889,2.5556,0,0
0.41813726795977,13890,2.556,0,0
0.41813741068669,13891,2.5564,0,0
0.41813755328493,13892,2.5568,0,0
0.41813769575449,13893,2.5572,0,0
0.41813783809537,13894,2.5576,0,0
0.41813798030758,13895,2.558,0,0
0.41813812239111,13896,2.5584,0,0
0.41813826434597,13897,2.5588,0,0
0.41813840617215,13898,2.5592,0,0
0.41813854786965,13899,2.5596,0,0
0.41813868943848,13900,2.56,0,0
0.41813883087863,13901,2.5604,0,0
0.41813897219011,13902,2.5608,0,0
0.41813911337291,13903,2.5612,0,0
0.41813925442703,13904,2.5616,0,0
0.41813939535248,13905,2.562,0,0
0.41813953614926,13906,2.5624,0,0
0.41813967681736,13907,2.5628,0,0
0.41813981735678,13908,2.5632,0,0
0.41813995776753,13909,2.5636,0,0
0.4181400980496,13910,2.564,0,0
0.418140238203,13911,2.5644,0,0
0.41814037822772,13912,2.5648,0,0
0.41814051812377,13913,2.5652,0,0
0.41814065789115,13914,2.5656,0,0
0.41814079752985,13915,2.566,0,0
0.41814093703987,13916,2.5664,0,0
0.41814107642122,13917,2.5668,0,0
0.4181412156739,13918,2.5672,0,0
0.4181413547979,13919,2.5676,0,0
0.41814149379323,13920,2.568,0,0
0.41814163265989,13921,2.5684,0,0
0.41814177139787,13922,2.5688,0,0
0.41814191000718,13923,2.5692,0,0
0.41814204848781,13924,2.5696,0,0
0.41814218683977,13925,2.57,0,0
0.41814232506306,13926,2.5704,0,0
0.41814246315767,13927,2.5708,0,0
0.41814260112361,13928,2.5712,0,0
0.41814273896088,13929,2.5716,0,0
0.41814287666947,13930,2.572,0,0
0.41814301424939,13931,2.5724,0,0
0.41814315170064,13932,2.5728,0,0
0.41814328902321,13933,2.5732,0,0
0.41814342621711,13934,2.5736,0,0
0.41814356328234,13935,2.574,0,0
0.4181437002189,13936,2.5744,0,0
0.41814383702678,13937,2.5748,0,0
0.418143973706,13938,2.5752,0,0
0.41814411025654,13939,2.5756,0,0
0.4181442466784,13940,2.576,0,0
0.4181443829716,13941,2.5764,0,0
0.41814451913612,13942,2.5768,0,0
0.41814465517198,13943,2.5772,0,0
0.41814479107916,13944,2.5776,0,0
0.41814492685766,13945,2.578,0,0
0.4181450625075,13946,2.5784,0,0
0.41814519802867,13947,2.5788,0,0
0.41814533342116,13948,2.5792,0,0
0.41814546868498,13949,2.5796,0,0
0.41814560382013,13950,2.58,0,0
0.41814573882661,13951,2.5804,0,0
0.41814587370442,13952,2.5808,0,0
0.41814600845356,13953,2.5812,0,0
0.41814614307403,13954,2.5816,0,0
0.41814627756582,13955,2.582,0,0
0.41814641192895,13956,2.5824,0,0
0.4181465461634,13957,2.5828,0,0
0.41814668026919,13958,2.5832,0,0
0.4181468142463,13959,2.5836,0,0
0.41814694809475,13960,2.584,0,0
0.41814708181452,13961,2.5844,0,0
0.41814721540562,13962,2.5848,0,0
0.41814734886806,13963,2.5852,0,0
0.41814748220182,13964,2.5856,0,0
0.41814761540691,13965,2.586,0,0
0.41814774848334,13966,2.5864,0,0
0.41814788143109,13967,2.5868,0,0
0.41814801425018,13968,2.5872,0,0
0.41814814694059,13969,2.5876,0,0
0.41814827950234,13970,2.588,0,0
0.41814841193541,13971,2.5884,0,0
0.41814854423982,13972,2.5888,0,0
0.41814867641556,13973,2.5892,0,0
0.41814880846263,13974,2.5896,0,0
0.41814894038103,13975,2.59,0,0
0.41814907217076,13976,2.5904,0,0
0.41814920383182,13977,2.5908,0,0
0.41814933536421,13978,2.5912,0,0
0.41814946676794,13979,2.5916,0,0
0.418149598043,13980,2.592,0,0
0.41814972918938,13981,2.5924,0,0
0.4181498602071,13982,2.5928,0,0
0.41814999109616,13983,2.5932,0,0
0.41815012185654,13984,2.5936,0,0
0.41815025248825,13985,2.594,0,0
0.4181503829913,13986,2.5944,0,0
0.41815051336568,13987,2.5948,0,0
0.41815064361139,13988,2.5952,0,0
0.41815077372844,13989,2.5956,0,0
0.41815090371681,13990,2.596,0,0
0.41815103357652,13991,2.5964,0,0
0.41815116330756,13992,2.5968,0,0
0.41815129290994,13993,2.5972,0,0
0.41815142238364,13994,2.5976,0,0
0.41815155172868,13995,2.598,0,0
0.41815168094506,13996,2.5984,0,0
0.41815181003276,13997,2.5988,0,0
0.4181519389918,13998,2.5992,0,0
0.41815206782217,13999,2.5996,0,0
0.41815219652388,14000,2.6,0,0
0.41815232509692,14001,2.6004,0,0
0.41815245354129,14002,2.6008,0,0
0.41815258185699,14003,2.6012,0,0
0.41815271004403,14004,2.6016,0,0
0.41815283810241,14005,2.602,0,0
0.41815296603211,14006,2.6024,0,0
0.41815309383315,14007,2.6028,0,0
0.41815322150553,14008,2.6032,0,0
0.41815334904924,14009,2.6036,0,0
0.41815347646428,14010,2.604,0,0
0.41815360375066,14011,2.6044,0,0
0.41815373090837,14012,2.6048,0,0
0.41815385793741,14013,2.6052,0,0
0.41815398483779,14014,2.6056,0,0
0.41815411160951,14015,2.606,0,0
0.41815423825256,14016,2.6064,0,0
0.41815436476694,14017,2.6068,0,0
0.41815449115266,14018,2.6072,0,0
0.41815461740971,14019,2.6076,0,0
0.4181547435381,14020,2.608,0,0
0.41815486953783,14021,2.6084,0,0
0.41815499540889,14022,2.6088,0,0
0.41815512115128,14023,2.6092,0,0
0.41815524676501,14024,2.6096,0,0
0.41815537225008,14025,2.61,0,0
0.41815549760648,14026,2.6104,0,0
0.41815562283421,14027,2.6108,0,0
0.41815574793328,14028,2.6112,0,0
0.41815587290369,14029,2.6116,0,0
0.41815599774544,14030,2.612,0,0
0.41815612245852,14031,2.6124,0,0
0.41815624704293,14032,2.6128,0,0
0.41815637149868,14033,2.6132,0,0
0.41815649582577,14034,2.6136,0,0
0.4181566200242,14035,2.614,0,0
0.41815674409396,14036,2.6144,0,0
0.41815686803505,14037,2.6148,0,0
0.41815699184749,14038,2.6152,0,0
0.41815711553126,14039,2.6156,0,0
0.41815723908636,14040,2.616,0,0
0.41815736251281,14041,2.6164,0,0
0.41815748581059,14042,2.6168,0,0
0.41815760897971,14043,2.6172,0,0
0.41815773202016,14044,2.6176,0,0
0.41815785493195,14045,2.618,0,0
0.41815797771508,14046,2.6184,0,0
0.41815810036955,14047,2.6188,0,0
0.41815822289535,14048,2.6192,0,0
0.41815834529249,14049,2.6196,0,0
0.41815846756097,14050,2.62,0,0
0.41815858970079,14051,2.6204,0,0
0.41815871171194,14052,2.6208,0,0
0.41815883359444,14053,2.6212,0,0
0.41815895534827,14054,2.6216,0,0
0.41815907697343,14055,2.622,0,0
0.41815919846994,14056,2.6224,0,0
0.41815931983778,14057,2.6228,0,0
0.41815944107697,14058,2.6232,0,0
0.41815956218749,14059,2.6236,0,0
0.41815968316934,14060,2.624,0,0
0.41815980402254,14061,2.6244,0,0
0.41815992474708,14062,2.6248,0,0
0.41816004534295,14063,2.6252,0,0
0.41816016581017,14064,2.6256,0,0
0.41816028614872,14065,2.626,0,0
0.41816040635861,14066,2.6264,0,0
0.41816052643984,14067,2.6268,0,0
0.41816064639241,14068,2.6272,0,0
0.41816076621632,14069,2.6276,0,0
0.41816088591156,14070,2.628,0,0
0.41816100547815,14071,2.6284,0,0
0.41816112491608,14072,2.6288,0,0
0.41816124422534,14073,2.6292,0,0
0.41816136340595,14074,2.6296,0,0
0.41816148245789,14075,2.63,0,0
0.41816160138118,14076,2.6304,0,0
0.4181617201758,14077,2.6308,0,0
0.41816183884176,14078,2.6312,0,0
0.41816195737907,14079,2.6316,0,0
0.41816207578771,14080,2.632,0,0
0.4181621940677,14081,2.6324,0,0
0.41816231221902,14082,2.6328,0,0
0.41816243024168,14083,2.6332,0,0
0.41816254813569,14084,2.6336,0,0
0.41816266590103,14085,2.634,0,0
0.41816278353772,14086,2.6344,0,0
0.41816290104575,14087,2.6348,0,0
0.41816301842511,14088,2.6352,0,0
0.41816313567582,14089,2.6356,0,0
0.41816325279787,14090,2.636,0,0
0.41816336979126,14091,2.6364,0,0
0.41816348665599,14092,2.6368,0,0
0.41816360339206,14093,2.6372,0,0
0.41816371999947,14094,2.6376,0,0
0.41816383647823,14095,2.638,0,0
0.41816395282832,14096,2.6384,0,0
0.41816406904976,14097,2.6388,0,0
0.41816418514254,14098,2.6392,0,0
0.41816430110666,14099,2.6396,0,0
0.41816441694212,14100,2.64,0,0
0.41816453264892,14101,2.6404,0,0
0.41816464822707,14102,2.6408,0,0
0.41816476367655,14103,2.6412,0,0
0.41816487899738,14104,2.6416,0,0
0.41816499418955,14105,2.642,0,0
0.41816510925306,14106,2.6424,0,0
0.41816522418792,14107,2.6428,0,0
0.41816533899412,14108,2.6432,0,0
0.41816545367165,14109,2.6436,0,0
0.41816556822054,14110,2.644,0,0
0.41816568264076,14111,2.6444,0,0
0.41816579693233,14112,2.6448,0,0
0.41816591109524,14113,2.6452,0,0
0.41816602512949,14114,2.6456,0,0
0.41816613903508,14115,2.646,0,0
0.41816625281202,14116,2.6464,0,0
0.4181663664603,14117,2.6468,0,0
0.41816647997993,14118,2.6472,0,0
0.41816659337089,14119,2.6476,0,0
0.4181667066332,14120,2.648,0,0
0.41816681976686,14121,2.6484,0,0
0.41816693277185,14122,2.6488,0,0
0.41816704564819,14123,2.6492,0,0
0.41816715839588,14124,2.6496,0,0
0.4181672710149,14125,2.65,0,0
0.41816738350528,14126,2.6504,0,0
0.41816749586699,14127,2.6508,0,0
0.41816760810005,14128,2.6512,0,0
0.41816772020445,14129,2.6516,0,0
0.4181678321802,14130,2.652,0,0
0.41816794402729,14131,2.6524,0,0
0.41816805574572,14132,2.6528,0,0
0.4181681673355,14133,2.6532,0,0
0.41816827879662,14134,2.6536,0,0
0.41816839012909,14135,2.654,0,0
0.4181685013329,14136,2.6544,0,0
0.41816861240806,14137,2.6548,0,0
0.41816872335456,14138,2.6552,0,0
0.4181688341724,14139,2.6556,0,0
0.41816894486159,14140,2.656,0,0
0.41816905542213,14141,2.6564,0,0
0.41816916585401,14142,2.6568,0,0
0.41816927615723,14143,2.6572,0,0
0.4181693863318,14144,2.6576,0,0
0.41816949637772,14145,2.658,0,0
0.41816960629498,14146,2.6584,0,0
0.41816971608358,14147,2.6588,0,0
0.41816982574353,14148,2.6592,0,0
0.41816993527483,14149,2.6596,0,0
0.41817004467747,14150,2.66,0,0
0.41817015395146,14151,2.6604,0,0
0.41817026309679,14152,2.6608,0,0
0.41817037211347,14153,2.6612,0,0
0.41817048100149,14154,2.6616,0,0
0.41817058976086,14155,2.662,0,0
0.41817069839158,14156,2.6624,0,0
0.41817080689364,14157,2.6628,0,0
0.41817091526704,14158,2.6632,0,0
0.4181710235118,14159,2.6636,0,0
0.4181711316279,14160,2.664,0,0
0.41817123961534,14161,2.6644,0,0
0.41817134747414,14162,2.6648,0,0
0.41817145520428,14163,2.6652,0,0
0.41817156280576,14164,2.6656,0,0
0.41817167027859,14165,2.666,0,0
0.41817177762277,14166,2.6664,0,0
0.4181718848383,14167,2.6668,0,0
0.41817199192517,14168,2.6672,0,0
0.41817209888339,14169,2.6676,0,0
0.41817220571296,14170,2.668,0,0
0.41817231241387,14171,2.6684,0,0
0.41817241898613,14172,2.6688,0,0
0.41817252542974,14173,2.6692,0,0
0.41817263174469,14174,2.6696,0,0
0.41817273793099,14175,2.67,0,0
0.41817284398864,14176,2.6704,0,0
0.41817294991764,14177,2.6708,0,0
0.41817305571798,14178,2.6712,0,0
0.41817316138968,14179,2.6716,0,0
0.41817326693272,14180,2.672,0,0
0.4181733723471,14181,2.6724,0,0
0.41817347763284,14182,2.6728,0,0
0.41817358278992,14183,2.6732,0,0
0.41817368781835,14184,2.6736,0,0
0.41817379271813,14185,2.674,0,0
0.41817389748926,14186,2.6744,0,0
0.41817400213173,14187,2.6748,0,0
0.41817410664556,14188,2.6752,0,0
0.41817421103073,14189,2.6756,0,0
0.41817431528725,14190,2.676,0,0
0.41817441941512,14191,2.6764,0,0
0.41817452341434,14192,2.6768,0,0
0.4181746272849,14193,2.6772,0,0
0.41817473102682,14194,2.6776,0,0
0.41817483464008,14195,2.678,0,0
0.41817493812469,14196,2.6784,0,0
0.41817504148065,14197,2.6788,0,0
0.41817514470796,14198,2.6792,0,0
0.41817524780662,14199,2.6796,0,0
0.41817535077663,14200,2.68,0,0
0.41817545361799,14201,2.6804,0,0
0.41817555633069,14202,2.6808,0,0
0.41817565891475,14203,2.6812,0,0
0.41817576137015,14204,2.6816,0,0
0.41817586369691,14205,2.682,0,0
0.41817596589501,14206,2.6824,0,0
0.41817606796447,14207,2.6828,0,0
0.41817616990527,14208,2.6832,0,0
0.41817627171742,14209,2.6836,0,0
0.41817637340092,14210,2.684,0,0
0.41817647495578,14211,2.6844,0,0
0.41817657638198,14212,2.6848,0,0
0.41817667767953,14213,2.6852,0,0
0.41817677884844,14214,2.6856,0,0
0.41817687988869,14215,2.686,0,0
0.41817698080029,14216,2.6864,0,0
0.41817708158324,14217,2.6868,0,0
0.41817718223755,14218,2.6872,0,0
0.4181772827632,14219,2.6876,0,0
0.41817738316021,14220,2.688,0,0
0.41817748342856,14221,2.6884,0,0
0.41817758356827,14222,2.6888,0,0
0.41817768357932,14223,2.6892,0,0
0.41817778346173,14224,2.6896,0,0
0.41817788321549,14225,2.69,0,0
0.4181779828406,14226,2.6904,0,0
0.41817808233706,14227,2.6908,0,0
0.41817818170487,14228,2.6912,0,0
0.41817828094403,14229,2.6916,0,0
0.41817838005454,14230,2.692,0,0
0.41817847903641,14231,2.6924,0,0
0.41817857788962,14232,2.6928,0,0
0.41817867661419,14233,2.6932,0,0
0.41817877521011,14234,2.6936,0,0
0.41817887367738,14235,2.694,0,0
0.418178972016,14236,2.6944,0,0
0.41817907022597,14237,2.6948,0,0
0.4181791683073,14238,2.6952,0,0
0.41817926625998,14239,2.6956,0,0
0.418179364084,14240,2.696,0,0
0.41817946177939,14241,2.6964,0,0
0.41817955934612,14242,2.6968,0,0
0.4181796567842,14243,2.6972,0,0
0.41817975409364,14244,2.6976,0,0
0.41817985127443,14245,2.698,0,0
0.41817994832657,14246,2.6984,0,0
0.41818004525006,14247,2.6988,0,0
0.41818014204491,14248,2.6992,0,0
0.4181802387111,14249,2.6996,0,0
0.41818033524866,14250,2.7,0,0
0.41818043165756,14251,2.7004,0,0
0.41818052793781,14252,2.7008,0,0
0.41818062408942,14253,2.7012,0,0
0.41818072011238,14254,2.7016,0,0
0.4181808160067,14255,2.702,0,0
0.41818091177236,14256,2.7024,0,0
0.41818100740938,14257,2.7028,0,0
0.41818110291776,14258,2.7032,0,0
0.41818119829748,14259,2.7036,0,0
0.41818129354856,14260,2.704,0,0
0.418181388671,14261,2.7044,0,0
0.41818148366478,14262,2.7048,0,0
0.41818157852992,14263,2.7052,0,0
0.41818167326641,14264,2.7056,0,0
0.41818176787426,14265,2.706,0,0
0.41818186235346,14266,2.7064,0,0
0.41818195670401,14267,2.7068,0,0
0.41818205092592,14268,2.7072,0,0
0.41818214501918,14269,2.7076,0,0
0.41818223898379,14270,2.708,0,0
0.41818233281976,14271,2.7084,0,0
0.41818242652708,14272,2.7088,0,0
0.41818252010576,14273,2.7092,0,0
0.41818261355579,14274,2.7096,0,0
0.41818270687717,14275,2.71,0,0
0.41818280006991,14276,2.7104,0,0
0.418182893134,14277,2.7108,0,0
0.41818298606945,14278,2.7112,0,0
0.41818307887625,14279,2.7116,0,0
0.41818317155441,14280,2.712,0,0
0.41818326410392,14281,2.7124,0,0
0.41818335652478,14282,2.7128,0,0
0.418183448817,14283,2.7132,0,0
0.41818354098058,14284,2.7136,0,0
0.41818363301551,14285,2.714,0,0
0.41818372492179,14286,2.7144,0,0
0.41818381669943,14287,2.7148,0,0
0.41818390834842,14288,2.7152,0,0
0.41818399986877,14289,2.7156,0,0
0.41818409126047,14290,2.716,0,0
0.41818418252353,14291,2.7164,0,0
0.41818427365795,14292,2.7168,0,0
0.41818436466372,14293,2.7172,0,0
0.41818445554084,14294,2.7176,0,0
0.41818454628932,14295,2.718,0,0
0.41818463690916,14296,2.7184,0,0
0.41818472740035,14297,2.7188,0,0
0.41818481776289,14298,2.7192,0,0
0.4181849079968,14299,2.7196,0,0
0.41818499810205,14300,2.72,0,0
0.41818508807867,14301,2.7204,0,0
0.41818517792664,14302,2.7208,0,0
0.41818526764596,14303,2.7212,0,0
0.41818535723664,14304,2.7216,0,0
0.41818544669868,14305,2.722,0,0
0.41818553603207,14306,2.7224,0,0
0.41818562523682,14307,2.7228,0,0
0.41818571431293,14308,2.7232,0,0
0.41818580326039,14309,2.7236,0,0
0.41818589207921,14310,2.724,0,0
0.41818598076938,14311,2.7244,0,0
0.41818606933091,14312,2.7248,0,0
0.4181861577638,14313,2.7252,0,0
0.41818624606805,14314,2.7256,0,0
0.41818633424365,14315,2.726,0,0
0.4181864222906,14316,2.7264,0,0
0.41818651020892,14317,2.7268,0,0
0.41818659799859,14318,2.7272,0,0
0.41818668565961,14319,2.7276,0,0
0.418186773192,14320,2.728,0,0
0.41818686059574,14321,2.7284,0,0
0.41818694787084,14322,2.7288,0,0
0.41818703501729,14323,2.7292,0,0
0.41818712203511,14324,2.7296,0,0
0.41818720892428,14325,2.73,0,0
0.4181872956848,14326,2.7304,0,0
0.41818738231669,14327,2.7308,0,0
0.41818746881993,14328,2.7312,0,0
0.41818755519453,14329,2.7316,0,0
0.41818764144049,14330,2.732,0,0
0.4181877275578,14331,2.7324,0,0
0.41818781354647,14332,2.7328,0,0
0.4181878994065,14333,2.7332,0,0
0.41818798513789,14334,2.7336,0,0
0.41818807074063,14335,2.734,0,0
0.41818815621474,14336,2.7344,0,0
0.4181882415602,14337,2.7348,0,0
0.41818832677702,14338,2.7352,0,0
0.41818841186519,14339,2.7356,0,0
0.41818849682473,14340,2.736,0,0
0.41818858165562,14341,2.7364,0,0
0.41818866635787,14342,2.7368,0,0
0.41818875093148,14343,2.7372,0,0
0.41818883537645,14344,2.7376,0,0
0.41818891969278,14345,2.738,0,0
0.41818900388046,14346,2.7384,0,0
0.4181890879395,14347,2.7388,0,0
0.4181891718699,14348,2.7392,0,0
0.41818925567166,14349,2.7396,0,0
0.41818933934478,14350,2.74,0,0
0.41818942288926,14351,2.7404,0,0
0.4181895063051,14352,2.7408,0,0
0.41818958959229,14353,2.7412,0,0
0.41818967275085,14354,2.7416,0,0
0.41818975578076,14355,2.742,0,0
0.41818983868203,14356,2.7424,0,0
0.41818992145466,14357,2.7428,0,0
0.41819000409865,14358,2.7432,0,0
0.418190086614,14359,2.7436,0,0
0.41819016900071,14360,2.744,0,0
0.41819025125878,14361,2.7444,0,0
0.41819033338821,14362,2.7448,0,0
0.41819041538899,14363,2.7452,0,0
0.41819049726114,14364,2.7456,0,0
0.41819057900464,14365,2.746,0,0
0.41819066061951,14366,2.7464,0,0
0.41819074210573,14367,2.7468,0,0
0.41819082346332,14368,2.7472,0,0
0.41819090469226,14369,2.7476,0,0
0.41819098579257,14370,2.748,0,0
0.41819106676423,14371,2.7484,0,0
0.41819114760725,14372,2.7488,0,0
0.41819122832164,14373,2.7492,0,0
0.41819130890738,14374,2.7496,0,0
0.41819138936448,14375,2.75,0,0
0.41819146969295,14376,2.7504,0,0
0.41819154989277,14377,2.7508,0,0
0.41819162996396,14378,2.7512,0,0
0.4181917099065,14379,2.7516,0,0
0.4181917897204,14380,2.752,0,0
0.41819186940567,14381,2.7524,0,0
0.4181919489623,14382,2.7528,0,0
0.41819202839028,14383,2.7532,0,0
0.41819210768963,14384,2.7536,0,0
0.41819218686034,14385,2.754,0,0
0.4181922659024,14386,2.7544,0,0
0.41819234481583,14387,2.7548,0,0
0.41819242360062,14388,2.7552,0,0
0.41819250225677,14389,2.7556,0,0
0.41819258078428,14390,2.756,0,0
0.41819265918315,14391,2.7564,0,0
0.41819273745339,14392,2.7568,0,0
0.41819281559498,14393,2.7572,0,0
0.41819289360794,14394,2.7576,0,0
0.41819297149225,14395,2.758,0,0
0.41819304924793,14396,2.7584,0,0
0.41819312687497,14397,2.7588,0,0
0.41819320437337,14398,2.7592,0,0
0.41819328174313,14399,2.7596,0,0
0.41819335898425,14400,2.76,0,0
0.41819343609674,14401,2.7604,0,0
0.41819351308058,14402,2.7608,0,0
0.41819358993579,14403,2.7612,0,0
0.41819366666236,14404,2.7616,0,0
0.41819374326029,14405,2.762,0,0
0.41819381972958,14406,2.7624,0,0
0.41819389607023,14407,2.7628,0,0
0.41819397228225,14408,2.7632,0,0
0.41819404836563,14409,2.7636,0,0
0.41819412432037,14410,2.764,0,0
0.41819420014647,14411,2.7644,0,0
0.41819427584393,14412,2.7648,0,0
0.41819435141276,14413,2.7652,0,0
0.41819442685295,14414,2.7656,0,0
0.4181945021645,14415,2.766,0,0
0.41819457734741,14416,2.7664,0,0
0.41819465240168,14417,2.7668,0,0
0.41819472732732,14418,2.7672,0,0
0.41819480212432,14419,2.7676,0,0
0.41819487679268,14420,2.768,0,0
0.41819495133241,14421,2.7684,0,0
0.41819502574349,14422,2.7688,0,0
0.41819510002594,14423,2.7692,0,0
0.41819517417975,14424,2.7696,0,0
0.41819524820493,14425,2.77,0,0
0.41819532210147,14426,2.7704,0,0
0.41819539586937,14427,2.7708,0,0
0.41819546950863,14428,2.7712,0,0
0.41819554301926,14429,2.7716,0,0
0.41819561640124,14430,2.772,0,0
0.4181956896546,14431,2.7724,0,0
0.41819576277931,14432,2.7728,0,0
0.41819583577539,14433,2.7732,0,0
0.41819590864283,14434,2.7736,0,0
0.41819598138164,14435,2.774,0,0
0.4181960539918,14436,2.7744,0,0
0.41819612647333,14437,2.7748,0,0
0.41819619882623,14438,2.7752,0,0
0.41819627105049,14439,2.7756,0,0
0.41819634314611,14440,2.776,0,0
0.41819641511309,14441,2.7764,0,0
0.41819648695144,14442,2.7768,0,0
0.41819655866115,14443,2.7772,0,0
0.41819663024223,14444,2.7776,0,0
0.41819670169467,14445,2.778,0,0
0.41819677301847,14446,2.7784,0,0
0.41819684421364,14447,2.7788,0,0
0.41819691528017,14448,2.7792,0,0
0.41819698621806,14449,2.7796,0,0
0.41819705702732,14450,2.78,0,0
0.41819712770794,14451,2.7804,0,0
0.41819719825993,14452,2.7808,0,0
0.41819726868328,14453,2.7812,0,0
0.41819733897799,14454,2.7816,0,0
0.41819740914407,14455,2.782,0,0
0.41819747918152,14456,2.7824,0,0
0.41819754909032,14457,2.7828,0,0
0.41819761887049,14458,2.7832,0,0
0.41819768852203,14459,2.7836,0,0
0.41819775804493,14460,2.784,0,0
0.4181978274392,14461,2.7844,0,0
0.41819789670482,14462,2.7848,0,0
0.41819796584182,14463,2.7852,0,0
0.41819803485018,14464,2.7856,0,0
0.4181981037299,14465,2.786,0,0
0.41819817248099,14466,2.7864,0,0
0.41819824110344,14467,2.7868,0,0
0.41819830959726,14468,2.7872,0,0
0.41819837796244,14469,2.7876,0,0
0.41819844619899,14470,2.788,0,0
0.4181985143069,14471,2.7884,0,0
0.41819858228618,14472,2.7888,0,0
0.41819865013682,14473,2.7892,0,0
0.41819871785883,14474,2.7896,0,0
0.4181987854522,14475,2.79,0,0
0.41819885291693,14476,2.7904,0,0
0.41819892025304,14477,2.7908,0,0
0.41819898746051,14478,2.7912,0,0
0.41819905453934,14479,2.7916,0,0
0.41819912148954,14480,2.792,0,0
0.4181991883111,14481,2.7924,0,0
0.41819925500403,14482,2.7928,0,0
0.41819932156832,14483,2.7932,0,0
0.41819938800399,14484,2.7936,0,0
0.41819945431101,14485,2.794,0,0
0.4181995204894,14486,2.7944,0,0
0.41819958653916,14487,2.7948,0,0
0.41819965246028,14488,2.7952,0,0
0.41819971825277,14489,2.7956,0,0
0.41819978391663,14490,2.796,0,0
0.41819984945185,14491,2.7964,0,0
0.41819991485843,14492,2.7968,0,0
0.41819998013638,14493,2.7972,0,0
0.4182000452857,14494,2.7976,0,0
0.41820011030639,14495,2.798,0,0
0.41820017519844,14496,2.7984,0,0
0.41820023996185,14497,2.7988,0,0
0.41820030459663,14498,2.7992,0,0
0.41820036910278,14499,2.7996,0,0
0.4182004334803,14500,2.8,0,0
0.41820049772918,14501,2.8004,0,0
0.41820056184943,14502,2.8008,0,0
0.41820062584104,14503,2.8012,0,0
0.41820068970402,14504,2.8016,0,0
0.41820075343837,14505,2.802,0,0
0.41820081704408,14506,2.8024,0,0
0.41820088052116,14507,2.8028,0,0
0.41820094386961,14508,2.8032,0,0
0.41820100708942,14509,2.8036,0,0
0.4182010701806,14510,2.804,0,0
0.41820113314315,14511,2.8044,0,0
0.41820119597706,14512,2.8048,0,0
0.41820125868234,14513,2.8052,0,0
0.41820132125899,14514,2.8056,0,0
0.418201383707,14515,2.806,0,0
0.41820144602638,14516,2.8064,0,0
0.41820150821713,14517,2.8068,0,0
0.41820157027924,14518,2.8072,0,0
0.41820163221273,14519,2.8076,0,0
0.41820169401757,14520,2.808,0,0
0.41820175569379,14521,2.8084,0,0
0.41820181724137,14522,2.8088,0,0
0.41820187866032,14523,2.8092,0,0
0.41820193995064,14524,2.8096,0,0
0.41820200111233,14525,2.81,0,0
0.41820206214538,14526,2.8104,0,0
0.4182021230498,14527,2.8108,0,0
0.41820218382559,14528,2.8112,0,0
0.41820224447274,14529,2.8116,0,0
0.41820230499126,14530,2.812,0,0
0.41820236538115,14531,2.8124,0,0
0.41820242564241,14532,2.8128,0,0
0.41820248577503,14533,2.8132,0,0
0.41820254577903,14534,2.8136,0,0
0.41820260565439,14535,2.814,0,0
0.41820266540112,14536,2.8144,0,0
0.41820272501921,14537,2.8148,0,0
0.41820278450868,14538,2.8152,0,0
0.41820284386951,14539,2.8156,0,0
0.41820290310171,14540,2.816,0,0
0.41820296220527,14541,2.8164,0,0
0.41820302118021,14542,2.8168,0,0
0.41820308002651,14543,2.8172,0,0
0.41820313874419,14544,2.8176,0,0
0.41820319733323,14545,2.818,0,0
0.41820325579363,14546,2.8184,0,0
0.41820331412541,14547,2.8188,0,0
0.41820337232856,14548,2.8192,0,0
0.41820343040307,14549,2.8196,0,0
0.41820348834895,14550,2.82,0,0
0.4182035461662,14551,2.8204,0,0
0.41820360385482,14552,2.8208,0,0
0.4182036614148,14553,2.8212,0,0
0.41820371884616,14554,2.8216,0,0
0.41820377614888,14555,2.822,0,0
0.41820383332297,14556,2.8224,0,0
0.41820389036843,14557,2.8228,0,0
0.41820394728526,14558,2.8232,0,0
0.41820400407346,14559,2.8236,0,0
0.41820406073303,14560,2.824,0,0
0.41820411726396,14561,2.8244,0,0
0.41820417366627,14562,2.8248,0,0
0.41820422993994,14563,2.8252,0,0
0.41820428608498,14564,2.8256,0,0
0.41820434210139,14565,2.826,0,0
0.41820439798917,14566,2.8264,0,0
0.41820445374832,14567,2.8268,0,0
0.41820450937884,14568,2.8272,0,0
0.41820456488073,14569,2.8276,0,0
0.41820462025398,14570,2.828,0,0
0.41820467549861,14571,2.8284,0,0
0.4182047306146,14572,2.8288,0,0
0.41820478560197,14573,2.8292,0,0
0.4182048404607,14574,2.8296,0,0
0.4182048951908,14575,2.83,0,0
0.41820494979227,14576,2.8304,0,0
0.41820500426511,14577,2.8308,0,0
0.41820505860933,14578,2.8312,0,0
0.4182051128249,14579,2.8316,0,0
0.41820516691185,14580,2.832,0,0
0.41820522087017,14581,2.8324,0,0
0.41820527469986,14582,2.8328,0,0
0.41820532840092,14583,2.8332,0,0
0.41820538197335,14584,2.8336,0,0
0.41820543541714,14585,2.834,0,0
0.41820548873231,14586,2.8344,0,0
0.41820554191885,14587,2.8348,0,0
0.41820559497675,14588,2.8352,0,0
0.41820564790603,14589,2.8356,0,0
0.41820570070668,14590,2.836,0,0
0.41820575337869,14591,2.8364,0,0
0.41820580592208,14592,2.8368,0,0
0.41820585833683,14593,2.8372,0,0
0.41820591062296,14594,2.8376,0,0
0.41820596278046,14595,2.838,0,0
0.41820601480932,14596,2.8384,0,0
0.41820606670956,14597,2.8388,0,0
0.41820611848116,14598,2.8392,0,0
0.41820617012414,14599,2.8396,0,0
0.41820622163849,14600,2.84,0,0
0.4182062730242,14601,2.8404,0,0
0.41820632428129,14602,2.8408,0,0
0.41820637540975,14603,2.8412,0,0
0.41820642640957,14604,2.8416,0,0
0.41820647728077,14605,2.842,0,0
0.41820652802334,14606,2.8424,0,0
0.41820657863728,14607,2.8428,0,0
0.41820662912259,14608,2.8432,0,0
0.41820667947927,14609,2.8436,0,0
0.41820672970732,14610,2.844,0,0
0.41820677980674,14611,2.8444,0,0
0.41820682977753,14612,2.8448,0,0
0.41820687961969,14613,2.8452,0,0
0.41820692933323,14614,2.8456,0,0
0.41820697891813,14615,2.846,0,0
0.41820702837441,14616,2.8464,0,0
0.41820707770205,14617,2.8468,0,0
0.41820712690107,14618,2.8472,0,0
0.41820717597145,14619,2.8476,0,0
0.41820722491321,14620,2.848,0,0
0.41820727372634,14621,2.8484,0,0
0.41820732241084,14622,2.8488,0,0
0.41820737096671,14623,2.8492,0,0
0.41820741939395,14624,2.8496,0,0
0.41820746769257,14625,2.85,0,0
0.41820751586255,14626,2.8504,0,0
0.4182075639039,14627,2.8508,0,0
0.41820761181663,14628,2.8512,0,0
0.41820765960073,14629,2.8516,0,0
0.4182077072562,14630,2.852,0,0
0.41820775478304,14631,2.8524,0,0
0.41820780218125,14632,2.8528,0,0
0.41820784945083,14633,2.8532,0,0
0.41820789659178,14634,2.8536,0,0
0.41820794360411,14635,2.854,0,0
0.4182079904878,14636,2.8544,0,0
0.41820803724287,14637,2.8548,0,0
0.41820808386931,14638,2.8552,0,0
0.41820813036712,14639,2.8556,0,0
0.41820817673631,14640,2.856,0,0
0.41820822297686,14641,2.8564,0,0
0.41820826908879,14642,2.8568,0,0
0.41820831507208,14643,2.8572,0,0
0.41820836092675,14644,2.8576,0,0
0.41820840665279,14645,2.858,0,0
0.4182084522502,14646,2.8584,0,0
0.41820849771899,14647,2.8588,0,0
0.41820854305914,14648,2.8592,0,0
0.41820858827067,14649,2.8596,0,0
0.41820863335357,14650,2.86,0,0
0.41820867830784,14651,2.8604,0,0
0.41820872313349,14652,2.8608,0,0
0.4182087678305,14653,2.8612,0,0
0.41820881239889,14654,2.8616,0,0
0.41820885683865,14655,2.862,0,0
0.41820890114978,14656,2.8624,0,0
0.41820894533228,14657,2.8628,0,0
0.41820898938616,14658,2.8632,0,0
0.41820903331141,14659,2.8636,0,0
0.41820907710803,14660,2.864,0,0
0.41820912077602,14661,2.8644,0,0
0.41820916431538,14662,2.8648,0,0
0.41820920772612,14663,2.8652,0,0
0.41820925100823,14664,2.8656,0,0
0.41820929416171,14665,2.866,0,0
0.41820933718656,14666,2.8664,0,0
0.41820938008279,14667,2.8668,0,0
0.41820942285039,14668,2.8672,0,0
0.41820946548936,14669,2.8676,0,0
0.4182095079997,14670,2.868,0,0
0.41820955038142,14671,2.8684,0,0
0.4182095926345,14672,2.8688,0,0
0.41820963475897,14673,2.8692,0,0
0.4182096767548,14674,2.8696,0,0
0.418209718622,14675,2.87,0,0
0.41820976036058,14676,2.8704,0,0
0.41820980197053,14677,2.8708,0,0
0.41820984345186,14678,2.8712,0,0
0.41820988480455,14679,2.8716,0,0
0.41820992602862,14680,2.872,0,0
0.41820996712407,14681,2.8724,0,0
0.41821000809088,14682,2.8728,0,0
0.41821004892907,14683,2.8732,0,0
0.41821008963863,14684,2.8736,0,0
0.41821013021956,14685,2.874,0,0
0.41821017067187,14686,2.8744,0,0
0.41821021099555,14687,2.8748,0,0
0.4182102511906,14688,2.8752,0,0
0.41821029125702,14689,2.8756,0,0
0.41821033119482,14690,2.876,0,0
0.41821037100399,14691,2.8764,0,0
0.41821041068454,14692,2.8768,0,0
0.41821045023645,14693,2.8772,0,0
0.41821048965974,14694,2.8776,0,0
0.41821052895441,14695,2.878,0,0
0.41821056812045,14696,2.8784,0,0
0.41821060715786,14697,2.8788,0,0
0.41821064606664,14698,2.8792,0,0
0.41821068484679,14699,2.8796,0,0
0.41821072349832,14700,2.88,0,0
0.41821076202123,14701,2.8804,0,0
0.4182108004155,14702,2.8808,0,0
0.41821083868115,14703,2.8812,0,0
0.41821087681818,14704,2.8816,0,0
0.41821091482657,14705,2.882,0,0
0.41821095270634,14706,2.8824,0,0
0.41821099045749,14707,2.8828,0,0
0.41821102808,14708,2.8832,0,0
0.41821106557389,14709,2.8836,0,0
0.41821110293916,14710,2.884,0,0
0.4182111401758,14711,2.8844,0,0
0.41821117728381,14712,2.8848,0,0
0.41821121426319,14713,2.8852,0,0
0.41821125111395,14714,2.8856,0,0
0.41821128783608,14715,2.886,0,0
0.41821132442959,14716,2.8864,0,0
0.41821136089447,14717,2.8868,0,0
0.41821139723072,14718,2.8872,0,0
0.41821143343835,14719,2.8876,0,0
0.41821146951735,14720,2.888,0,0
0.41821150546772,14721,2.8884,0,0
0.41821154128947,14722,2.8888,0,0
0.41821157698259,14723,2.8892,0,0
0.41821161254709,14724,2.8896,0,0
0.41821164798296,14725,2.89,0,0
0.41821168329021,14726,2.8904,0,0
0.41821171846882,14727,2.8908,0,0
0.41821175351882,14728,2.8912,0,0
0.41821178844018,14729,2.8916,0,0
0.41821182323292,14730,2.892,0,0
0.41821185789704,14731,2.8924,0,0
0.41821189243252,14732,2.8928,0,0
0.41821192683939,14733,2.8932,0,0
0.41821196111762,14734,2.8936,0,0
0.41821199526723,14735,2.894,0,0
0.41821202928822,14736,2.8944,0,0
0.41821206318058,14737,2.8948,0,0
0.41821209694431,14738,2.8952,0,0
0.41821213057942,14739,2.8956,0,0
0.4182121640859,14740,2.896,0,0
0.41821219746376,14741,2.8964,0,0
0.41821223071299,14742,2.8968,0,0
0.41821226383359,14743,2.8972,0,0
0.41821229682557,14744,2.8976,0,0
0.41821232968893,14745,2.898,0,0
0.41821236242365,14746,2.8984,0,0
0.41821239502976,14747,2.8988,0,0
0.41821242750723,14748,2.8992,0,0
0.41821245985608,14749,2.8996,0,0
0.41821249207631,14750,2.9,0,0
0.41821252416791,14751,2.9004,0,0
0.41821255613088,14752,2.9008,0,0
0.41821258796523,14753,2.9012,0,0
0.41821261967096,14754,2.9016,0,0
0.41821265124806,14755,2.902,0,0
0.41821268269653,14756,2.9024,0,0
0.41821271401638,14757,2.9028,0,0
0.4182127452076,14758,2.9032,0,0
0.4182127762702,14759,2.9036,0,0
0.41821280720417,14760,2.904,0,0
0.41821283800952,14761,2.9044,0,0
0.41821286868624,14762,2.9048,0,0
0.41821289923433,14763,2.9052,0,0
0.4182129296538,14764,2.9056,0,0
0.41821295994465,14765,2.906,0,0
0.41821299010687,14766,2.9064,0,0
0.41821302014047,14767,2.9068,0,0
0.41821305004544,14768,2.9072,0,0
0.41821307982178,14769,2.9076,0,0
0.4182131094695,14770,2.908,0,0
0.4182131389886,14771,2.9084,0,0
0.41821316837907,14772,2.9088,0,0
0.41821319764091,14773,2.9092,0,0
0.41821322677413,14774,2.9096,0,0
0.41821325577873,14775,2.91,0,0
0.4182132846547,14776,2.9104,0,0
0.41821331340204,14777,2.9108,0,0
0.41821334202076,14778,2.9112,0,0
0.41821337051086,14779,2.9116,0,0
0.41821339887233,14780,2.912,0,0
0.41821342710518,14781,2.9124,0,0
0.4182134552094,14782,2.9128,0,0
0.41821348318499,14783,2.9132,0,0
0.41821351103196,14784,2.9136,0,0
0.41821353875031,14785,2.914,0,0
0.41821356634003,14786,2.9144,0,0
0.41821359380113,14787,2.9148,0,0
0.4182136211336,14788,2.9152,0,0
0.41821364833745,14789,2.9156,0,0
0.41821367541267,14790,2.916,0,0
0.41821370235927,14791,2.9164,0,0
0.41821372917724,14792,2.9168,0,0
0.41821375586659,14793,2.9172,0,0
0.41821378242732,14794,2.9176,0,0
0.41821380885942,14795,2.918,0,0
0.41821383516289,14796,2.9184,0,0
0.41821386133774,14797,2.9188,0,0
0.41821388738397,14798,2.9192,0,0
0.41821391330157,14799,2.9196,0,0
0.41821393909055,14800,2.92,0,0
0.4182139647509,14801,2.9204,0,0
0.41821399028263,14802,2.9208,0,0
0.41821401568573,14803,2.9212,0,0
0.41821404096021,14804,2.9216,0,0
0.41821406610606,14805,2.922,0,0
0.41821409112329,14806,2.9224,0,0
0.4182141160119,14807,2.9228,0,0
0.41821414077188,14808,2.9232,0,0
0.41821416540324,14809,2.9236,0,0
0.41821418990597,14810,2.924,0,0
0.41821421428008,14811,2.9244,0,0
0.41821423852556,14812,2.9248,0,0
0.41821426264242,14813,2.9252,0,0
0.41821428663066,14814,2.9256,0,0
0.41821431049027,14815,2.926,0,0
0.41821433422126,14816,2.9264,0,0
0.41821435782362,14817,2.9268,0,0
0.41821438129736,14818,2.9272,0,0
0.41821440464247,14819,2.9276,0,0
0.41821442785896,14820,2.928,0,0
0.41821445094683,14821,2.9284,0,0
0.41821447390607,14822,2.9288,0,0
0.41821449673669,14823,2.9292,0,0
0.41821451943868,14824,2.9296,0,0
0.41821454201205,14825,2.93,0,0
0.4182145644568,14826,2.9304,0,0
0.41821458677292,14827,2.9308,0,0
0.41821460896041,14828,2.9312,0,0
0.41821463101929,14829,2.9316,0,0
0.41821465294954,14830,2.932,0,0
0.41821467475116,14831,2.9324,0,0
0.41821469642416,14832,2.9328,0,0
0.41821471796854,14833,2.9332,0,0
0.41821473938429,14834,2.9336,0,0
0.41821476067142,14835,2.934,0,0
0.41821478182993,14836,2.9344,0,0
0.41821480285981,14837,2.9348,0,0
0.41821482376107,14838,2.9352,0,0
0.4182148445337,14839,2.9356,0,0
0.41821486517771,14840,2.936,0,0
0.4182148856931,14841,2.9364,0,0
0.41821490607986,14842,2.9368,0,0
0.418214926338,14843,2.9372,0,0
0.41821494646751,14844,2.9376,0,0
0.4182149664684,14845,2.938,0,0
0.41821498634067,14846,2.9384,0,0
0.41821500608431,14847,2.9388,0,0
0.41821502569933,14848,2.9392,0,0
0.41821504518573,14849,2.9396,0,0
0.4182150645435,14850,2.94,0,0
0.41821508377265,14851,2.9404,0,0
0.41821510287317,14852,2.9408,0,0
0.41821512184507,14853,2.9412,0,0
0.41821514068835,14854,2.9416,0,0
0.418215159403,14855,2.942,0,0
0.41821517798903,14856,2.9424,0,0
0.41821519644644,14857,2.9428,0,0
0.41821521477522,14858,2.9432,0,0
0.41821523297538,14859,2.9436,0,0
0.41821525104692,14860,2.944,0,0
0.41821526898983,14861,2.9444,0,0
0.41821528680412,14862,2.9448,0,0
0.41821530448978,14863,2.9452,0,0
0.41821532204682,14864,2.9456,0,0
0.41821533947524,14865,2.946,0,0
0.41821535677503,14866,2.9464,0,0
0.4182153739462,14867,2.9468,0,0
0.41821539098875,14868,2.9472,0,0
0.41821540790267,14869,2.9476,0,0
0.41821542468797,14870,2.948,0,0
0.41821544134465,14871,2.9484,0,0
0.4182154578727,14872,2.9488,0,0
0.41821547427213,14873,2.9492,0,0
0.41821549054294,14874,2.9496,0,0
0.41821550668512,14875,2.95,0,0
0.41821552269868,14876,2.9504,0,0
0.41821553858362,14877,2.9508,0,0
0.41821555433993,14878,2.9512,0,0
0.41821556996762,14879,2.9516,0,0
0.41821558546668,14880,2.952,0,0
0.41821560083712,14881,2.9524,0,0
0.41821561607894,14882,2.9528,0,0
0.41821563119214,14883,2.9532,0,0
0.41821564617671,14884,2.9536,0,0
0.41821566103266,14885,2.954,0,0
0.41821567575998,14886,2.9544,0,0
0.41821569035869,14887,2.9548,0,0
0.41821570482877,14888,2.9552,0,0
0.41821571917022,14889,2.9556,0,0
0.41821573338305,14890,2.956,0,0
0.41821574746726,14891,2.9564,0,0
0.41821576142285,14892,2.9568,0,0
0.41821577524981,14893,2.9572,0,0
0.41821578894815,14894,2.9576,0,0
0.41821580251787,14895,2.958,0,0
0.41821581595896,14896,2.9584,0,0
0.41821582927143,14897,2.9588,0,0
0.41821584245527,14898,2.9592,0,0
0.4182158555105,14899,2.9596,0,0
0.4182158684371,14900,2.96,0,0
0.41821588123507,14901,2.9604,0,0
0.41821589390443,14902,2.9608,0,0
0.41821590644516,14903,2.9612,0,0
0.41821591885727,14904,2.9616,0,0
0.41821593114075,14905,2.962,0,0
0.41821594329561,14906,2.9624,0,0
0.41821595532185,14907,2.9628,0,0
0.41821596721946,14908,2.9632,0,0
0.41821597898846,14909,2.9636,0,0
0.41821599062882,14910,2.964,0,0
0.41821600214057,14911,2.9644,0,0
0.41821601352369,14912,2.9648,0,0
0.41821602477819,14913,2.9652,0,0
0.41821603590407,14914,2.9656,0,0
0.41821604690132,14915,2.966,0,0
0.41821605776995,14916,2.9664,0,0
0.41821606850996,14917,2.9668,0,0
0.41821607912134,14918,2.9672,0,0
0.4182160896041,14919,2.9676,0,0
0.41821609995824,14920,2.968,0,0
0.41821611018376,14921,2.9684,0,0
0.41821612028065,14922,2.9688,0,0
0.41821613024892,14923,2.9692,0,0
0.41821614008856,14924,2.9696,0,0
0.41821614979959,14925,2.97,0,0
0.41821615938199,14926,2.9704,0,0
0.41821616883576,14927,2.9708,0,0
0.41821617816092,14928,2.9712,0,0
0.41821618735745,14929,2.9716,0,0
0.41821619642536,14930,2.972,0,0
0.41821620536464,14931,2.9724,0,0
0.4182162141753,14932,2.9728,0,0
0.41821622285734,14933,2.9732,0,0
0.41821623141076,14934,2.9736,0,0
0.41821623983555,14935,2.974,0,0
0.41821624813172,14936,2.9744,0,0
0.41821625629927,14937,2.9748,0,0
0.4182162643382,14938,2.9752,0,0
0.4182162722485,14939,2.9756,0,0
0.41821628003018,14940,2.976,0,0
0.41821628768323,14941,2.9764,0,0
0.41821629520767,14942,2.9768,0,0
0.41821630260348,14943,2.9772,0,0
0.41821630987066,14944,2.9776,0,0
0.41821631700923,14945,2.978,0,0
0.41821632401917,14946,2.9784,0,0
0.41821633090049,14947,2.9788,0,0
0.41821633765318,14948,2.9792,0,0
0.41821634427726,14949,2.9796,0,0
0.41821635077271,14950,2.98,0,0
0.41821635713953,14951,2.9804,0,0
0.41821636337774,14952,2.9808,0,0
0.41821636948732,14953,2.9812,0,0
0.41821637546828,14954,2.9816,0,0
0.41821638132062,14955,2.982,0,0
0.41821638704433,14956,2.9824,0,0
0.41821639263942,14957,2.9828,0,0
0.41821639810589,14958,2.9832,0,0
0.41821640344373,14959,2.9836,0,0
0.41821640865295,14960,2.984,0,0
0.41821641373355,14961,2.9844,0,0
0.41821641868553,14962,2.9848,0,0
0.41821642350888,14963,2.9852,0,0
0.41821642820361,14964,2.9856,0,0
0.41821643276972,14965,2.986,0,0
0.41821643720721,14966,2.9864,0,0
0.41821644151607,14967,2.9868,0,0
0.41821644569631,14968,2.9872,0,0
0.41821644974792,14969,2.9876,0,0
0.41821645367092,14970,2.988,0,0
0.41821645746529,14971,2.9884,0,0
0.41821646113104,14972,2.9888,0,0
0.41821646466816,14973,2.9892,0,0
0.41821646807667,14974,2.9896,0,0
0.41821647135655,14975,2.99,0,0
0.4182164745078,14976,2.9904,0,0
0.41821647753044,14977,2.9908,0,0
0.41821648042445,14978,2.9912,0,0
0.41821648318984,14979,2.9916,0,0
0.4182164858266,14980,2.992,0,0
0.41821648833475,14981,2.9924,0,0
0.41821649071427,14982,2.9928,0,0
0.41821649296517,14983,2.9932,0,0
0.41821649508744,14984,2.9936,0,0
0.41821649708109,14985,2.994,0,0
0.41821649894612,14986,2.9944,0,0
0.41821650068253,14987,2.9948,0,0
0.41821650229032,14988,2.9952,0,0
0.41821650376948,14989,2.9956,0,0
0.41821650512002,14990,2.996,0,0
0.41821650634193,14991,2.9964,0,0
0.41821650743522,14992,2.9968,0,0
0.4182165083999,14993,2.9972,0,0
0.41821650923594,14994,2.9976,0,0
0.41821650994337,14995,2.998,0,0
0.41821651052217,14996,2.9984,0,0
0.41821651097235,14997,2.9988,0,0
0.41821651129391,14998,2.9992,0,0
0.41821651148684,14999,2.9996,0,0
0.41821651155115,15000,3,0,0
