cm,id,x,y,z
0.20056799015348,5000,0,0,0
0.20422586458496,15027,1.25e-05,0,0
0.20586270838717,15018,2.5e-05,0,0
0.2068837996202,15012,5e-05,0,0
0.20707037923708,15022,7.5e-05,0,0
0.20710447142153,15003,0.0001,0,0
0.20711138870558,15013,0.00015,0,0
0.20711153611539,5001,0.0002,0,0
0.20711153815554,15014,0.00025,0,0
0.20711153707306,15006,0.0003,0,0
0.20711153477211,5002,0.0004,0,0
0.20711153016783,5003,0.0006,0,0
0.20711152556357,5004,0.0008,0,0
0.20711152095934,5005,0.001,0,0
0.20711151635513,5006,0.0012,0,0
0.20711151175095,5007,0.0014,0,0
0.2071115071468,5008,0.0016,0,0
0.20711150254268,5009,0.0018,0,0
0.20711149793858,5010,0.002,0,0
0.20711149333451,5011,0.0022,0,0
0.20711148873046,5012,0.0024,0,0
0.20711148412644,5013,0.0026,0,0
0.20711147952245,5014,0.0028,0,0
0.20711147491848,5015,0.003,0,0
0.20711147031454,5016,0.0032,0,0
0.20711146571063,5017,0.0034,0,0
0.20711146110675,5018,0.0036,0,0
0.20711145650289,5019,0.0038,0,0
0.20711145189905,5020,0.004,0,0
0.20711144729525,5021,0.0042,0,0
0.20711144269147,5022,0.0044,0,0
0.20711143808771,5023,0.0046,0,0
0.20711143348399,5024,0.0048,0,0
0.20711142888029,5025,0.005,0,0
0.20711142427661,5026,0.0052,0,0
0.20711141967296,5027,0.0054,0,0
0.20711141506934,5028,0.0056,0,0
0.20711141046575,5029,0.0058,0,0
0.20711140586218,5030,0.006,0,0
0.20711140125864,5031,0.0062,0,0
0.20711139665512,5032,0.0064,0,0
0.20711139205164,5033,0.0066,0,0
0.20711138744817,5034,0.0068,0,0
0.20711138284474,5035,0.007,0,0
0.20711137824133,5036,0.0072,0,0
0.20711137363795,5037,0.0074,0,0
0.20711136903459,5038,0.0076,0,0
0.20711136443126,5039,0.0078,0,0
0.20711135982796,5040,0.008,0,0
0.20711135522468,5041,0.0082,0,0
0.20711135062143,5042,0.0084,0,0
0.20711134601821,5043,0.0086,0,0
0.20711134141501,5044,0.0088,0,0
0.20711133681184,5045,0.009,0,0
0.2071113322087,5046,0.0092,0,0
0.20711132760558,5047,0.0094,0,0
0.20711132300249,5048,0.0096,0,0
0.20711131839942,5049,0.0098,0,0
0.20711131379638,5050,0.01,0,0
0.20711130919337,5051,0.0102,0,0
0.20711130459038,5052,0.0104,0,0
0.20711129998743,5053,0.0106,0,0
0.20711129538449,5054,0.0108,0,0
0.20711129078159,5055,0.011,0,0
0.20711128617871,5056,0.0112,0,0
0.20711128157585,5057,0.0114,0,0
0.20711127697303,5058,0.0116,0,0
0.20711127237022,5059,0.0118,0,0
0.20711126776745,5060,0.012,0,0
0.2071112631647,5061,0.0122,0,0
0.20711125856198,5062,0.0124,0,0
0.20711125395929,5063,0.0126,0,0
0.20711124935662,5064,0.0128,0,0
0.20711124475398,5065,0.013,0,0
0.20711124015136,5066,0.0132,0,0
0.20711123554877,5067,0.0134,0,0
0.20711123094621,5068,0.0136,0,0
0.20711122634367,5069,0.0138,0,0
0.20711122174116,5070,0.014,0,0
0.20711121713868,5071,0.0142,0,0
0.20711121253622,5072,0.0144,0,0
0.20711120793379,5073,0.0146,0,0
0.20711120333138,5074,0.0148,0,0
0.207111198729,5075,0.015,0,0
0.20711119412665,5076,0.0152,0,0
0.20711118952433,5077,0.0154,0,0
0.20711118492203,5078,0.0156,0,0
0.20711118031975,5079,0.0158,0,0
0.20711117571751,5080,0.016,0,0
0.20711117111529,5081,0.0162,0,0
0.20711116651309,5082,0.0164,0,0
0.20711116191092,5083,0.0166,0,0
0.20711115730878,5084,0.0168,0,0
0.20711115270667,5085,0.017,0,0
0.20711114810458,5086,0.0172,0,0
0.20711114350252,5087,0.0174,0,0
0.20711113890048,5088,0.0176,0,0
0.20711113429847,5089,0.0178,0,0
0.20711112969649,5090,0.018,0,0
0.20711112509453,5091,0.0182,0,0
0.2071111204926,5092,0.0184,0,0
0.20711111589069,5093,0.0186,0,0
0.20711111128882,5094,0.0188,0,0
0.20711110668696,5095,0.019,0,0
0.20711110208514,5096,0.0192,0,0
0.20711109748334,5097,0.0194,0,0
0.20711109288157,5098,0.0196,0,0
0.20711108827982,5099,0.0198,0,0
0.2071110836781,5100,0.02,0,0
0.2071110790764,5101,0.0202,0,0
0.20711107447474,5102,0.0204,0,0
0.20711106987309,5103,0.0206,0,0
0.20711106527148,5104,0.0208,0,0
0.20711106066989,5105,0.021,0,0
0.20711105606833,5106,0.0212,0,0
0.20711105146679,5107,0.0214,0,0
0.20711104686528,5108,0.0216,0,0
0.20711104226379,5109,0.0218,0,0
0.20711103766234,5110,0.022,0,0
0.20711103306091,5111,0.0222,0,0
0.2071110284595,5112,0.0224,0,0
0.20711102385812,5113,0.0226,0,0
0.20711101925677,5114,0.0228,0,0
0.20711101465544,5115,0.023,0,0
0.20711101005414,5116,0.0232,0,0
0.20711100545287,5117,0.0234,0,0
0.20711100085162,5118,0.0236,0,0
0.2071109962504,5119,0.0238,0,0
0.2071109916492,5120,0.024,0,0
0.20711098704803,5121,0.0242,0,0
0.20711098244689,5122,0.0244,0,0
0.20711097784577,5123,0.0246,0,0
0.20711097324468,5124,0.0248,0,0
0.20711096864361,5125,0.025,0,0
0.20711096404258,5126,0.0252,0,0
0.20711095944156,5127,0.0254,0,0
0.20711095484058,5128,0.0256,0,0
0.20711095023962,5129,0.0258,0,0
0.20711094563868,5130,0.026,0,0
0.20711094103778,5131,0.0262,0,0
0.2071109364369,5132,0.0264,0,0
0.20711093183604,5133,0.0266,0,0
0.20711092723521,5134,0.0268,0,0
0.20711092263441,5135,0.027,0,0
0.20711091803363,5136,0.0272,0,0
0.20711091343288,5137,0.0274,0,0
0.20711090883216,5138,0.0276,0,0
0.20711090423146,5139,0.0278,0,0
0.20711089963079,5140,0.028,0,0
0.20711089503014,5141,0.0282,0,0
0.20711089042952,5142,0.0284,0,0
0.20711088582893,5143,0.0286,0,0
0.20711088122836,5144,0.0288,0,0
0.20711087662782,5145,0.029,0,0
0.2071108720273,5146,0.0292,0,0
0.20711086742681,5147,0.0294,0,0
0.20711086282635,5148,0.0296,0,0
0.20711085822591,5149,0.0298,0,0
0.2071108536255,5150,0.03,0,0
0.20711084902512,5151,0.0302,0,0
0.20711084442476,5152,0.0304,0,0
0.20711083982442,5153,0.0306,0,0
0.20711083522412,5154,0.0308,0,0
0.20711083062384,5155,0.031,0,0
0.20711082602358,5156,0.0312,0,0
0.20711082142336,5157,0.0314,0,0
0.20711081682315,5158,0.0316,0,0
0.20711081222298,5159,0.0318,0,0
0.20711080762283,5160,0.032,0,0
0.2071108030227,5161,0.0322,0,0
0.2071107984226,5162,0.0324,0,0
0.20711079382253,5163,0.0326,0,0
0.20711078922249,5164,0.0328,0,0
0.20711078462247,5165,0.033,0,0
0.20711078002247,5166,0.0332,0,0
0.20711077542251,5167,0.0334,0,0
0.20711077082256,5168,0.0336,0,0
0.20711076622265,5169,0.0338,0,0
0.20711076162276,5170,0.034,0,0
0.2071107570229,5171,0.0342,0,0
0.20711075242306,5172,0.0344,0,0
0.20711074782325,5173,0.0346,0,0
0.20711074322346,5174,0.0348,0,0
0.2071107386237,5175,0.035,0,0
0.20711073402397,5176,0.0352,0,0
0.20711072942426,5177,0.0354,0,0
0.20711072482458,5178,0.0356,0,0
0.20711072022492,5179,0.0358,0,0
0.20711071562529,5180,0.036,0,0
0.20711071102569,5181,0.0362,0,0
0.20711070642611,5182,0.0364,0,0
0.20711070182656,5183,0.0366,0,0
0.20711069722704,5184,0.0368,0,0
0.20711069262754,5185,0.037,0,0
0.20711068802806,5186,0.0372,0,0
0.20711068342862,5187,0.0374,0,0
0.20711067882919,5188,0.0376,0,0
0.2071106742298,5189,0.0378,0,0
0.20711066963043,5190,0.038,0,0
0.20711066503108,5191,0.0382,0,0
0.20711066043177,5192,0.0384,0,0
0.20711065583247,5193,0.0386,0,0
0.20711065123321,5194,0.0388,0,0
0.20711064663397,5195,0.039,0,0
0.20711064203475,5196,0.0392,0,0
0.20711063743557,5197,0.0394,0,0
0.2071106328364,5198,0.0396,0,0
0.20711062823727,5199,0.0398,0,0
0.20711062363816,5200,0.04,0,0
0.20711061903907,5201,0.0402,0,0
0.20711061444002,5202,0.0404,0,0
0.20711060984098,5203,0.0406,0,0
0.20711060524198,5204,0.0408,0,0
0.207110600643,5205,0.041,0,0
0.20711059604404,5206,0.0412,0,0
0.20711059144511,5207,0.0414,0,0
0.20711058684621,5208,0.0416,0,0
0.20711058224733,5209,0.0418,0,0
0.20711057764848,5210,0.042,0,0
0.20711057304965,5211,0.0422,0,0
0.20711056845085,5212,0.0424,0,0
0.20711056385208,5213,0.0426,0,0
0.20711055925333,5214,0.0428,0,0
0.20711055465461,5215,0.043,0,0
0.20711055005591,5216,0.0432,0,0
0.20711054545724,5217,0.0434,0,0
0.2071105408586,5218,0.0436,0,0
0.20711053625998,5219,0.0438,0,0
0.20711053166139,5220,0.044,0,0
0.20711052706282,5221,0.0442,0,0
0.20711052246428,5222,0.0444,0,0
0.20711051786577,5223,0.0446,0,0
0.20711051326728,5224,0.0448,0,0
0.20711050866881,5225,0.045,0,0
0.20711050407037,5226,0.0452,0,0
0.20711049947196,5227,0.0454,0,0
0.20711049487358,5228,0.0456,0,0
0.20711049027522,5229,0.0458,0,0
0.20711048567688,5230,0.046,0,0
0.20711048107857,5231,0.0462,0,0
0.20711047648029,5232,0.0464,0,0
0.20711047188203,5233,0.0466,0,0
0.2071104672838,5234,0.0468,0,0
0.2071104626856,5235,0.047,0,0
0.20711045808742,5236,0.0472,0,0
0.20711045348926,5237,0.0474,0,0
0.20711044889113,5238,0.0476,0,0
0.20711044429303,5239,0.0478,0,0
0.20711043969496,5240,0.048,0,0
0.2071104350969,5241,0.0482,0,0
0.20711043049888,5242,0.0484,0,0
0.20711042590088,5243,0.0486,0,0
0.20711042130291,5244,0.0488,0,0
0.20711041670496,5245,0.049,0,0
0.20711041210704,5246,0.0492,0,0
0.20711040750914,5247,0.0494,0,0
0.20711040291127,5248,0.0496,0,0
0.20711039831342,5249,0.0498,0,0
0.2071103937156,5250,0.05,0,0
0.20711038911781,5251,0.0502,0,0
0.20711038452004,5252,0.0504,0,0
0.2071103799223,5253,0.0506,0,0
0.20711037532458,5254,0.0508,0,0
0.20711037072689,5255,0.051,0,0
0.20711036612923,5256,0.0512,0,0
0.20711036153159,5257,0.0514,0,0
0.20711035693398,5258,0.0516,0,0
0.20711035233639,5259,0.0518,0,0
0.20711034773882,5260,0.052,0,0
0.20711034314129,5261,0.0522,0,0
0.20711033854378,5262,0.0524,0,0
0.20711033394629,5263,0.0526,0,0
0.20711032934883,5264,0.0528,0,0
0.2071103247514,5265,0.053,0,0
0.20711032015399,5266,0.0532,0,0
0.20711031555661,5267,0.0534,0,0
0.20711031095925,5268,0.0536,0,0
0.20711030636192,5269,0.0538,0,0
0.20711030176461,5270,0.054,0,0
0.20711029716733,5271,0.0542,0,0
0.20711029257008,5272,0.0544,0,0
0.20711028797285,5273,0.0546,0,0
0.20711028337565,5274,0.0548,0,0
0.20711027877847,5275,0.055,0,0
0.20711027418132,5276,0.0552,0,0
0.20711026958419,5277,0.0554,0,0
0.20711026498709,5278,0.0556,0,0
0.20711026039002,5279,0.0558,0,0
0.20711025579297,5280,0.056,0,0
0.20711025119594,5281,0.0562,0,0
0.20711024659894,5282,0.0564,0,0
0.20711024200197,5283,0.0566,0,0
0.20711023740502,5284,0.0568,0,0
0.2071102328081,5285,0.057,0,0
0.20711022821121,5286,0.0572,0,0
0.20711022361434,5287,0.0574,0,0
0.20711021901749,5288,0.0576,0,0
0.20711021442067,5289,0.0578,0,0
0.20711020982388,5290,0.058,0,0
0.20711020522711,5291,0.0582,0,0
0.20711020063037,5292,0.0584,0,0
0.20711019603365,5293,0.0586,0,0
0.20711019143696,5294,0.0588,0,0
0.20711018684029,5295,0.059,0,0
0.20711018224365,5296,0.0592,0,0
0.20711017764704,5297,0.0594,0,0
0.20711017305045,5298,0.0596,0,0
0.20711016845388,5299,0.0598,0,0
0.20711016385734,5300,0.06,0,0
0.20711015926083,5301,0.0602,0,0
0.20711015466434,5302,0.0604,0,0
0.20711015006788,5303,0.0606,0,0
0.20711014547144,5304,0.0608,0,0
0.20711014087503,5305,0.061,0,0
0.20711013627865,5306,0.0612,0,0
0.20711013168229,5307,0.0614,0,0
0.20711012708595,5308,0.0616,0,0
0.20711012248964,5309,0.0618,0,0
0.20711011789336,5310,0.062,0,0
0.2071101132971,5311,0.0622,0,0
0.20711010870087,5312,0.0624,0,0
0.20711010410466,5313,0.0626,0,0
0.20711009950848,5314,0.0628,0,0
0.20711009491233,5315,0.063,0,0
0.20711009031619,5316,0.0632,0,0
0.20711008572009,5317,0.0634,0,0
0.20711008112401,5318,0.0636,0,0
0.20711007652795,5319,0.0638,0,0
0.20711007193193,5320,0.064,0,0
0.20711006733592,5321,0.0642,0,0
0.20711006273994,5322,0.0644,0,0
0.20711005814399,5323,0.0646,0,0
0.20711005354806,5324,0.0648,0,0
0.20711004895216,5325,0.065,0,0
0.20711004435628,5326,0.0652,0,0
0.20711003976043,5327,0.0654,0,0
0.20711003516461,5328,0.0656,0,0
0.20711003056881,5329,0.0658,0,0
0.20711002597303,5330,0.066,0,0
0.20711002137728,5331,0.0662,0,0
0.20711001678156,5332,0.0664,0,0
0.20711001218586,5333,0.0666,0,0
0.20711000759018,5334,0.0668,0,0
0.20711000299454,5335,0.067,0,0
0.20710999839891,5336,0.0672,0,0
0.20710999380332,5337,0.0674,0,0
0.20710998920774,5338,0.0676,0,0
0.2071099846122,5339,0.0678,0,0
0.20710998001667,5340,0.068,0,0
0.20710997542118,5341,0.0682,0,0
0.20710997082571,5342,0.0684,0,0
0.20710996623026,5343,0.0686,0,0
0.20710996163484,5344,0.0688,0,0
0.20710995703945,5345,0.069,0,0
0.20710995244408,5346,0.0692,0,0
0.20710994784873,5347,0.0694,0,0
0.20710994325341,5348,0.0696,0,0
0.20710993865812,5349,0.0698,0,0
0.20710993406285,5350,0.07,0,0
0.20710992946761,5351,0.0702,0,0
0.20710992487239,5352,0.0704,0,0
0.2071099202772,5353,0.0706,0,0
0.20710991568203,5354,0.0708,0,0
0.20710991108689,5355,0.071,0,0
0.20710990649177,5356,0.0712,0,0
0.20710990189668,5357,0.0714,0,0
0.20710989730161,5358,0.0716,0,0
0.20710989270657,5359,0.0718,0,0
0.20710988811156,5360,0.072,0,0
0.20710988351657,5361,0.0722,0,0
0.2071098789216,5362,0.0724,0,0
0.20710987432666,5363,0.0726,0,0
0.20710986973175,5364,0.0728,0,0
0.20710986513686,5365,0.073,0,0
0.20710986054199,5366,0.0732,0,0
0.20710985594715,5367,0.0734,0,0
0.20710985135234,5368,0.0736,0,0
0.20710984675755,5369,0.0738,0,0
0.20710984216279,5370,0.074,0,0
0.20710983756805,5371,0.0742,0,0
0.20710983297333,5372,0.0744,0,0
0.20710982837865,5373,0.0746,0,0
0.20710982378398,5374,0.0748,0,0
0.20710981918935,5375,0.075,0,0
0.20710981459473,5376,0.0752,0,0
0.20710981000015,5377,0.0754,0,0
0.20710980540558,5378,0.0756,0,0
0.20710980081105,5379,0.0758,0,0
0.20710979621653,5380,0.076,0,0
0.20710979162205,5381,0.0762,0,0
0.20710978702759,5382,0.0764,0,0
0.20710978243315,5383,0.0766,0,0
0.20710977783874,5384,0.0768,0,0
0.20710977324435,5385,0.077,0,0
0.20710976864999,5386,0.0772,0,0
0.20710976405566,5387,0.0774,0,0
0.20710975946134,5388,0.0776,0,0
0.20710975486706,5389,0.0778,0,0
0.2071097502728,5390,0.078,0,0
0.20710974567856,5391,0.0782,0,0
0.20710974108435,5392,0.0784,0,0
0.20710973649017,5393,0.0786,0,0
0.20710973189601,5394,0.0788,0,0
0.20710972730187,5395,0.079,0,0
0.20710972270776,5396,0.0792,0,0
0.20710971811368,5397,0.0794,0,0
0.20710971351962,5398,0.0796,0,0
0.20710970892558,5399,0.0798,0,0
0.20710970433157,5400,0.08,0,0
0.20710969973759,5401,0.0802,0,0
0.20710969514363,5402,0.0804,0,0
0.20710969054969,5403,0.0806,0,0
0.20710968595578,5404,0.0808,0,0
0.2071096813619,5405,0.081,0,0
0.20710967676804,5406,0.0812,0,0
0.2071096721742,5407,0.0814,0,0
0.20710966758039,5408,0.0816,0,0
0.20710966298661,5409,0.0818,0,0
0.20710965839285,5410,0.082,0,0
0.20710965379911,5411,0.0822,0,0
0.20710964920541,5412,0.0824,0,0
0.20710964461172,5413,0.0826,0,0
0.20710964001806,5414,0.0828,0,0
0.20710963542443,5415,0.083,0,0
0.20710963083082,5416,0.0832,0,0
0.20710962623723,5417,0.0834,0,0
0.20710962164367,5418,0.0836,0,0
0.20710961705014,5419,0.0838,0,0
0.20710961245663,5420,0.084,0,0
0.20710960786314,5421,0.0842,0,0
0.20710960326968,5422,0.0844,0,0
0.20710959867625,5423,0.0846,0,0
0.20710959408284,5424,0.0848,0,0
0.20710958948945,5425,0.085,0,0
0.20710958489609,5426,0.0852,0,0
0.20710958030276,5427,0.0854,0,0
0.20710957570945,5428,0.0856,0,0
0.20710957111616,5429,0.0858,0,0
0.2071095665229,5430,0.086,0,0
0.20710956192967,5431,0.0862,0,0
0.20710955733646,5432,0.0864,0,0
0.20710955274327,5433,0.0866,0,0
0.20710954815011,5434,0.0868,0,0
0.20710954355697,5435,0.087,0,0
0.20710953896386,5436,0.0872,0,0
0.20710953437078,5437,0.0874,0,0
0.20710952977771,5438,0.0876,0,0
0.20710952518468,5439,0.0878,0,0
0.20710952059167,5440,0.088,0,0
0.20710951599868,5441,0.0882,0,0
0.20710951140572,5442,0.0884,0,0
0.20710950681278,5443,0.0886,0,0
0.20710950221987,5444,0.0888,0,0
0.20710949762698,5445,0.089,0,0
0.20710949303412,5446,0.0892,0,0
0.20710948844128,5447,0.0894,0,0
0.20710948384847,5448,0.0896,0,0
0.20710947925568,5449,0.0898,0,0
0.20710947466292,5450,0.09,0,0
0.20710947007018,5451,0.0902,0,0
0.20710946547746,5452,0.0904,0,0
0.20710946088478,5453,0.0906,0,0
0.20710945629211,5454,0.0908,0,0
0.20710945169947,5455,0.091,0,0
0.20710944710686,5456,0.0912,0,0
0.20710944251427,5457,0.0914,0,0
0.2071094379217,5458,0.0916,0,0
0.20710943332916,5459,0.0918,0,0
0.20710942873665,5460,0.092,0,0
0.20710942414416,5461,0.0922,0,0
0.20710941955169,5462,0.0924,0,0
0.20710941495925,5463,0.0926,0,0
0.20710941036683,5464,0.0928,0,0
0.20710940577444,5465,0.093,0,0
0.20710940118207,5466,0.0932,0,0
0.20710939658973,5467,0.0934,0,0
0.20710939199741,5468,0.0936,0,0
0.20710938740512,5469,0.0938,0,0
0.20710938281285,5470,0.094,0,0
0.20710937822061,5471,0.0942,0,0
0.20710937362839,5472,0.0944,0,0
0.2071093690362,5473,0.0946,0,0
0.20710936444403,5474,0.0948,0,0
0.20710935985188,5475,0.095,0,0
0.20710935525976,5476,0.0952,0,0
0.20710935066767,5477,0.0954,0,0
0.2071093460756,5478,0.0956,0,0
0.20710934148355,5479,0.0958,0,0
0.20710933689153,5480,0.096,0,0
0.20710933229953,5481,0.0962,0,0
0.20710932770756,5482,0.0964,0,0
0.20710932311561,5483,0.0966,0,0
0.20710931852369,5484,0.0968,0,0
0.20710931393179,5485,0.097,0,0
0.20710930933992,5486,0.0972,0,0
0.20710930474807,5487,0.0974,0,0
0.20710930015625,5488,0.0976,0,0
0.20710929556445,5489,0.0978,0,0
0.20710929097267,5490,0.098,0,0
0.20710928638092,5491,0.0982,0,0
0.2071092817892,5492,0.0984,0,0
0.20710927719749,5493,0.0986,0,0
0.20710927260582,5494,0.0988,0,0
0.20710926801417,5495,0.099,0,0
0.20710926342254,5496,0.0992,0,0
0.20710925883094,5497,0.0994,0,0
0.20710925423936,5498,0.0996,0,0
0.2071092496478,5499,0.0998,0,0
0.20710924505627,5500,0.1,0,0
0.20710924046477,5501,0.1002,0,0
0.20710923587329,5502,0.1004,0,0
0.20710923128183,5503,0.1006,0,0
0.2071092266904,5504,0.1008,0,0
0.207109222099,5505,0.101,0,0
0.20710921750761,5506,0.1012,0,0
0.20710921291626,5507,0.1014,0,0
0.20710920832492,5508,0.1016,0,0
0.20710920373361,5509,0.1018,0,0
0.20710919914233,5510,0.102,0,0
0.20710919455107,5511,0.1022,0,0
0.20710918995984,5512,0.1024,0,0
0.20710918536862,5513,0.1026,0,0
0.20710918077744,5514,0.1028,0,0
0.20710917618628,5515,0.103,0,0
0.20710917159514,5516,0.1032,0,0
0.20710916700403,5517,0.1034,0,0
0.20710916241294,5518,0.1036,0,0
0.20710915782188,5519,0.1038,0,0
0.20710915323084,5520,0.104,0,0
0.20710914863982,5521,0.1042,0,0
0.20710914404883,5522,0.1044,0,0
0.20710913945786,5523,0.1046,0,0
0.20710913486692,5524,0.1048,0,0
0.20710913027601,5525,0.105,0,0
0.20710912568511,5526,0.1052,0,0
0.20710912109424,5527,0.1054,0,0
0.2071091165034,5528,0.1056,0,0
0.20710911191258,5529,0.1058,0,0
0.20710910732179,5530,0.106,0,0
0.20710910273101,5531,0.1062,0,0
0.20710909814027,5532,0.1064,0,0
0.20710909354955,5533,0.1066,0,0
0.20710908895885,5534,0.1068,0,0
0.20710908436818,5535,0.107,0,0
0.20710907977753,5536,0.1072,0,0
0.2071090751869,5537,0.1074,0,0
0.2071090705963,5538,0.1076,0,0
0.20710906600573,5539,0.1078,0,0
0.20710906141517,5540,0.108,0,0
0.20710905682465,5541,0.1082,0,0
0.20710905223414,5542,0.1084,0,0
0.20710904764367,5543,0.1086,0,0
0.20710904305321,5544,0.1088,0,0
0.20710903846278,5545,0.109,0,0
0.20710903387238,5546,0.1092,0,0
0.20710902928199,5547,0.1094,0,0
0.20710902469164,5548,0.1096,0,0
0.2071090201013,5549,0.1098,0,0
0.207109015511,5550,0.11,0,0
0.20710901092071,5551,0.1102,0,0
0.20710900633045,5552,0.1104,0,0
0.20710900174022,5553,0.1106,0,0
0.20710899715,5554,0.1108,0,0
0.20710899255982,5555,0.111,0,0
0.20710898796965,5556,0.1112,0,0
0.20710898337952,5557,0.1114,0,0
0.2071089787894,5558,0.1116,0,0
0.20710897419931,5559,0.1118,0,0
0.20710896960925,5560,0.112,0,0
0.2071089650192,5561,0.1122,0,0
0.20710896042919,5562,0.1124,0,0
0.20710895583919,5563,0.1126,0,0
0.20710895124922,5564,0.1128,0,0
0.20710894665928,5565,0.113,0,0
0.20710894206936,5566,0.1132,0,0
0.20710893747946,5567,0.1134,0,0
0.20710893288959,5568,0.1136,0,0
0.20710892829974,5569,0.1138,0,0
0.20710892370992,5570,0.114,0,0
0.20710891912012,5571,0.1142,0,0
0.20710891453034,5572,0.1144,0,0
0.20710890994059,5573,0.1146,0,0
0.20710890535086,5574,0.1148,0,0
0.20710890076116,5575,0.115,0,0
0.20710889617148,5576,0.1152,0,0
0.20710889158183,5577,0.1154,0,0
0.20710888699219,5578,0.1156,0,0
0.20710888240259,5579,0.1158,0,0
0.20710887781301,5580,0.116,0,0
0.20710887322345,5581,0.1162,0,0
0.20710886863391,5582,0.1164,0,0
0.2071088640444,5583,0.1166,0,0
0.20710885945492,5584,0.1168,0,0
0.20710885486545,5585,0.117,0,0
0.20710885027602,5586,0.1172,0,0
0.2071088456866,5587,0.1174,0,0
0.20710884109721,5588,0.1176,0,0
0.20710883650785,5589,0.1178,0,0
0.2071088319185,5590,0.118,0,0
0.20710882732919,5591,0.1182,0,0
0.20710882273989,5592,0.1184,0,0
0.20710881815062,5593,0.1186,0,0
0.20710881356138,5594,0.1188,0,0
0.20710880897216,5595,0.119,0,0
0.20710880438296,5596,0.1192,0,0
0.20710879979379,5597,0.1194,0,0
0.20710879520464,5598,0.1196,0,0
0.20710879061551,5599,0.1198,0,0
0.20710878602641,5600,0.12,0,0
0.20710878143733,5601,0.1202,0,0
0.20710877684828,5602,0.1204,0,0
0.20710877225925,5603,0.1206,0,0
0.20710876767024,5604,0.1208,0,0
0.20710876308126,5605,0.121,0,0
0.2071087584923,5606,0.1212,0,0
0.20710875390337,5607,0.1214,0,0
0.20710874931446,5608,0.1216,0,0
0.20710874472557,5609,0.1218,0,0
0.20710874013671,5610,0.122,0,0
0.20710873554788,5611,0.1222,0,0
0.20710873095906,5612,0.1224,0,0
0.20710872637027,5613,0.1226,0,0
0.20710872178151,5614,0.1228,0,0
0.20710871719276,5615,0.123,0,0
0.20710871260404,5616,0.1232,0,0
0.20710870801535,5617,0.1234,0,0
0.20710870342668,5618,0.1236,0,0
0.20710869883803,5619,0.1238,0,0
0.20710869424941,5620,0.124,0,0
0.20710868966081,5621,0.1242,0,0
0.20710868507224,5622,0.1244,0,0
0.20710868048369,5623,0.1246,0,0
0.20710867589516,5624,0.1248,0,0
0.20710867130666,5625,0.125,0,0
0.20710866671818,5626,0.1252,0,0
0.20710866212972,5627,0.1254,0,0
0.20710865754129,5628,0.1256,0,0
0.20710865295288,5629,0.1258,0,0
0.2071086483645,5630,0.126,0,0
0.20710864377614,5631,0.1262,0,0
0.2071086391878,5632,0.1264,0,0
0.20710863459949,5633,0.1266,0,0
0.2071086300112,5634,0.1268,0,0
0.20710862542293,5635,0.127,0,0
0.20710862083469,5636,0.1272,0,0
0.20710861624647,5637,0.1274,0,0
0.20710861165828,5638,0.1276,0,0
0.20710860707011,5639,0.1278,0,0
0.20710860248197,5640,0.128,0,0
0.20710859789384,5641,0.1282,0,0
0.20710859330574,5642,0.1284,0,0
0.20710858871767,5643,0.1286,0,0
0.20710858412962,5644,0.1288,0,0
0.20710857954159,5645,0.129,0,0
0.20710857495359,5646,0.1292,0,0
0.20710857036561,5647,0.1294,0,0
0.20710856577765,5648,0.1296,0,0
0.20710856118972,5649,0.1298,0,0
0.20710855660181,5650,0.13,0,0
0.20710855201392,5651,0.1302,0,0
0.20710854742606,5652,0.1304,0,0
0.20710854283823,5653,0.1306,0,0
0.20710853825041,5654,0.1308,0,0
0.20710853366262,5655,0.131,0,0
0.20710852907485,5656,0.1312,0,0
0.20710852448711,5657,0.1314,0,0
0.20710851989939,5658,0.1316,0,0
0.2071085153117,5659,0.1318,0,0
0.20710851072402,5660,0.132,0,0
0.20710850613638,5661,0.1322,0,0
0.20710850154875,5662,0.1324,0,0
0.20710849696115,5663,0.1326,0,0
0.20710849237357,5664,0.1328,0,0
0.20710848778602,5665,0.133,0,0
0.20710848319849,5666,0.1332,0,0
0.20710847861098,5667,0.1334,0,0
0.2071084740235,5668,0.1336,0,0
0.20710846943604,5669,0.1338,0,0
0.2071084648486,5670,0.134,0,0
0.20710846026119,5671,0.1342,0,0
0.2071084556738,5672,0.1344,0,0
0.20710845108644,5673,0.1346,0,0
0.2071084464991,5674,0.1348,0,0
0.20710844191178,5675,0.135,0,0
0.20710843732448,5676,0.1352,0,0
0.20710843273721,5677,0.1354,0,0
0.20710842814996,5678,0.1356,0,0
0.20710842356274,5679,0.1358,0,0
0.20710841897554,5680,0.136,0,0
0.20710841438836,5681,0.1362,0,0
0.20710840980121,5682,0.1364,0,0
0.20710840521408,5683,0.1366,0,0
0.20710840062697,5684,0.1368,0,0
0.20710839603989,5685,0.137,0,0
0.20710839145283,5686,0.1372,0,0
0.2071083868658,5687,0.1374,0,0
0.20710838227878,5688,0.1376,0,0
0.2071083776918,5689,0.1378,0,0
0.20710837310483,5690,0.138,0,0
0.20710836851789,5691,0.1382,0,0
0.20710836393097,5692,0.1384,0,0
0.20710835934407,5693,0.1386,0,0
0.2071083547572,5694,0.1388,0,0
0.20710835017036,5695,0.139,0,0
0.20710834558353,5696,0.1392,0,0
0.20710834099673,5697,0.1394,0,0
0.20710833640995,5698,0.1396,0,0
0.2071083318232,5699,0.1398,0,0
0.20710832723647,5700,0.14,0,0
0.20710832264976,5701,0.1402,0,0
0.20710831806307,5702,0.1404,0,0
0.20710831347641,5703,0.1406,0,0
0.20710830888978,5704,0.1408,0,0
0.20710830430316,5705,0.141,0,0
0.20710829971657,5706,0.1412,0,0
0.20710829513,5707,0.1414,0,0
0.20710829054346,5708,0.1416,0,0
0.20710828595694,5709,0.1418,0,0
0.20710828137044,5710,0.142,0,0
0.20710827678397,5711,0.1422,0,0
0.20710827219752,5712,0.1424,0,0
0.20710826761109,5713,0.1426,0,0
0.20710826302469,5714,0.1428,0,0
0.2071082584383,5715,0.143,0,0
0.20710825385195,5716,0.1432,0,0
0.20710824926561,5717,0.1434,0,0
0.2071082446793,5718,0.1436,0,0
0.20710824009302,5719,0.1438,0,0
0.20710823550675,5720,0.144,0,0
0.20710823092051,5721,0.1442,0,0
0.20710822633429,5722,0.1444,0,0
0.2071082217481,5723,0.1446,0,0
0.20710821716193,5724,0.1448,0,0
0.20710821257578,5725,0.145,0,0
0.20710820798965,5726,0.1452,0,0
0.20710820340355,5727,0.1454,0,0
0.20710819881747,5728,0.1456,0,0
0.20710819423142,5729,0.1458,0,0
0.20710818964539,5730,0.146,0,0
0.20710818505938,5731,0.1462,0,0
0.20710818047339,5732,0.1464,0,0
0.20710817588743,5733,0.1466,0,0
0.20710817130149,5734,0.1468,0,0
0.20710816671558,5735,0.147,0,0
0.20710816212968,5736,0.1472,0,0
0.20710815754381,5737,0.1474,0,0
0.20710815295797,5738,0.1476,0,0
0.20710814837215,5739,0.1478,0,0
0.20710814378635,5740,0.148,0,0
0.20710813920057,5741,0.1482,0,0
0.20710813461481,5742,0.1484,0,0
0.20710813002908,5743,0.1486,0,0
0.20710812544338,5744,0.1488,0,0
0.20710812085769,5745,0.149,0,0
0.20710811627203,5746,0.1492,0,0
0.20710811168639,5747,0.1494,0,0
0.20710810710078,5748,0.1496,0,0
0.20710810251519,5749,0.1498,0,0
0.20710809792962,5750,0.15,0,0
0.20710809334407,5751,0.1502,0,0
0.20710808875855,5752,0.1504,0,0
0.20710808417305,5753,0.1506,0,0
0.20710807958757,5754,0.1508,0,0
0.20710807500212,5755,0.151,0,0
0.20710807041669,5756,0.1512,0,0
0.20710806583128,5757,0.1514,0,0
0.2071080612459,5758,0.1516,0,0
0.20710805666054,5759,0.1518,0,0
0.2071080520752,5760,0.152,0,0
0.20710804748988,5761,0.1522,0,0
0.20710804290459,5762,0.1524,0,0
0.20710803831932,5763,0.1526,0,0
0.20710803373408,5764,0.1528,0,0
0.20710802914885,5765,0.153,0,0
0.20710802456365,5766,0.1532,0,0
0.20710801997848,5767,0.1534,0,0
0.20710801539332,5768,0.1536,0,0
0.20710801080819,5769,0.1538,0,0
0.20710800622308,5770,0.154,0,0
0.207108001638,5771,0.1542,0,0
0.20710799705293,5772,0.1544,0,0
0.20710799246789,5773,0.1546,0,0
0.20710798788288,5774,0.1548,0,0
0.20710798329788,5775,0.155,0,0
0.20710797871291,5776,0.1552,0,0
0.20710797412797,5777,0.1554,0,0
0.20710796954304,5778,0.1556,0,0
0.20710796495814,5779,0.1558,0,0
0.20710796037326,5780,0.156,0,0
0.2071079557884,5781,0.1562,0,0
0.20710795120357,5782,0.1564,0,0
0.20710794661876,5783,0.1566,0,0
0.20710794203397,5784,0.1568,0,0
0.20710793744921,5785,0.157,0,0
0.20710793286447,5786,0.1572,0,0
0.20710792827975,5787,0.1574,0,0
0.20710792369505,5788,0.1576,0,0
0.20710791911038,5789,0.1578,0,0
0.20710791452573,5790,0.158,0,0
0.2071079099411,5791,0.1582,0,0
0.2071079053565,5792,0.1584,0,0
0.20710790077191,5793,0.1586,0,0
0.20710789618735,5794,0.1588,0,0
0.20710789160282,5795,0.159,0,0
0.2071078870183,5796,0.1592,0,0
0.20710788243381,5797,0.1594,0,0
0.20710787784935,5798,0.1596,0,0
0.2071078732649,5799,0.1598,0,0
0.20710786868048,5800,0.16,0,0
0.20710786409608,5801,0.1602,0,0
0.2071078595117,5802,0.1604,0,0
0.20710785492735,5803,0.1606,0,0
0.20710785034302,5804,0.1608,0,0
0.20710784575871,5805,0.161,0,0
0.20710784117442,5806,0.1612,0,0
0.20710783659016,5807,0.1614,0,0
0.20710783200592,5808,0.1616,0,0
0.2071078274217,5809,0.1618,0,0
0.2071078228375,5810,0.162,0,0
0.20710781825333,5811,0.1622,0,0
0.20710781366918,5812,0.1624,0,0
0.20710780908505,5813,0.1626,0,0
0.20710780450095,5814,0.1628,0,0
0.20710779991687,5815,0.163,0,0
0.20710779533281,5816,0.1632,0,0
0.20710779074877,5817,0.1634,0,0
0.20710778616476,5818,0.1636,0,0
0.20710778158077,5819,0.1638,0,0
0.2071077769968,5820,0.164,0,0
0.20710777241285,5821,0.1642,0,0
0.20710776782893,5822,0.1644,0,0
0.20710776324503,5823,0.1646,0,0
0.20710775866115,5824,0.1648,0,0
0.20710775407729,5825,0.165,0,0
0.20710774949346,5826,0.1652,0,0
0.20710774490965,5827,0.1654,0,0
0.20710774032586,5828,0.1656,0,0
0.2071077357421,5829,0.1658,0,0
0.20710773115836,5830,0.166,0,0
0.20710772657464,5831,0.1662,0,0
0.20710772199094,5832,0.1664,0,0
0.20710771740726,5833,0.1666,0,0
0.20710771282361,5834,0.1668,0,0
0.20710770823998,5835,0.167,0,0
0.20710770365637,5836,0.1672,0,0
0.20710769907279,5837,0.1674,0,0
0.20710769448923,5838,0.1676,0,0
0.20710768990569,5839,0.1678,0,0
0.20710768532217,5840,0.168,0,0
0.20710768073867,5841,0.1682,0,0
0.2071076761552,5842,0.1684,0,0
0.20710767157175,5843,0.1686,0,0
0.20710766698832,5844,0.1688,0,0
0.20710766240492,5845,0.169,0,0
0.20710765782154,5846,0.1692,0,0
0.20710765323818,5847,0.1694,0,0
0.20710764865484,5848,0.1696,0,0
0.20710764407152,5849,0.1698,0,0
0.20710763948823,5850,0.17,0,0
0.20710763490496,5851,0.1702,0,0
0.20710763032171,5852,0.1704,0,0
0.20710762573849,5853,0.1706,0,0
0.20710762115528,5854,0.1708,0,0
0.2071076165721,5855,0.171,0,0
0.20710761198894,5856,0.1712,0,0
0.20710760740581,5857,0.1714,0,0
0.20710760282269,5858,0.1716,0,0
0.2071075982396,5859,0.1718,0,0
0.20710759365653,5860,0.172,0,0
0.20710758907349,5861,0.1722,0,0
0.20710758449046,5862,0.1724,0,0
0.20710757990746,5863,0.1726,0,0
0.20710757532448,5864,0.1728,0,0
0.20710757074153,5865,0.173,0,0
0.20710756615859,5866,0.1732,0,0
0.20710756157568,5867,0.1734,0,0
0.20710755699279,5868,0.1736,0,0
0.20710755240992,5869,0.1738,0,0
0.20710754782707,5870,0.174,0,0
0.20710754324425,5871,0.1742,0,0
0.20710753866145,5872,0.1744,0,0
0.20710753407867,5873,0.1746,0,0
0.20710752949591,5874,0.1748,0,0
0.20710752491318,5875,0.175,0,0
0.20710752033047,5876,0.1752,0,0
0.20710751574778,5877,0.1754,0,0
0.20710751116511,5878,0.1756,0,0
0.20710750658246,5879,0.1758,0,0
0.20710750199984,5880,0.176,0,0
0.20710749741724,5881,0.1762,0,0
0.20710749283466,5882,0.1764,0,0
0.20710748825211,5883,0.1766,0,0
0.20710748366957,5884,0.1768,0,0
0.20710747908706,5885,0.177,0,0
0.20710747450457,5886,0.1772,0,0
0.2071074699221,5887,0.1774,0,0
0.20710746533966,5888,0.1776,0,0
0.20710746075723,5889,0.1778,0,0
0.20710745617483,5890,0.178,0,0
0.20710745159245,5891,0.1782,0,0
0.20710744701009,5892,0.1784,0,0
0.20710744242776,5893,0.1786,0,0
0.20710743784545,5894,0.1788,0,0
0.20710743326316,5895,0.179,0,0
0.20710742868089,5896,0.1792,0,0
0.20710742409864,5897,0.1794,0,0
0.20710741951642,5898,0.1796,0,0
0.20710741493421,5899,0.1798,0,0
0.20710741035203,5900,0.18,0,0
0.20710740576988,5901,0.1802,0,0
0.20710740118774,5902,0.1804,0,0
0.20710739660563,5903,0.1806,0,0
0.20710739202353,5904,0.1808,0,0
0.20710738744146,5905,0.181,0,0
0.20710738285942,5906,0.1812,0,0
0.20710737827739,5907,0.1814,0,0
0.20710737369539,5908,0.1816,0,0
0.20710736911341,5909,0.1818,0,0
0.20710736453145,5910,0.182,0,0
0.20710735994951,5911,0.1822,0,0
0.20710735536759,5912,0.1824,0,0
0.2071073507857,5913,0.1826,0,0
0.20710734620383,5914,0.1828,0,0
0.20710734162198,5915,0.183,0,0
0.20710733704015,5916,0.1832,0,0
0.20710733245834,5917,0.1834,0,0
0.20710732787656,5918,0.1836,0,0
0.2071073232948,5919,0.1838,0,0
0.20710731871306,5920,0.184,0,0
0.20710731413134,5921,0.1842,0,0
0.20710730954964,5922,0.1844,0,0
0.20710730496797,5923,0.1846,0,0
0.20710730038632,5924,0.1848,0,0
0.20710729580469,5925,0.185,0,0
0.20710729122308,5926,0.1852,0,0
0.20710728664149,5927,0.1854,0,0
0.20710728205993,5928,0.1856,0,0
0.20710727747838,5929,0.1858,0,0
0.20710727289686,5930,0.186,0,0
0.20710726831536,5931,0.1862,0,0
0.20710726373388,5932,0.1864,0,0
0.20710725915243,5933,0.1866,0,0
0.207107254571,5934,0.1868,0,0
0.20710724998958,5935,0.187,0,0
0.20710724540819,5936,0.1872,0,0
0.20710724082683,5937,0.1874,0,0
0.20710723624548,5938,0.1876,0,0
0.20710723166415,5939,0.1878,0,0
0.20710722708285,5940,0.188,0,0
0.20710722250157,5941,0.1882,0,0
0.20710721792031,5942,0.1884,0,0
0.20710721333907,5943,0.1886,0,0
0.20710720875786,5944,0.1888,0,0
0.20710720417666,5945,0.189,0,0
0.20710719959549,5946,0.1892,0,0
0.20710719501434,5947,0.1894,0,0
0.20710719043321,5948,0.1896,0,0
0.20710718585211,5949,0.1898,0,0
0.20710718127102,5950,0.19,0,0
0.20710717668996,5951,0.1902,0,0
0.20710717210892,5952,0.1904,0,0
0.2071071675279,5953,0.1906,0,0
0.2071071629469,5954,0.1908,0,0
0.20710715836592,5955,0.191,0,0
0.20710715378497,5956,0.1912,0,0
0.20710714920403,5957,0.1914,0,0
0.20710714462312,5958,0.1916,0,0
0.20710714004223,5959,0.1918,0,0
0.20710713546136,5960,0.192,0,0
0.20710713088052,5961,0.1922,0,0
0.20710712629969,5962,0.1924,0,0
0.20710712171889,5963,0.1926,0,0
0.20710711713811,5964,0.1928,0,0
0.20710711255735,5965,0.193,0,0
0.20710710797661,5966,0.1932,0,0
0.20710710339589,5967,0.1934,0,0
0.20710709881519,5968,0.1936,0,0
0.20710709423452,5969,0.1938,0,0
0.20710708965387,5970,0.194,0,0
0.20710708507324,5971,0.1942,0,0
0.20710708049263,5972,0.1944,0,0
0.20710707591204,5973,0.1946,0,0
0.20710707133147,5974,0.1948,0,0
0.20710706675093,5975,0.195,0,0
0.20710706217041,5976,0.1952,0,0
0.20710705758991,5977,0.1954,0,0
0.20710705300943,5978,0.1956,0,0
0.20710704842897,5979,0.1958,0,0
0.20710704384853,5980,0.196,0,0
0.20710703926811,5981,0.1962,0,0
0.20710703468772,5982,0.1964,0,0
0.20710703010735,5983,0.1966,0,0
0.207107025527,5984,0.1968,0,0
0.20710702094667,5985,0.197,0,0
0.20710701636636,5986,0.1972,0,0
0.20710701178607,5987,0.1974,0,0
0.20710700720581,5988,0.1976,0,0
0.20710700262556,5989,0.1978,0,0
0.20710699804534,5990,0.198,0,0
0.20710699346514,5991,0.1982,0,0
0.20710698888496,5992,0.1984,0,0
0.2071069843048,5993,0.1986,0,0
0.20710697972467,5994,0.1988,0,0
0.20710697514455,5995,0.199,0,0
0.20710697056446,5996,0.1992,0,0
0.20710696598439,5997,0.1994,0,0
0.20710696140434,5998,0.1996,0,0
0.20710695682431,5999,0.1998,0,0
0.2071069522443,6000,0.2,0,0
0.20710694766431,6001,0.2002,0,0
0.20710694308434,6002,0.2004,0,0
0.2071069385044,6003,0.2006,0,0
0.20710693392448,6004,0.2008,0,0
0.20710692934458,6005,0.201,0,0
0.2071069247647,6006,0.2012,0,0
0.20710692018484,6007,0.2014,0,0
0.207106915605,6008,0.2016,0,0
0.20710691102518,6009,0.2018,0,0
0.20710690644539,6010,0.202,0,0
0.20710690186561,6011,0.2022,0,0
0.20710689728586,6012,0.2024,0,0
0.20710689270613,6013,0.2026,0,0
0.20710688812642,6014,0.2028,0,0
0.20710688354673,6015,0.203,0,0
0.20710687896706,6016,0.2032,0,0
0.20710687438742,6017,0.2034,0,0
0.20710686980779,6018,0.2036,0,0
0.20710686522819,6019,0.2038,0,0
0.2071068606486,6020,0.204,0,0
0.20710685606904,6021,0.2042,0,0
0.2071068514895,6022,0.2044,0,0
0.20710684690998,6023,0.2046,0,0
0.20710684233048,6024,0.2048,0,0
0.20710683775101,6025,0.205,0,0
0.20710683317155,6026,0.2052,0,0
0.20710682859212,6027,0.2054,0,0
0.2071068240127,6028,0.2056,0,0
0.20710681943331,6029,0.2058,0,0
0.20710681485394,6030,0.206,0,0
0.20710681027459,6031,0.2062,0,0
0.20710680569526,6032,0.2064,0,0
0.20710680111595,6033,0.2066,0,0
0.20710679653667,6034,0.2068,0,0
0.2071067919574,6035,0.207,0,0
0.20710678737816,6036,0.2072,0,0
0.20710678279893,6037,0.2074,0,0
0.20710677821973,6038,0.2076,0,0
0.20710677364055,6039,0.2078,0,0
0.20710676906139,6040,0.208,0,0
0.20710676448225,6041,0.2082,0,0
0.20710675990313,6042,0.2084,0,0
0.20710675532404,6043,0.2086,0,0
0.20710675074496,6044,0.2088,0,0
0.2071067461659,6045,0.209,0,0
0.20710674158687,6046,0.2092,0,0
0.20710673700786,6047,0.2094,0,0
0.20710673242886,6048,0.2096,0,0
0.20710672784989,6049,0.2098,0,0
0.20710672327094,6050,0.21,0,0
0.20710671869201,6051,0.2102,0,0
0.20710671411311,6052,0.2104,0,0
0.20710670953422,6053,0.2106,0,0
0.20710670495535,6054,0.2108,0,0
0.20710670037651,6055,0.211,0,0
0.20710669579768,6056,0.2112,0,0
0.20710669121888,6057,0.2114,0,0
0.2071066866401,6058,0.2116,0,0
0.20710668206134,6059,0.2118,0,0
0.20710667748259,6060,0.212,0,0
0.20710667290388,6061,0.2122,0,0
0.20710666832518,6062,0.2124,0,0
0.2071066637465,6063,0.2126,0,0
0.20710665916784,6064,0.2128,0,0
0.2071066545892,6065,0.213,0,0
0.20710665001059,6066,0.2132,0,0
0.20710664543199,6067,0.2134,0,0
0.20710664085342,6068,0.2136,0,0
0.20710663627487,6069,0.2138,0,0
0.20710663169634,6070,0.214,0,0
0.20710662711782,6071,0.2142,0,0
0.20710662253933,6072,0.2144,0,0
0.20710661796086,6073,0.2146,0,0
0.20710661338242,6074,0.2148,0,0
0.20710660880399,6075,0.215,0,0
0.20710660422558,6076,0.2152,0,0
0.20710659964719,6077,0.2154,0,0
0.20710659506883,6078,0.2156,0,0
0.20710659049048,6079,0.2158,0,0
0.20710658591216,6080,0.216,0,0
0.20710658133385,6081,0.2162,0,0
0.20710657675557,6082,0.2164,0,0
0.20710657217731,6083,0.2166,0,0
0.20710656759907,6084,0.2168,0,0
0.20710656302085,6085,0.217,0,0
0.20710655844265,6086,0.2172,0,0
0.20710655386447,6087,0.2174,0,0
0.20710654928631,6088,0.2176,0,0
0.20710654470817,6089,0.2178,0,0
0.20710654013005,6090,0.218,0,0
0.20710653555196,6091,0.2182,0,0
0.20710653097388,6092,0.2184,0,0
0.20710652639583,6093,0.2186,0,0
0.20710652181779,6094,0.2188,0,0
0.20710651723978,6095,0.219,0,0
0.20710651266178,6096,0.2192,0,0
0.20710650808381,6097,0.2194,0,0
0.20710650350586,6098,0.2196,0,0
0.20710649892793,6099,0.2198,0,0
0.20710649435002,6100,0.22,0,0
0.20710648977213,6101,0.2202,0,0
0.20710648519426,6102,0.2204,0,0
0.20710648061641,6103,0.2206,0,0
0.20710647603858,6104,0.2208,0,0
0.20710647146077,6105,0.221,0,0
0.20710646688298,6106,0.2212,0,0
0.20710646230522,6107,0.2214,0,0
0.20710645772747,6108,0.2216,0,0
0.20710645314974,6109,0.2218,0,0
0.20710644857204,6110,0.222,0,0
0.20710644399435,6111,0.2222,0,0
0.20710643941669,6112,0.2224,0,0
0.20710643483905,6113,0.2226,0,0
0.20710643026142,6114,0.2228,0,0
0.20710642568382,6115,0.223,0,0
0.20710642110624,6116,0.2232,0,0
0.20710641652867,6117,0.2234,0,0
0.20710641195113,6118,0.2236,0,0
0.20710640737361,6119,0.2238,0,0
0.20710640279611,6120,0.224,0,0
0.20710639821863,6121,0.2242,0,0
0.20710639364117,6122,0.2244,0,0
0.20710638906373,6123,0.2246,0,0
0.20710638448631,6124,0.2248,0,0
0.20710637990891,6125,0.225,0,0
0.20710637533153,6126,0.2252,0,0
0.20710637075418,6127,0.2254,0,0
0.20710636617684,6128,0.2256,0,0
0.20710636159952,6129,0.2258,0,0
0.20710635702223,6130,0.226,0,0
0.20710635244495,6131,0.2262,0,0
0.20710634786769,6132,0.2264,0,0
0.20710634329046,6133,0.2266,0,0
0.20710633871324,6134,0.2268,0,0
0.20710633413605,6135,0.227,0,0
0.20710632955887,6136,0.2272,0,0
0.20710632498172,6137,0.2274,0,0
0.20710632040458,6138,0.2276,0,0
0.20710631582747,6139,0.2278,0,0
0.20710631125037,6140,0.228,0,0
0.2071063066733,6141,0.2282,0,0
0.20710630209625,6142,0.2284,0,0
0.20710629751922,6143,0.2286,0,0
0.2071062929422,6144,0.2288,0,0
0.20710628836521,6145,0.229,0,0
0.20710628378824,6146,0.2292,0,0
0.20710627921129,6147,0.2294,0,0
0.20710627463435,6148,0.2296,0,0
0.20710627005744,6149,0.2298,0,0
0.20710626548055,6150,0.23,0,0
0.20710626090368,6151,0.2302,0,0
0.20710625632683,6152,0.2304,0,0
0.20710625175,6153,0.2306,0,0
0.20710624717319,6154,0.2308,0,0
0.2071062425964,6155,0.231,0,0
0.20710623801963,6156,0.2312,0,0
0.20710623344288,6157,0.2314,0,0
0.20710622886615,6158,0.2316,0,0
0.20710622428944,6159,0.2318,0,0
0.20710621971275,6160,0.232,0,0
0.20710621513608,6161,0.2322,0,0
0.20710621055943,6162,0.2324,0,0
0.2071062059828,6163,0.2326,0,0
0.20710620140619,6164,0.2328,0,0
0.2071061968296,6165,0.233,0,0
0.20710619225303,6166,0.2332,0,0
0.20710618767648,6167,0.2334,0,0
0.20710618309995,6168,0.2336,0,0
0.20710617852344,6169,0.2338,0,0
0.20710617394695,6170,0.234,0,0
0.20710616937048,6171,0.2342,0,0
0.20710616479403,6172,0.2344,0,0
0.20710616021761,6173,0.2346,0,0
0.2071061556412,6174,0.2348,0,0
0.20710615106481,6175,0.235,0,0
0.20710614648844,6176,0.2352,0,0
0.20710614191209,6177,0.2354,0,0
0.20710613733576,6178,0.2356,0,0
0.20710613275945,6179,0.2358,0,0
0.20710612818316,6180,0.236,0,0
0.20710612360689,6181,0.2362,0,0
0.20710611903064,6182,0.2364,0,0
0.20710611445441,6183,0.2366,0,0
0.2071061098782,6184,0.2368,0,0
0.20710610530201,6185,0.237,0,0
0.20710610072585,6186,0.2372,0,0
0.2071060961497,6187,0.2374,0,0
0.20710609157357,6188,0.2376,0,0
0.20710608699746,6189,0.2378,0,0
0.20710608242137,6190,0.238,0,0
0.2071060778453,6191,0.2382,0,0
0.20710607326924,6192,0.2384,0,0
0.20710606869321,6193,0.2386,0,0
0.2071060641172,6194,0.2388,0,0
0.20710605954121,6195,0.239,0,0
0.20710605496524,6196,0.2392,0,0
0.20710605038929,6197,0.2394,0,0
0.20710604581336,6198,0.2396,0,0
0.20710604123745,6199,0.2398,0,0
0.20710603666156,6200,0.24,0,0
0.20710603208568,6201,0.2402,0,0
0.20710602750983,6202,0.2404,0,0
0.207106022934,6203,0.2406,0,0
0.20710601835819,6204,0.2408,0,0
0.20710601378239,6205,0.241,0,0
0.20710600920662,6206,0.2412,0,0
0.20710600463087,6207,0.2414,0,0
0.20710600005513,6208,0.2416,0,0
0.20710599547942,6209,0.2418,0,0
0.20710599090372,6210,0.242,0,0
0.20710598632805,6211,0.2422,0,0
0.20710598175239,6212,0.2424,0,0
0.20710597717676,6213,0.2426,0,0
0.20710597260114,6214,0.2428,0,0
0.20710596802555,6215,0.243,0,0
0.20710596344997,6216,0.2432,0,0
0.20710595887441,6217,0.2434,0,0
0.20710595429888,6218,0.2436,0,0
0.20710594972336,6219,0.2438,0,0
0.20710594514786,6220,0.244,0,0
0.20710594057238,6221,0.2442,0,0
0.20710593599693,6222,0.2444,0,0
0.20710593142149,6223,0.2446,0,0
0.20710592684607,6224,0.2448,0,0
0.20710592227067,6225,0.245,0,0
0.20710591769529,6226,0.2452,0,0
0.20710591311993,6227,0.2454,0,0
0.20710590854459,6228,0.2456,0,0
0.20710590396927,6229,0.2458,0,0
0.20710589939396,6230,0.246,0,0
0.20710589481868,6231,0.2462,0,0
0.20710589024342,6232,0.2464,0,0
0.20710588566818,6233,0.2466,0,0
0.20710588109295,6234,0.2468,0,0
0.20710587651775,6235,0.247,0,0
0.20710587194256,6236,0.2472,0,0
0.2071058673674,6237,0.2474,0,0
0.20710586279225,6238,0.2476,0,0
0.20710585821712,6239,0.2478,0,0
0.20710585364202,6240,0.248,0,0
0.20710584906693,6241,0.2482,0,0
0.20710584449186,6242,0.2484,0,0
0.20710583991681,6243,0.2486,0,0
0.20710583534178,6244,0.2488,0,0
0.20710583076677,6245,0.249,0,0
0.20710582619178,6246,0.2492,0,0
0.20710582161681,6247,0.2494,0,0
0.20710581704186,6248,0.2496,0,0
0.20710581246693,6249,0.2498,0,0
0.20710580789202,6250,0.25,0,0
0.20710580331712,6251,0.2502,0,0
0.20710579874225,6252,0.2504,0,0
0.2071057941674,6253,0.2506,0,0
0.20710578959256,6254,0.2508,0,0
0.20710578501774,6255,0.251,0,0
0.20710578044295,6256,0.2512,0,0
0.20710577586817,6257,0.2514,0,0
0.20710577129341,6258,0.2516,0,0
0.20710576671867,6259,0.2518,0,0
0.20710576214395,6260,0.252,0,0
0.20710575756925,6261,0.2522,0,0
0.20710575299457,6262,0.2524,0,0
0.20710574841991,6263,0.2526,0,0
0.20710574384527,6264,0.2528,0,0
0.20710573927065,6265,0.253,0,0
0.20710573469604,6266,0.2532,0,0
0.20710573012146,6267,0.2534,0,0
0.20710572554689,6268,0.2536,0,0
0.20710572097235,6269,0.2538,0,0
0.20710571639782,6270,0.254,0,0
0.20710571182331,6271,0.2542,0,0
0.20710570724882,6272,0.2544,0,0
0.20710570267435,6273,0.2546,0,0
0.2071056980999,6274,0.2548,0,0
0.20710569352547,6275,0.255,0,0
0.20710568895106,6276,0.2552,0,0
0.20710568437667,6277,0.2554,0,0
0.20710567980229,6278,0.2556,0,0
0.20710567522794,6279,0.2558,0,0
0.2071056706536,6280,0.256,0,0
0.20710566607929,6281,0.2562,0,0
0.20710566150499,6282,0.2564,0,0
0.20710565693071,6283,0.2566,0,0
0.20710565235645,6284,0.2568,0,0
0.20710564778222,6285,0.257,0,0
0.20710564320799,6286,0.2572,0,0
0.20710563863379,6287,0.2574,0,0
0.20710563405961,6288,0.2576,0,0
0.20710562948545,6289,0.2578,0,0
0.2071056249113,6290,0.258,0,0
0.20710562033718,6291,0.2582,0,0
0.20710561576307,6292,0.2584,0,0
0.20710561118898,6293,0.2586,0,0
0.20710560661491,6294,0.2588,0,0
0.20710560204087,6295,0.259,0,0
0.20710559746683,6296,0.2592,0,0
0.20710559289282,6297,0.2594,0,0
0.20710558831883,6298,0.2596,0,0
0.20710558374486,6299,0.2598,0,0
0.2071055791709,6300,0.26,0,0
0.20710557459697,6301,0.2602,0,0
0.20710557002305,6302,0.2604,0,0
0.20710556544915,6303,0.2606,0,0
0.20710556087527,6304,0.2608,0,0
0.20710555630141,6305,0.261,0,0
0.20710555172757,6306,0.2612,0,0
0.20710554715375,6307,0.2614,0,0
0.20710554257995,6308,0.2616,0,0
0.20710553800616,6309,0.2618,0,0
0.2071055334324,6310,0.262,0,0
0.20710552885865,6311,0.2622,0,0
0.20710552428492,6312,0.2624,0,0
0.20710551971122,6313,0.2626,0,0
0.20710551513753,6314,0.2628,0,0
0.20710551056385,6315,0.263,0,0
0.2071055059902,6316,0.2632,0,0
0.20710550141657,6317,0.2634,0,0
0.20710549684295,6318,0.2636,0,0
0.20710549226936,6319,0.2638,0,0
0.20710548769578,6320,0.264,0,0
0.20710548312222,6321,0.2642,0,0
0.20710547854868,6322,0.2644,0,0
0.20710547397516,6323,0.2646,0,0
0.20710546940166,6324,0.2648,0,0
0.20710546482818,6325,0.265,0,0
0.20710546025471,6326,0.2652,0,0
0.20710545568127,6327,0.2654,0,0
0.20710545110784,6328,0.2656,0,0
0.20710544653443,6329,0.2658,0,0
0.20710544196104,6330,0.266,0,0
0.20710543738767,6331,0.2662,0,0
0.20710543281432,6332,0.2664,0,0
0.20710542824098,6333,0.2666,0,0
0.20710542366767,6334,0.2668,0,0
0.20710541909437,6335,0.267,0,0
0.20710541452109,6336,0.2672,0,0
0.20710540994783,6337,0.2674,0,0
0.20710540537459,6338,0.2676,0,0
0.20710540080137,6339,0.2678,0,0
0.20710539622817,6340,0.268,0,0
0.20710539165498,6341,0.2682,0,0
0.20710538708182,6342,0.2684,0,0
0.20710538250867,6343,0.2686,0,0
0.20710537793554,6344,0.2688,0,0
0.20710537336243,6345,0.269,0,0
0.20710536878934,6346,0.2692,0,0
0.20710536421627,6347,0.2694,0,0
0.20710535964321,6348,0.2696,0,0
0.20710535507018,6349,0.2698,0,0
0.20710535049716,6350,0.27,0,0
0.20710534592416,6351,0.2702,0,0
0.20710534135118,6352,0.2704,0,0
0.20710533677822,6353,0.2706,0,0
0.20710533220527,6354,0.2708,0,0
0.20710532763235,6355,0.271,0,0
0.20710532305944,6356,0.2712,0,0
0.20710531848655,6357,0.2714,0,0
0.20710531391368,6358,0.2716,0,0
0.20710530934083,6359,0.2718,0,0
0.207105304768,6360,0.272,0,0
0.20710530019518,6361,0.2722,0,0
0.20710529562239,6362,0.2724,0,0
0.20710529104961,6363,0.2726,0,0
0.20710528647685,6364,0.2728,0,0
0.20710528190411,6365,0.273,0,0
0.20710527733139,6366,0.2732,0,0
0.20710527275868,6367,0.2734,0,0
0.207105268186,6368,0.2736,0,0
0.20710526361333,6369,0.2738,0,0
0.20710525904068,6370,0.274,0,0
0.20710525446805,6371,0.2742,0,0
0.20710524989544,6372,0.2744,0,0
0.20710524532285,6373,0.2746,0,0
0.20710524075027,6374,0.2748,0,0
0.20710523617771,6375,0.275,0,0
0.20710523160517,6376,0.2752,0,0
0.20710522703265,6377,0.2754,0,0
0.20710522246015,6378,0.2756,0,0
0.20710521788767,6379,0.2758,0,0
0.2071052133152,6380,0.276,0,0
0.20710520874275,6381,0.2762,0,0
0.20710520417032,6382,0.2764,0,0
0.20710519959791,6383,0.2766,0,0
0.20710519502552,6384,0.2768,0,0
0.20710519045314,6385,0.277,0,0
0.20710518588079,6386,0.2772,0,0
0.20710518130845,6387,0.2774,0,0
0.20710517673613,6388,0.2776,0,0
0.20710517216383,6389,0.2778,0,0
0.20710516759154,6390,0.278,0,0
0.20710516301928,6391,0.2782,0,0
0.20710515844703,6392,0.2784,0,0
0.2071051538748,6393,0.2786,0,0
0.20710514930259,6394,0.2788,0,0
0.2071051447304,6395,0.279,0,0
0.20710514015822,6396,0.2792,0,0
0.20710513558607,6397,0.2794,0,0
0.20710513101393,6398,0.2796,0,0
0.20710512644181,6399,0.2798,0,0
0.20710512186971,6400,0.28,0,0
0.20710511729762,6401,0.2802,0,0
0.20710511272555,6402,0.2804,0,0
0.20710510815351,6403,0.2806,0,0
0.20710510358148,6404,0.2808,0,0
0.20710509900946,6405,0.281,0,0
0.20710509443747,6406,0.2812,0,0
0.20710508986549,6407,0.2814,0,0
0.20710508529354,6408,0.2816,0,0
0.2071050807216,6409,0.2818,0,0
0.20710507614967,6410,0.282,0,0
0.20710507157777,6411,0.2822,0,0
0.20710506700588,6412,0.2824,0,0
0.20710506243402,6413,0.2826,0,0
0.20710505786217,6414,0.2828,0,0
0.20710505329033,6415,0.283,0,0
0.20710504871852,6416,0.2832,0,0
0.20710504414672,6417,0.2834,0,0
0.20710503957495,6418,0.2836,0,0
0.20710503500318,6419,0.2838,0,0
0.20710503043144,6420,0.284,0,0
0.20710502585972,6421,0.2842,0,0
0.20710502128801,6422,0.2844,0,0
0.20710501671632,6423,0.2846,0,0
0.20710501214465,6424,0.2848,0,0
0.207105007573,6425,0.285,0,0
0.20710500300136,6426,0.2852,0,0
0.20710499842975,6427,0.2854,0,0
0.20710499385815,6428,0.2856,0,0
0.20710498928656,6429,0.2858,0,0
0.207104984715,6430,0.286,0,0
0.20710498014345,6431,0.2862,0,0
0.20710497557193,6432,0.2864,0,0
0.20710497100042,6433,0.2866,0,0
0.20710496642892,6434,0.2868,0,0
0.20710496185745,6435,0.287,0,0
0.20710495728599,6436,0.2872,0,0
0.20710495271455,6437,0.2874,0,0
0.20710494814313,6438,0.2876,0,0
0.20710494357173,6439,0.2878,0,0
0.20710493900034,6440,0.288,0,0
0.20710493442897,6441,0.2882,0,0
0.20710492985762,6442,0.2884,0,0
0.20710492528629,6443,0.2886,0,0
0.20710492071497,6444,0.2888,0,0
0.20710491614368,6445,0.289,0,0
0.2071049115724,6446,0.2892,0,0
0.20710490700113,6447,0.2894,0,0
0.20710490242989,6448,0.2896,0,0
0.20710489785866,6449,0.2898,0,0
0.20710489328745,6450,0.29,0,0
0.20710488871626,6451,0.2902,0,0
0.20710488414509,6452,0.2904,0,0
0.20710487957393,6453,0.2906,0,0
0.20710487500279,6454,0.2908,0,0
0.20710487043167,6455,0.291,0,0
0.20710486586057,6456,0.2912,0,0
0.20710486128948,6457,0.2914,0,0
0.20710485671841,6458,0.2916,0,0
0.20710485214736,6459,0.2918,0,0
0.20710484757633,6460,0.292,0,0
0.20710484300531,6461,0.2922,0,0
0.20710483843431,6462,0.2924,0,0
0.20710483386333,6463,0.2926,0,0
0.20710482929237,6464,0.2928,0,0
0.20710482472143,6465,0.293,0,0
0.2071048201505,6466,0.2932,0,0
0.20710481557959,6467,0.2934,0,0
0.20710481100869,6468,0.2936,0,0
0.20710480643782,6469,0.2938,0,0
0.20710480186696,6470,0.294,0,0
0.20710479729612,6471,0.2942,0,0
0.2071047927253,6472,0.2944,0,0
0.20710478815449,6473,0.2946,0,0
0.2071047835837,6474,0.2948,0,0
0.20710477901293,6475,0.295,0,0
0.20710477444218,6476,0.2952,0,0
0.20710476987144,6477,0.2954,0,0
0.20710476530072,6478,0.2956,0,0
0.20710476073002,6479,0.2958,0,0
0.20710475615934,6480,0.296,0,0
0.20710475158867,6481,0.2962,0,0
0.20710474701802,6482,0.2964,0,0
0.20710474244739,6483,0.2966,0,0
0.20710473787677,6484,0.2968,0,0
0.20710473330617,6485,0.297,0,0
0.20710472873559,6486,0.2972,0,0
0.20710472416503,6487,0.2974,0,0
0.20710471959449,6488,0.2976,0,0
0.20710471502396,6489,0.2978,0,0
0.20710471045345,6490,0.298,0,0
0.20710470588295,6491,0.2982,0,0
0.20710470131248,6492,0.2984,0,0
0.20710469674202,6493,0.2986,0,0
0.20710469217158,6494,0.2988,0,0
0.20710468760115,6495,0.299,0,0
0.20710468303074,6496,0.2992,0,0
0.20710467846035,6497,0.2994,0,0
0.20710467388998,6498,0.2996,0,0
0.20710466931963,6499,0.2998,0,0
0.20710466474929,6500,0.3,0,0
0.20710466017897,6501,0.3002,0,0
0.20710465560866,6502,0.3004,0,0
0.20710465103837,6503,0.3006,0,0
0.2071046464681,6504,0.3008,0,0
0.20710464189785,6505,0.301,0,0
0.20710463732762,6506,0.3012,0,0
0.2071046327574,6507,0.3014,0,0
0.2071046281872,6508,0.3016,0,0
0.20710462361701,6509,0.3018,0,0
0.20710461904685,6510,0.302,0,0
0.2071046144767,6511,0.3022,0,0
0.20710460990656,6512,0.3024,0,0
0.20710460533645,6513,0.3026,0,0
0.20710460076635,6514,0.3028,0,0
0.20710459619627,6515,0.303,0,0
0.2071045916262,6516,0.3032,0,0
0.20710458705615,6517,0.3034,0,0
0.20710458248612,6518,0.3036,0,0
0.20710457791611,6519,0.3038,0,0
0.20710457334611,6520,0.304,0,0
0.20710456877613,6521,0.3042,0,0
0.20710456420617,6522,0.3044,0,0
0.20710455963623,6523,0.3046,0,0
0.2071045550663,6524,0.3048,0,0
0.20710455049638,6525,0.305,0,0
0.20710454592649,6526,0.3052,0,0
0.20710454135661,6527,0.3054,0,0
0.20710453678675,6528,0.3056,0,0
0.20710453221691,6529,0.3058,0,0
0.20710452764708,6530,0.306,0,0
0.20710452307727,6531,0.3062,0,0
0.20710451850748,6532,0.3064,0,0
0.2071045139377,6533,0.3066,0,0
0.20710450936794,6534,0.3068,0,0
0.2071045047982,6535,0.307,0,0
0.20710450022847,6536,0.3072,0,0
0.20710449565876,6537,0.3074,0,0
0.20710449108907,6538,0.3076,0,0
0.2071044865194,6539,0.3078,0,0
0.20710448194974,6540,0.308,0,0
0.2071044773801,6541,0.3082,0,0
0.20710447281047,6542,0.3084,0,0
0.20710446824086,6543,0.3086,0,0
0.20710446367127,6544,0.3088,0,0
0.2071044591017,6545,0.309,0,0
0.20710445453214,6546,0.3092,0,0
0.2071044499626,6547,0.3094,0,0
0.20710444539308,6548,0.3096,0,0
0.20710444082357,6549,0.3098,0,0
0.20710443625408,6550,0.31,0,0
0.2071044316846,6551,0.3102,0,0
0.20710442711515,6552,0.3104,0,0
0.20710442254571,6553,0.3106,0,0
0.20710441797628,6554,0.3108,0,0
0.20710441340688,6555,0.311,0,0
0.20710440883749,6556,0.3112,0,0
0.20710440426811,6557,0.3114,0,0
0.20710439969876,6558,0.3116,0,0
0.20710439512941,6559,0.3118,0,0
0.20710439056009,6560,0.312,0,0
0.20710438599078,6561,0.3122,0,0
0.20710438142149,6562,0.3124,0,0
0.20710437685222,6563,0.3126,0,0
0.20710437228296,6564,0.3128,0,0
0.20710436771372,6565,0.313,0,0
0.2071043631445,6566,0.3132,0,0
0.20710435857529,6567,0.3134,0,0
0.2071043540061,6568,0.3136,0,0
0.20710434943692,6569,0.3138,0,0
0.20710434486777,6570,0.314,0,0
0.20710434029863,6571,0.3142,0,0
0.2071043357295,6572,0.3144,0,0
0.20710433116039,6573,0.3146,0,0
0.2071043265913,6574,0.3148,0,0
0.20710432202223,6575,0.315,0,0
0.20710431745317,6576,0.3152,0,0
0.20710431288412,6577,0.3154,0,0
0.2071043083151,6578,0.3156,0,0
0.20710430374609,6579,0.3158,0,0
0.2071042991771,6580,0.316,0,0
0.20710429460812,6581,0.3162,0,0
0.20710429003916,6582,0.3164,0,0
0.20710428547022,6583,0.3166,0,0
0.20710428090129,6584,0.3168,0,0
0.20710427633238,6585,0.317,0,0
0.20710427176348,6586,0.3172,0,0
0.20710426719461,6587,0.3174,0,0
0.20710426262574,6588,0.3176,0,0
0.2071042580569,6589,0.3178,0,0
0.20710425348807,6590,0.318,0,0
0.20710424891926,6591,0.3182,0,0
0.20710424435046,6592,0.3184,0,0
0.20710423978168,6593,0.3186,0,0
0.20710423521292,6594,0.3188,0,0
0.20710423064417,6595,0.319,0,0
0.20710422607544,6596,0.3192,0,0
0.20710422150673,6597,0.3194,0,0
0.20710421693803,6598,0.3196,0,0
0.20710421236935,6599,0.3198,0,0
0.20710420780068,6600,0.32,0,0
0.20710420323203,6601,0.3202,0,0
0.2071041986634,6602,0.3204,0,0
0.20710419409478,6603,0.3206,0,0
0.20710418952618,6604,0.3208,0,0
0.20710418495759,6605,0.321,0,0
0.20710418038903,6606,0.3212,0,0
0.20710417582047,6607,0.3214,0,0
0.20710417125194,6608,0.3216,0,0
0.20710416668342,6609,0.3218,0,0
0.20710416211492,6610,0.322,0,0
0.20710415754643,6611,0.3222,0,0
0.20710415297796,6612,0.3224,0,0
0.2071041484095,6613,0.3226,0,0
0.20710414384106,6614,0.3228,0,0
0.20710413927264,6615,0.323,0,0
0.20710413470423,6616,0.3232,0,0
0.20710413013584,6617,0.3234,0,0
0.20710412556747,6618,0.3236,0,0
0.20710412099911,6619,0.3238,0,0
0.20710411643077,6620,0.324,0,0
0.20710411186244,6621,0.3242,0,0
0.20710410729413,6622,0.3244,0,0
0.20710410272584,6623,0.3246,0,0
0.20710409815756,6624,0.3248,0,0
0.2071040935893,6625,0.325,0,0
0.20710408902105,6626,0.3252,0,0
0.20710408445282,6627,0.3254,0,0
0.20710407988461,6628,0.3256,0,0
0.20710407531641,6629,0.3258,0,0
0.20710407074823,6630,0.326,0,0
0.20710406618006,6631,0.3262,0,0
0.20710406161191,6632,0.3264,0,0
0.20710405704378,6633,0.3266,0,0
0.20710405247566,6634,0.3268,0,0
0.20710404790756,6635,0.327,0,0
0.20710404333947,6636,0.3272,0,0
0.2071040387714,6637,0.3274,0,0
0.20710403420334,6638,0.3276,0,0
0.20710402963531,6639,0.3278,0,0
0.20710402506728,6640,0.328,0,0
0.20710402049928,6641,0.3282,0,0
0.20710401593129,6642,0.3284,0,0
0.20710401136331,6643,0.3286,0,0
0.20710400679535,6644,0.3288,0,0
0.20710400222741,6645,0.329,0,0
0.20710399765948,6646,0.3292,0,0
0.20710399309157,6647,0.3294,0,0
0.20710398852367,6648,0.3296,0,0
0.20710398395579,6649,0.3298,0,0
0.20710397938793,6650,0.33,0,0
0.20710397482008,6651,0.3302,0,0
0.20710397025225,6652,0.3304,0,0
0.20710396568443,6653,0.3306,0,0
0.20710396111663,6654,0.3308,0,0
0.20710395654884,6655,0.331,0,0
0.20710395198107,6656,0.3312,0,0
0.20710394741332,6657,0.3314,0,0
0.20710394284558,6658,0.3316,0,0
0.20710393827786,6659,0.3318,0,0
0.20710393371015,6660,0.332,0,0
0.20710392914246,6661,0.3322,0,0
0.20710392457479,6662,0.3324,0,0
0.20710392000713,6663,0.3326,0,0
0.20710391543948,6664,0.3328,0,0
0.20710391087185,6665,0.333,0,0
0.20710390630424,6666,0.3332,0,0
0.20710390173664,6667,0.3334,0,0
0.20710389716906,6668,0.3336,0,0
0.2071038926015,6669,0.3338,0,0
0.20710388803395,6670,0.334,0,0
0.20710388346641,6671,0.3342,0,0
0.20710387889889,6672,0.3344,0,0
0.20710387433139,6673,0.3346,0,0
0.2071038697639,6674,0.3348,0,0
0.20710386519643,6675,0.335,0,0
0.20710386062897,6676,0.3352,0,0
0.20710385606153,6677,0.3354,0,0
0.20710385149411,6678,0.3356,0,0
0.2071038469267,6679,0.3358,0,0
0.2071038423593,6680,0.336,0,0
0.20710383779192,6681,0.3362,0,0
0.20710383322456,6682,0.3364,0,0
0.20710382865721,6683,0.3366,0,0
0.20710382408988,6684,0.3368,0,0
0.20710381952256,6685,0.337,0,0
0.20710381495526,6686,0.3372,0,0
0.20710381038797,6687,0.3374,0,0
0.2071038058207,6688,0.3376,0,0
0.20710380125344,6689,0.3378,0,0
0.2071037966862,6690,0.338,0,0
0.20710379211898,6691,0.3382,0,0
0.20710378755177,6692,0.3384,0,0
0.20710378298458,6693,0.3386,0,0
0.2071037784174,6694,0.3388,0,0
0.20710377385023,6695,0.339,0,0
0.20710376928309,6696,0.3392,0,0
0.20710376471595,6697,0.3394,0,0
0.20710376014884,6698,0.3396,0,0
0.20710375558174,6699,0.3398,0,0
0.20710375101465,6700,0.34,0,0
0.20710374644758,6701,0.3402,0,0
0.20710374188052,6702,0.3404,0,0
0.20710373731348,6703,0.3406,0,0
0.20710373274646,6704,0.3408,0,0
0.20710372817945,6705,0.341,0,0
0.20710372361245,6706,0.3412,0,0
0.20710371904547,6707,0.3414,0,0
0.20710371447851,6708,0.3416,0,0
0.20710370991156,6709,0.3418,0,0
0.20710370534462,6710,0.342,0,0
0.20710370077771,6711,0.3422,0,0
0.2071036962108,6712,0.3424,0,0
0.20710369164391,6713,0.3426,0,0
0.20710368707704,6714,0.3428,0,0
0.20710368251018,6715,0.343,0,0
0.20710367794334,6716,0.3432,0,0
0.20710367337651,6717,0.3434,0,0
0.2071036688097,6718,0.3436,0,0
0.2071036642429,6719,0.3438,0,0
0.20710365967612,6720,0.344,0,0
0.20710365510936,6721,0.3442,0,0
0.2071036505426,6722,0.3444,0,0
0.20710364597587,6723,0.3446,0,0
0.20710364140915,6724,0.3448,0,0
0.20710363684244,6725,0.345,0,0
0.20710363227575,6726,0.3452,0,0
0.20710362770907,6727,0.3454,0,0
0.20710362314241,6728,0.3456,0,0
0.20710361857576,6729,0.3458,0,0
0.20710361400913,6730,0.346,0,0
0.20710360944252,6731,0.3462,0,0
0.20710360487591,6732,0.3464,0,0
0.20710360030933,6733,0.3466,0,0
0.20710359574276,6734,0.3468,0,0
0.2071035911762,6735,0.347,0,0
0.20710358660966,6736,0.3472,0,0
0.20710358204313,6737,0.3474,0,0
0.20710357747662,6738,0.3476,0,0
0.20710357291013,6739,0.3478,0,0
0.20710356834364,6740,0.348,0,0
0.20710356377718,6741,0.3482,0,0
0.20710355921073,6742,0.3484,0,0
0.20710355464429,6743,0.3486,0,0
0.20710355007787,6744,0.3488,0,0
0.20710354551146,6745,0.349,0,0
0.20710354094507,6746,0.3492,0,0
0.20710353637869,6747,0.3494,0,0
0.20710353181233,6748,0.3496,0,0
0.20710352724598,6749,0.3498,0,0
0.20710352267965,6750,0.35,0,0
0.20710351811333,6751,0.3502,0,0
0.20710351354703,6752,0.3504,0,0
0.20710350898074,6753,0.3506,0,0
0.20710350441447,6754,0.3508,0,0
0.20710349984821,6755,0.351,0,0
0.20710349528196,6756,0.3512,0,0
0.20710349071573,6757,0.3514,0,0
0.20710348614952,6758,0.3516,0,0
0.20710348158332,6759,0.3518,0,0
0.20710347701714,6760,0.352,0,0
0.20710347245097,6761,0.3522,0,0
0.20710346788481,6762,0.3524,0,0
0.20710346331867,6763,0.3526,0,0
0.20710345875254,6764,0.3528,0,0
0.20710345418643,6765,0.353,0,0
0.20710344962034,6766,0.3532,0,0
0.20710344505426,6767,0.3534,0,0
0.20710344048819,6768,0.3536,0,0
0.20710343592214,6769,0.3538,0,0
0.2071034313561,6770,0.354,0,0
0.20710342679007,6771,0.3542,0,0
0.20710342222407,6772,0.3544,0,0
0.20710341765807,6773,0.3546,0,0
0.20710341309209,6774,0.3548,0,0
0.20710340852613,6775,0.355,0,0
0.20710340396018,6776,0.3552,0,0
0.20710339939424,6777,0.3554,0,0
0.20710339482832,6778,0.3556,0,0
0.20710339026241,6779,0.3558,0,0
0.20710338569652,6780,0.356,0,0
0.20710338113065,6781,0.3562,0,0
0.20710337656478,6782,0.3564,0,0
0.20710337199893,6783,0.3566,0,0
0.2071033674331,6784,0.3568,0,0
0.20710336286728,6785,0.357,0,0
0.20710335830148,6786,0.3572,0,0
0.20710335373569,6787,0.3574,0,0
0.20710334916991,6788,0.3576,0,0
0.20710334460415,6789,0.3578,0,0
0.2071033400384,6790,0.358,0,0
0.20710333547267,6791,0.3582,0,0
0.20710333090695,6792,0.3584,0,0
0.20710332634125,6793,0.3586,0,0
0.20710332177556,6794,0.3588,0,0
0.20710331720988,6795,0.359,0,0
0.20710331264422,6796,0.3592,0,0
0.20710330807858,6797,0.3594,0,0
0.20710330351294,6798,0.3596,0,0
0.20710329894733,6799,0.3598,0,0
0.20710329438172,6800,0.36,0,0
0.20710328981614,6801,0.3602,0,0
0.20710328525056,6802,0.3604,0,0
0.207103280685,6803,0.3606,0,0
0.20710327611946,6804,0.3608,0,0
0.20710327155392,6805,0.361,0,0
0.20710326698841,6806,0.3612,0,0
0.2071032624229,6807,0.3614,0,0
0.20710325785742,6808,0.3616,0,0
0.20710325329194,6809,0.3618,0,0
0.20710324872648,6810,0.362,0,0
0.20710324416104,6811,0.3622,0,0
0.20710323959561,6812,0.3624,0,0
0.20710323503019,6813,0.3626,0,0
0.20710323046478,6814,0.3628,0,0
0.2071032258994,6815,0.363,0,0
0.20710322133402,6816,0.3632,0,0
0.20710321676866,6817,0.3634,0,0
0.20710321220331,6818,0.3636,0,0
0.20710320763798,6819,0.3638,0,0
0.20710320307266,6820,0.364,0,0
0.20710319850736,6821,0.3642,0,0
0.20710319394207,6822,0.3644,0,0
0.2071031893768,6823,0.3646,0,0
0.20710318481153,6824,0.3648,0,0
0.20710318024629,6825,0.365,0,0
0.20710317568105,6826,0.3652,0,0
0.20710317111583,6827,0.3654,0,0
0.20710316655063,6828,0.3656,0,0
0.20710316198544,6829,0.3658,0,0
0.20710315742026,6830,0.366,0,0
0.2071031528551,6831,0.3662,0,0
0.20710314828995,6832,0.3664,0,0
0.20710314372482,6833,0.3666,0,0
0.20710313915969,6834,0.3668,0,0
0.20710313459459,6835,0.367,0,0
0.2071031300295,6836,0.3672,0,0
0.20710312546442,6837,0.3674,0,0
0.20710312089935,6838,0.3676,0,0
0.2071031163343,6839,0.3678,0,0
0.20710311176926,6840,0.368,0,0
0.20710310720424,6841,0.3682,0,0
0.20710310263923,6842,0.3684,0,0
0.20710309807424,6843,0.3686,0,0
0.20710309350926,6844,0.3688,0,0
0.20710308894429,6845,0.369,0,0
0.20710308437934,6846,0.3692,0,0
0.2071030798144,6847,0.3694,0,0
0.20710307524947,6848,0.3696,0,0
0.20710307068456,6849,0.3698,0,0
0.20710306611966,6850,0.37,0,0
0.20710306155478,6851,0.3702,0,0
0.20710305698991,6852,0.3704,0,0
0.20710305242505,6853,0.3706,0,0
0.20710304786021,6854,0.3708,0,0
0.20710304329538,6855,0.371,0,0
0.20710303873057,6856,0.3712,0,0
0.20710303416576,6857,0.3714,0,0
0.20710302960098,6858,0.3716,0,0
0.2071030250362,6859,0.3718,0,0
0.20710302047144,6860,0.372,0,0
0.2071030159067,6861,0.3722,0,0
0.20710301134197,6862,0.3724,0,0
0.20710300677725,6863,0.3726,0,0
0.20710300221254,6864,0.3728,0,0
0.20710299764785,6865,0.373,0,0
0.20710299308318,6866,0.3732,0,0
0.20710298851851,6867,0.3734,0,0
0.20710298395386,6868,0.3736,0,0
0.20710297938923,6869,0.3738,0,0
0.2071029748246,6870,0.374,0,0
0.20710297025999,6871,0.3742,0,0
0.2071029656954,6872,0.3744,0,0
0.20710296113082,6873,0.3746,0,0
0.20710295656625,6874,0.3748,0,0
0.20710295200169,6875,0.375,0,0
0.20710294743715,6876,0.3752,0,0
0.20710294287263,6877,0.3754,0,0
0.20710293830811,6878,0.3756,0,0
0.20710293374361,6879,0.3758,0,0
0.20710292917913,6880,0.376,0,0
0.20710292461465,6881,0.3762,0,0
0.20710292005019,6882,0.3764,0,0
0.20710291548575,6883,0.3766,0,0
0.20710291092132,6884,0.3768,0,0
0.2071029063569,6885,0.377,0,0
0.20710290179249,6886,0.3772,0,0
0.2071028972281,6887,0.3774,0,0
0.20710289266372,6888,0.3776,0,0
0.20710288809936,6889,0.3778,0,0
0.20710288353501,6890,0.378,0,0
0.20710287897067,6891,0.3782,0,0
0.20710287440634,6892,0.3784,0,0
0.20710286984203,6893,0.3786,0,0
0.20710286527774,6894,0.3788,0,0
0.20710286071345,6895,0.379,0,0
0.20710285614918,6896,0.3792,0,0
0.20710285158492,6897,0.3794,0,0
0.20710284702068,6898,0.3796,0,0
0.20710284245645,6899,0.3798,0,0
0.20710283789223,6900,0.38,0,0
0.20710283332803,6901,0.3802,0,0
0.20710282876384,6902,0.3804,0,0
0.20710282419966,6903,0.3806,0,0
0.2071028196355,6904,0.3808,0,0
0.20710281507135,6905,0.381,0,0
0.20710281050721,6906,0.3812,0,0
0.20710280594309,6907,0.3814,0,0
0.20710280137898,6908,0.3816,0,0
0.20710279681488,6909,0.3818,0,0
0.20710279225079,6910,0.382,0,0
0.20710278768672,6911,0.3822,0,0
0.20710278312267,6912,0.3824,0,0
0.20710277855862,6913,0.3826,0,0
0.20710277399459,6914,0.3828,0,0
0.20710276943057,6915,0.383,0,0
0.20710276486657,6916,0.3832,0,0
0.20710276030258,6917,0.3834,0,0
0.2071027557386,6918,0.3836,0,0
0.20710275117463,6919,0.3838,0,0
0.20710274661068,6920,0.384,0,0
0.20710274204674,6921,0.3842,0,0
0.20710273748282,6922,0.3844,0,0
0.20710273291891,6923,0.3846,0,0
0.20710272835501,6924,0.3848,0,0
0.20710272379112,6925,0.385,0,0
0.20710271922725,6926,0.3852,0,0
0.20710271466339,6927,0.3854,0,0
0.20710271009954,6928,0.3856,0,0
0.20710270553571,6929,0.3858,0,0
0.20710270097189,6930,0.386,0,0
0.20710269640808,6931,0.3862,0,0
0.20710269184428,6932,0.3864,0,0
0.2071026872805,6933,0.3866,0,0
0.20710268271673,6934,0.3868,0,0
0.20710267815298,6935,0.387,0,0
0.20710267358924,6936,0.3872,0,0
0.20710266902551,6937,0.3874,0,0
0.20710266446179,6938,0.3876,0,0
0.20710265989809,6939,0.3878,0,0
0.2071026553344,6940,0.388,0,0
0.20710265077072,6941,0.3882,0,0
0.20710264620705,6942,0.3884,0,0
0.2071026416434,6943,0.3886,0,0
0.20710263707976,6944,0.3888,0,0
0.20710263251614,6945,0.389,0,0
0.20710262795253,6946,0.3892,0,0
0.20710262338893,6947,0.3894,0,0
0.20710261882534,6948,0.3896,0,0
0.20710261426176,6949,0.3898,0,0
0.2071026096982,6950,0.39,0,0
0.20710260513465,6951,0.3902,0,0
0.20710260057112,6952,0.3904,0,0
0.2071025960076,6953,0.3906,0,0
0.20710259144409,6954,0.3908,0,0
0.20710258688059,6955,0.391,0,0
0.2071025823171,6956,0.3912,0,0
0.20710257775363,6957,0.3914,0,0
0.20710257319017,6958,0.3916,0,0
0.20710256862673,6959,0.3918,0,0
0.2071025640633,6960,0.392,0,0
0.20710255949988,6961,0.3922,0,0
0.20710255493647,6962,0.3924,0,0
0.20710255037307,6963,0.3926,0,0
0.20710254580969,6964,0.3928,0,0
0.20710254124632,6965,0.393,0,0
0.20710253668296,6966,0.3932,0,0
0.20710253211962,6967,0.3934,0,0
0.20710252755629,6968,0.3936,0,0
0.20710252299297,6969,0.3938,0,0
0.20710251842966,6970,0.394,0,0
0.20710251386637,6971,0.3942,0,0
0.20710250930309,6972,0.3944,0,0
0.20710250473982,6973,0.3946,0,0
0.20710250017657,6974,0.3948,0,0
0.20710249561332,6975,0.395,0,0
0.20710249105009,6976,0.3952,0,0
0.20710248648688,6977,0.3954,0,0
0.20710248192367,6978,0.3956,0,0
0.20710247736048,6979,0.3958,0,0
0.2071024727973,6980,0.396,0,0
0.20710246823413,6981,0.3962,0,0
0.20710246367098,6982,0.3964,0,0
0.20710245910783,6983,0.3966,0,0
0.20710245454471,6984,0.3968,0,0
0.20710244998159,6985,0.397,0,0
0.20710244541848,6986,0.3972,0,0
0.20710244085539,6987,0.3974,0,0
0.20710243629231,6988,0.3976,0,0
0.20710243172924,6989,0.3978,0,0
0.20710242716619,6990,0.398,0,0
0.20710242260315,6991,0.3982,0,0
0.20710241804012,6992,0.3984,0,0
0.2071024134771,6993,0.3986,0,0
0.2071024089141,6994,0.3988,0,0
0.2071024043511,6995,0.399,0,0
0.20710239978812,6996,0.3992,0,0
0.20710239522516,6997,0.3994,0,0
0.2071023906622,6998,0.3996,0,0
0.20710238609926,6999,0.3998,0,0
0.20710238153633,7000,0.4,0,0
0.20710237697341,7001,0.4002,0,0
0.2071023724105,7002,0.4004,0,0
0.20710236784761,7003,0.4006,0,0
0.20710236328473,7004,0.4008,0,0
0.20710235872186,7005,0.401,0,0
0.207102354159,7006,0.4012,0,0
0.20710234959616,7007,0.4014,0,0
0.20710234503333,7008,0.4016,0,0
0.20710234047051,7009,0.4018,0,0
0.2071023359077,7010,0.402,0,0
0.20710233134491,7011,0.4022,0,0
0.20710232678212,7012,0.4024,0,0
0.20710232221935,7013,0.4026,0,0
0.20710231765659,7014,0.4028,0,0
0.20710231309385,7015,0.403,0,0
0.20710230853111,7016,0.4032,0,0
0.20710230396839,7017,0.4034,0,0
0.20710229940568,7018,0.4036,0,0
0.20710229484298,7019,0.4038,0,0
0.2071022902803,7020,0.404,0,0
0.20710228571763,7021,0.4042,0,0
0.20710228115497,7022,0.4044,0,0
0.20710227659232,7023,0.4046,0,0
0.20710227202968,7024,0.4048,0,0
0.20710226746706,7025,0.405,0,0
0.20710226290444,7026,0.4052,0,0
0.20710225834184,7027,0.4054,0,0
0.20710225377926,7028,0.4056,0,0
0.20710224921668,7029,0.4058,0,0
0.20710224465411,7030,0.406,0,0
0.20710224009156,7031,0.4062,0,0
0.20710223552902,7032,0.4064,0,0
0.2071022309665,7033,0.4066,0,0
0.20710222640398,7034,0.4068,0,0
0.20710222184148,7035,0.407,0,0
0.20710221727898,7036,0.4072,0,0
0.2071022127165,7037,0.4074,0,0
0.20710220815404,7038,0.4076,0,0
0.20710220359158,7039,0.4078,0,0
0.20710219902914,7040,0.408,0,0
0.2071021944667,7041,0.4082,0,0
0.20710218990428,7042,0.4084,0,0
0.20710218534188,7043,0.4086,0,0
0.20710218077948,7044,0.4088,0,0
0.2071021762171,7045,0.409,0,0
0.20710217165472,7046,0.4092,0,0
0.20710216709236,7047,0.4094,0,0
0.20710216253001,7048,0.4096,0,0
0.20710215796768,7049,0.4098,0,0
0.20710215340535,7050,0.41,0,0
0.20710214884304,7051,0.4102,0,0
0.20710214428074,7052,0.4104,0,0
0.20710213971845,7053,0.4106,0,0
0.20710213515617,7054,0.4108,0,0
0.20710213059391,7055,0.411,0,0
0.20710212603165,7056,0.4112,0,0
0.20710212146941,7057,0.4114,0,0
0.20710211690718,7058,0.4116,0,0
0.20710211234496,7059,0.4118,0,0
0.20710210778276,7060,0.412,0,0
0.20710210322056,7061,0.4122,0,0
0.20710209865838,7062,0.4124,0,0
0.20710209409621,7063,0.4126,0,0
0.20710208953405,7064,0.4128,0,0
0.2071020849719,7065,0.413,0,0
0.20710208040976,7066,0.4132,0,0
0.20710207584764,7067,0.4134,0,0
0.20710207128552,7068,0.4136,0,0
0.20710206672342,7069,0.4138,0,0
0.20710206216133,7070,0.414,0,0
0.20710205759926,7071,0.4142,0,0
0.20710205303719,7072,0.4144,0,0
0.20710204847514,7073,0.4146,0,0
0.20710204391309,7074,0.4148,0,0
0.20710203935106,7075,0.415,0,0
0.20710203478904,7076,0.4152,0,0
0.20710203022703,7077,0.4154,0,0
0.20710202566504,7078,0.4156,0,0
0.20710202110305,7079,0.4158,0,0
0.20710201654108,7080,0.416,0,0
0.20710201197912,7081,0.4162,0,0
0.20710200741717,7082,0.4164,0,0
0.20710200285523,7083,0.4166,0,0
0.2071019982933,7084,0.4168,0,0
0.20710199373138,7085,0.417,0,0
0.20710198916948,7086,0.4172,0,0
0.20710198460759,7087,0.4174,0,0
0.20710198004571,7088,0.4176,0,0
0.20710197548384,7089,0.4178,0,0
0.20710197092198,7090,0.418,0,0
0.20710196636013,7091,0.4182,0,0
0.2071019617983,7092,0.4184,0,0
0.20710195723647,7093,0.4186,0,0
0.20710195267466,7094,0.4188,0,0
0.20710194811286,7095,0.419,0,0
0.20710194355107,7096,0.4192,0,0
0.20710193898929,7097,0.4194,0,0
0.20710193442752,7098,0.4196,0,0
0.20710192986577,7099,0.4198,0,0
0.20710192530402,7100,0.42,0,0
0.20710192074229,7101,0.4202,0,0
0.20710191618057,7102,0.4204,0,0
0.20710191161886,7103,0.4206,0,0
0.20710190705716,7104,0.4208,0,0
0.20710190249547,7105,0.421,0,0
0.20710189793379,7106,0.4212,0,0
0.20710189337213,7107,0.4214,0,0
0.20710188881048,7108,0.4216,0,0
0.20710188424883,7109,0.4218,0,0
0.2071018796872,7110,0.422,0,0
0.20710187512558,7111,0.4222,0,0
0.20710187056397,7112,0.4224,0,0
0.20710186600238,7113,0.4226,0,0
0.20710186144079,7114,0.4228,0,0
0.20710185687921,7115,0.423,0,0
0.20710185231765,7116,0.4232,0,0
0.2071018477561,7117,0.4234,0,0
0.20710184319456,7118,0.4236,0,0
0.20710183863303,7119,0.4238,0,0
0.20710183407151,7120,0.424,0,0
0.20710182951,7121,0.4242,0,0
0.2071018249485,7122,0.4244,0,0
0.20710182038702,7123,0.4246,0,0
0.20710181582554,7124,0.4248,0,0
0.20710181126408,7125,0.425,0,0
0.20710180670263,7126,0.4252,0,0
0.20710180214118,7127,0.4254,0,0
0.20710179757975,7128,0.4256,0,0
0.20710179301833,7129,0.4258,0,0
0.20710178845693,7130,0.426,0,0
0.20710178389553,7131,0.4262,0,0
0.20710177933414,7132,0.4264,0,0
0.20710177477277,7133,0.4266,0,0
0.2071017702114,7134,0.4268,0,0
0.20710176565005,7135,0.427,0,0
0.20710176108871,7136,0.4272,0,0
0.20710175652738,7137,0.4274,0,0
0.20710175196606,7138,0.4276,0,0
0.20710174740475,7139,0.4278,0,0
0.20710174284345,7140,0.428,0,0
0.20710173828216,7141,0.4282,0,0
0.20710173372089,7142,0.4284,0,0
0.20710172915962,7143,0.4286,0,0
0.20710172459837,7144,0.4288,0,0
0.20710172003712,7145,0.429,0,0
0.20710171547589,7146,0.4292,0,0
0.20710171091467,7147,0.4294,0,0
0.20710170635346,7148,0.4296,0,0
0.20710170179226,7149,0.4298,0,0
0.20710169723107,7150,0.43,0,0
0.20710169266989,7151,0.4302,0,0
0.20710168810872,7152,0.4304,0,0
0.20710168354757,7153,0.4306,0,0
0.20710167898642,7154,0.4308,0,0
0.20710167442529,7155,0.431,0,0
0.20710166986416,7156,0.4312,0,0
0.20710166530305,7157,0.4314,0,0
0.20710166074195,7158,0.4316,0,0
0.20710165618086,7159,0.4318,0,0
0.20710165161977,7160,0.432,0,0
0.2071016470587,7161,0.4322,0,0
0.20710164249764,7162,0.4324,0,0
0.20710163793659,7163,0.4326,0,0
0.20710163337556,7164,0.4328,0,0
0.20710162881453,7165,0.433,0,0
0.20710162425351,7166,0.4332,0,0
0.20710161969251,7167,0.4334,0,0
0.20710161513151,7168,0.4336,0,0
0.20710161057053,7169,0.4338,0,0
0.20710160600955,7170,0.434,0,0
0.20710160144859,7171,0.4342,0,0
0.20710159688764,7172,0.4344,0,0
0.20710159232669,7173,0.4346,0,0
0.20710158776576,7174,0.4348,0,0
0.20710158320484,7175,0.435,0,0
0.20710157864393,7176,0.4352,0,0
0.20710157408303,7177,0.4354,0,0
0.20710156952214,7178,0.4356,0,0
0.20710156496126,7179,0.4358,0,0
0.20710156040039,7180,0.436,0,0
0.20710155583954,7181,0.4362,0,0
0.20710155127869,7182,0.4364,0,0
0.20710154671785,7183,0.4366,0,0
0.20710154215703,7184,0.4368,0,0
0.20710153759621,7185,0.437,0,0
0.20710153303541,7186,0.4372,0,0
0.20710152847461,7187,0.4374,0,0
0.20710152391383,7188,0.4376,0,0
0.20710151935305,7189,0.4378,0,0
0.20710151479229,7190,0.438,0,0
0.20710151023154,7191,0.4382,0,0
0.20710150567079,7192,0.4384,0,0
0.20710150111006,7193,0.4386,0,0
0.20710149654934,7194,0.4388,0,0
0.20710149198863,7195,0.439,0,0
0.20710148742793,7196,0.4392,0,0
0.20710148286724,7197,0.4394,0,0
0.20710147830656,7198,0.4396,0,0
0.20710147374589,7199,0.4398,0,0
0.20710146918523,7200,0.44,0,0
0.20710146462458,7201,0.4402,0,0
0.20710146006394,7202,0.4404,0,0
0.20710145550331,7203,0.4406,0,0
0.20710145094269,7204,0.4408,0,0
0.20710144638209,7205,0.441,0,0
0.20710144182149,7206,0.4412,0,0
0.2071014372609,7207,0.4414,0,0
0.20710143270033,7208,0.4416,0,0
0.20710142813976,7209,0.4418,0,0
0.2071014235792,7210,0.442,0,0
0.20710141901866,7211,0.4422,0,0
0.20710141445812,7212,0.4424,0,0
0.20710140989759,7213,0.4426,0,0
0.20710140533708,7214,0.4428,0,0
0.20710140077657,7215,0.443,0,0
0.20710139621608,7216,0.4432,0,0
0.20710139165559,7217,0.4434,0,0
0.20710138709512,7218,0.4436,0,0
0.20710138253465,7219,0.4438,0,0
0.2071013779742,7220,0.444,0,0
0.20710137341375,7221,0.4442,0,0
0.20710136885332,7222,0.4444,0,0
0.2071013642929,7223,0.4446,0,0
0.20710135973248,7224,0.4448,0,0
0.20710135517208,7225,0.445,0,0
0.20710135061168,7226,0.4452,0,0
0.2071013460513,7227,0.4454,0,0
0.20710134149093,7228,0.4456,0,0
0.20710133693056,7229,0.4458,0,0
0.20710133237021,7230,0.446,0,0
0.20710132780986,7231,0.4462,0,0
0.20710132324953,7232,0.4464,0,0
0.20710131868921,7233,0.4466,0,0
0.20710131412889,7234,0.4468,0,0
0.20710130956859,7235,0.447,0,0
0.2071013050083,7236,0.4472,0,0
0.20710130044801,7237,0.4474,0,0
0.20710129588774,7238,0.4476,0,0
0.20710129132747,7239,0.4478,0,0
0.20710128676722,7240,0.448,0,0
0.20710128220698,7241,0.4482,0,0
0.20710127764674,7242,0.4484,0,0
0.20710127308652,7243,0.4486,0,0
0.2071012685263,7244,0.4488,0,0
0.2071012639661,7245,0.449,0,0
0.20710125940591,7246,0.4492,0,0
0.20710125484572,7247,0.4494,0,0
0.20710125028555,7248,0.4496,0,0
0.20710124572538,7249,0.4498,0,0
0.20710124116523,7250,0.45,0,0
0.20710123660508,7251,0.4502,0,0
0.20710123204495,7252,0.4504,0,0
0.20710122748482,7253,0.4506,0,0
0.2071012229247,7254,0.4508,0,0
0.2071012183646,7255,0.451,0,0
0.2071012138045,7256,0.4512,0,0
0.20710120924441,7257,0.4514,0,0
0.20710120468434,7258,0.4516,0,0
0.20710120012427,7259,0.4518,0,0
0.20710119556421,7260,0.452,0,0
0.20710119100417,7261,0.4522,0,0
0.20710118644413,7262,0.4524,0,0
0.2071011818841,7263,0.4526,0,0
0.20710117732408,7264,0.4528,0,0
0.20710117276407,7265,0.453,0,0
0.20710116820407,7266,0.4532,0,0
0.20710116364408,7267,0.4534,0,0
0.20710115908411,7268,0.4536,0,0
0.20710115452413,7269,0.4538,0,0
0.20710114996417,7270,0.454,0,0
0.20710114540422,7271,0.4542,0,0
0.20710114084428,7272,0.4544,0,0
0.20710113628435,7273,0.4546,0,0
0.20710113172443,7274,0.4548,0,0
0.20710112716452,7275,0.455,0,0
0.20710112260461,7276,0.4552,0,0
0.20710111804472,7277,0.4554,0,0
0.20710111348484,7278,0.4556,0,0
0.20710110892496,7279,0.4558,0,0
0.2071011043651,7280,0.456,0,0
0.20710109980524,7281,0.4562,0,0
0.2071010952454,7282,0.4564,0,0
0.20710109068556,7283,0.4566,0,0
0.20710108612573,7284,0.4568,0,0
0.20710108156592,7285,0.457,0,0
0.20710107700611,7286,0.4572,0,0
0.20710107244631,7287,0.4574,0,0
0.20710106788652,7288,0.4576,0,0
0.20710106332674,7289,0.4578,0,0
0.20710105876697,7290,0.458,0,0
0.20710105420721,7291,0.4582,0,0
0.20710104964746,7292,0.4584,0,0
0.20710104508772,7293,0.4586,0,0
0.20710104052799,7294,0.4588,0,0
0.20710103596826,7295,0.459,0,0
0.20710103140855,7296,0.4592,0,0
0.20710102684884,7297,0.4594,0,0
0.20710102228915,7298,0.4596,0,0
0.20710101772946,7299,0.4598,0,0
0.20710101316979,7300,0.46,0,0
0.20710100861012,7301,0.4602,0,0
0.20710100405046,7302,0.4604,0,0
0.20710099949081,7303,0.4606,0,0
0.20710099493118,7304,0.4608,0,0
0.20710099037155,7305,0.461,0,0
0.20710098581193,7306,0.4612,0,0
0.20710098125231,7307,0.4614,0,0
0.20710097669271,7308,0.4616,0,0
0.20710097213312,7309,0.4618,0,0
0.20710096757354,7310,0.462,0,0
0.20710096301396,7311,0.4622,0,0
0.2071009584544,7312,0.4624,0,0
0.20710095389484,7313,0.4626,0,0
0.20710094933529,7314,0.4628,0,0
0.20710094477576,7315,0.463,0,0
0.20710094021623,7316,0.4632,0,0
0.20710093565671,7317,0.4634,0,0
0.2071009310972,7318,0.4636,0,0
0.2071009265377,7319,0.4638,0,0
0.2071009219782,7320,0.464,0,0
0.20710091741872,7321,0.4642,0,0
0.20710091285925,7322,0.4644,0,0
0.20710090829978,7323,0.4646,0,0
0.20710090374033,7324,0.4648,0,0
0.20710089918088,7325,0.465,0,0
0.20710089462144,7326,0.4652,0,0
0.20710089006202,7327,0.4654,0,0
0.2071008855026,7328,0.4656,0,0
0.20710088094319,7329,0.4658,0,0
0.20710087638379,7330,0.466,0,0
0.20710087182439,7331,0.4662,0,0
0.20710086726501,7332,0.4664,0,0
0.20710086270564,7333,0.4666,0,0
0.20710085814627,7334,0.4668,0,0
0.20710085358691,7335,0.467,0,0
0.20710084902757,7336,0.4672,0,0
0.20710084446823,7337,0.4674,0,0
0.2071008399089,7338,0.4676,0,0
0.20710083534958,7339,0.4678,0,0
0.20710083079027,7340,0.468,0,0
0.20710082623096,7341,0.4682,0,0
0.20710082167167,7342,0.4684,0,0
0.20710081711239,7343,0.4686,0,0
0.20710081255311,7344,0.4688,0,0
0.20710080799384,7345,0.469,0,0
0.20710080343458,7346,0.4692,0,0
0.20710079887533,7347,0.4694,0,0
0.20710079431609,7348,0.4696,0,0
0.20710078975686,7349,0.4698,0,0
0.20710078519764,7350,0.47,0,0
0.20710078063842,7351,0.4702,0,0
0.20710077607922,7352,0.4704,0,0
0.20710077152002,7353,0.4706,0,0
0.20710076696084,7354,0.4708,0,0
0.20710076240166,7355,0.471,0,0
0.20710075784249,7356,0.4712,0,0
0.20710075328332,7357,0.4714,0,0
0.20710074872417,7358,0.4716,0,0
0.20710074416503,7359,0.4718,0,0
0.20710073960589,7360,0.472,0,0
0.20710073504677,7361,0.4722,0,0
0.20710073048765,7362,0.4724,0,0
0.20710072592854,7363,0.4726,0,0
0.20710072136944,7364,0.4728,0,0
0.20710071681035,7365,0.473,0,0
0.20710071225126,7366,0.4732,0,0
0.20710070769219,7367,0.4734,0,0
0.20710070313312,7368,0.4736,0,0
0.20710069857406,7369,0.4738,0,0
0.20710069401502,7370,0.474,0,0
0.20710068945597,7371,0.4742,0,0
0.20710068489694,7372,0.4744,0,0
0.20710068033792,7373,0.4746,0,0
0.20710067577891,7374,0.4748,0,0
0.2071006712199,7375,0.475,0,0
0.2071006666609,7376,0.4752,0,0
0.20710066210191,7377,0.4754,0,0
0.20710065754293,7378,0.4756,0,0
0.20710065298396,7379,0.4758,0,0
0.207100648425,7380,0.476,0,0
0.20710064386604,7381,0.4762,0,0
0.2071006393071,7382,0.4764,0,0
0.20710063474816,7383,0.4766,0,0
0.20710063018923,7384,0.4768,0,0
0.20710062563031,7385,0.477,0,0
0.2071006210714,7386,0.4772,0,0
0.20710061651249,7387,0.4774,0,0
0.2071006119536,7388,0.4776,0,0
0.20710060739471,7389,0.4778,0,0
0.20710060283583,7390,0.478,0,0
0.20710059827696,7391,0.4782,0,0
0.2071005937181,7392,0.4784,0,0
0.20710058915925,7393,0.4786,0,0
0.2071005846004,7394,0.4788,0,0
0.20710058004156,7395,0.479,0,0
0.20710057548274,7396,0.4792,0,0
0.20710057092392,7397,0.4794,0,0
0.2071005663651,7398,0.4796,0,0
0.2071005618063,7399,0.4798,0,0
0.20710055724751,7400,0.48,0,0
0.20710055268872,7401,0.4802,0,0
0.20710054812994,7402,0.4804,0,0
0.20710054357117,7403,0.4806,0,0
0.20710053901241,7404,0.4808,0,0
0.20710053445365,7405,0.481,0,0
0.20710052989491,7406,0.4812,0,0
0.20710052533617,7407,0.4814,0,0
0.20710052077744,7408,0.4816,0,0
0.20710051621872,7409,0.4818,0,0
0.20710051166001,7410,0.482,0,0
0.2071005071013,7411,0.4822,0,0
0.20710050254261,7412,0.4824,0,0
0.20710049798392,7413,0.4826,0,0
0.20710049342524,7414,0.4828,0,0
0.20710048886657,7415,0.483,0,0
0.2071004843079,7416,0.4832,0,0
0.20710047974925,7417,0.4834,0,0
0.2071004751906,7418,0.4836,0,0
0.20710047063196,7419,0.4838,0,0
0.20710046607333,7420,0.484,0,0
0.20710046151471,7421,0.4842,0,0
0.20710045695609,7422,0.4844,0,0
0.20710045239749,7423,0.4846,0,0
0.20710044783889,7424,0.4848,0,0
0.2071004432803,7425,0.485,0,0
0.20710043872171,7426,0.4852,0,0
0.20710043416314,7427,0.4854,0,0
0.20710042960457,7428,0.4856,0,0
0.20710042504601,7429,0.4858,0,0
0.20710042048746,7430,0.486,0,0
0.20710041592892,7431,0.4862,0,0
0.20710041137039,7432,0.4864,0,0
0.20710040681186,7433,0.4866,0,0
0.20710040225334,7434,0.4868,0,0
0.20710039769483,7435,0.487,0,0
0.20710039313633,7436,0.4872,0,0
0.20710038857783,7437,0.4874,0,0
0.20710038401934,7438,0.4876,0,0
0.20710037946086,7439,0.4878,0,0
0.20710037490239,7440,0.488,0,0
0.20710037034393,7441,0.4882,0,0
0.20710036578547,7442,0.4884,0,0
0.20710036122703,7443,0.4886,0,0
0.20710035666859,7444,0.4888,0,0
0.20710035211016,7445,0.489,0,0
0.20710034755173,7446,0.4892,0,0
0.20710034299332,7447,0.4894,0,0
0.20710033843491,7448,0.4896,0,0
0.20710033387651,7449,0.4898,0,0
0.20710032931811,7450,0.49,0,0
0.20710032475973,7451,0.4902,0,0
0.20710032020135,7452,0.4904,0,0
0.20710031564298,7453,0.4906,0,0
0.20710031108462,7454,0.4908,0,0
0.20710030652627,7455,0.491,0,0
0.20710030196792,7456,0.4912,0,0
0.20710029740958,7457,0.4914,0,0
0.20710029285125,7458,0.4916,0,0
0.20710028829293,7459,0.4918,0,0
0.20710028373461,7460,0.492,0,0
0.2071002791763,7461,0.4922,0,0
0.207100274618,7462,0.4924,0,0
0.20710027005971,7463,0.4926,0,0
0.20710026550143,7464,0.4928,0,0
0.20710026094315,7465,0.493,0,0
0.20710025638488,7466,0.4932,0,0
0.20710025182662,7467,0.4934,0,0
0.20710024726837,7468,0.4936,0,0
0.20710024271012,7469,0.4938,0,0
0.20710023815188,7470,0.494,0,0
0.20710023359365,7471,0.4942,0,0
0.20710022903542,7472,0.4944,0,0
0.20710022447721,7473,0.4946,0,0
0.207100219919,7474,0.4948,0,0
0.2071002153608,7475,0.495,0,0
0.2071002108026,7476,0.4952,0,0
0.20710020624442,7477,0.4954,0,0
0.20710020168624,7478,0.4956,0,0
0.20710019712807,7479,0.4958,0,0
0.20710019256991,7480,0.496,0,0
0.20710018801175,7481,0.4962,0,0
0.2071001834536,7482,0.4964,0,0
0.20710017889546,7483,0.4966,0,0
0.20710017433733,7484,0.4968,0,0
0.2071001697792,7485,0.497,0,0
0.20710016522108,7486,0.4972,0,0
0.20710016066297,7487,0.4974,0,0
0.20710015610487,7488,0.4976,0,0
0.20710015154677,7489,0.4978,0,0
0.20710014698868,7490,0.498,0,0
0.2071001424306,7491,0.4982,0,0
0.20710013787252,7492,0.4984,0,0
0.20710013331446,7493,0.4986,0,0
0.2071001287564,7494,0.4988,0,0
0.20710012419834,7495,0.499,0,0
0.2071001196403,7496,0.4992,0,0
0.20710011508226,7497,0.4994,0,0
0.20710011052423,7498,0.4996,0,0
0.20710010596621,7499,0.4998,0,0
0.20710010140819,7500,0.5,0,0
0.20710009685018,7501,0.5002,0,0
0.20710009229218,7502,0.5004,0,0
0.20710008773419,7503,0.5006,0,0
0.2071000831762,7504,0.5008,0,0
0.20710007861822,7505,0.501,0,0
0.20710007406025,7506,0.5012,0,0
0.20710006950228,7507,0.5014,0,0
0.20710006494433,7508,0.5016,0,0
0.20710006038638,7509,0.5018,0,0
0.20710005582843,7510,0.502,0,0
0.2071000512705,7511,0.5022,0,0
0.20710004671257,7512,0.5024,0,0
0.20710004215465,7513,0.5026,0,0
0.20710003759673,7514,0.5028,0,0
0.20710003303882,7515,0.503,0,0
0.20710002848092,7516,0.5032,0,0
0.20710002392303,7517,0.5034,0,0
0.20710001936514,7518,0.5036,0,0
0.20710001480726,7519,0.5038,0,0
0.20710001024939,7520,0.504,0,0
0.20710000569153,7521,0.5042,0,0
0.20710000113367,7522,0.5044,0,0
0.20709999657582,7523,0.5046,0,0
0.20709999201797,7524,0.5048,0,0
0.20709998746014,7525,0.505,0,0
0.20709998290231,7526,0.5052,0,0
0.20709997834448,7527,0.5054,0,0
0.20709997378667,7528,0.5056,0,0
0.20709996922886,7529,0.5058,0,0
0.20709996467106,7530,0.506,0,0
0.20709996011326,7531,0.5062,0,0
0.20709995555548,7532,0.5064,0,0
0.20709995099769,7533,0.5066,0,0
0.20709994643992,7534,0.5068,0,0
0.20709994188215,7535,0.507,0,0
0.20709993732439,7536,0.5072,0,0
0.20709993276664,7537,0.5074,0,0
0.20709992820889,7538,0.5076,0,0
0.20709992365115,7539,0.5078,0,0
0.20709991909342,7540,0.508,0,0
0.2070999145357,7541,0.5082,0,0
0.20709990997798,7542,0.5084,0,0
0.20709990542027,7543,0.5086,0,0
0.20709990086256,7544,0.5088,0,0
0.20709989630486,7545,0.509,0,0
0.20709989174717,7546,0.5092,0,0
0.20709988718949,7547,0.5094,0,0
0.20709988263181,7548,0.5096,0,0
0.20709987807414,7549,0.5098,0,0
0.20709987351647,7550,0.51,0,0
0.20709986895882,7551,0.5102,0,0
0.20709986440117,7552,0.5104,0,0
0.20709985984352,7553,0.5106,0,0
0.20709985528588,7554,0.5108,0,0
0.20709985072825,7555,0.511,0,0
0.20709984617063,7556,0.5112,0,0
0.20709984161301,7557,0.5114,0,0
0.2070998370554,7558,0.5116,0,0
0.2070998324978,7559,0.5118,0,0
0.2070998279402,7560,0.512,0,0
0.20709982338261,7561,0.5122,0,0
0.20709981882503,7562,0.5124,0,0
0.20709981426745,7563,0.5126,0,0
0.20709980970988,7564,0.5128,0,0
0.20709980515232,7565,0.513,0,0
0.20709980059476,7566,0.5132,0,0
0.20709979603721,7567,0.5134,0,0
0.20709979147967,7568,0.5136,0,0
0.20709978692213,7569,0.5138,0,0
0.2070997823646,7570,0.514,0,0
0.20709977780708,7571,0.5142,0,0
0.20709977324956,7572,0.5144,0,0
0.20709976869205,7573,0.5146,0,0
0.20709976413454,7574,0.5148,0,0
0.20709975957705,7575,0.515,0,0
0.20709975501955,7576,0.5152,0,0
0.20709975046207,7577,0.5154,0,0
0.20709974590459,7578,0.5156,0,0
0.20709974134712,7579,0.5158,0,0
0.20709973678965,7580,0.516,0,0
0.2070997322322,7581,0.5162,0,0
0.20709972767474,7582,0.5164,0,0
0.2070997231173,7583,0.5166,0,0
0.20709971855986,7584,0.5168,0,0
0.20709971400243,7585,0.517,0,0
0.207099709445,7586,0.5172,0,0
0.20709970488758,7587,0.5174,0,0
0.20709970033017,7588,0.5176,0,0
0.20709969577276,7589,0.5178,0,0
0.20709969121536,7590,0.518,0,0
0.20709968665796,7591,0.5182,0,0
0.20709968210057,7592,0.5184,0,0
0.20709967754319,7593,0.5186,0,0
0.20709967298582,7594,0.5188,0,0
0.20709966842845,7595,0.519,0,0
0.20709966387108,7596,0.5192,0,0
0.20709965931373,7597,0.5194,0,0
0.20709965475638,7598,0.5196,0,0
0.20709965019903,7599,0.5198,0,0
0.2070996456417,7600,0.52,0,0
0.20709964108436,7601,0.5202,0,0
0.20709963652704,7602,0.5204,0,0
0.20709963196972,7603,0.5206,0,0
0.20709962741241,7604,0.5208,0,0
0.2070996228551,7605,0.521,0,0
0.2070996182978,7606,0.5212,0,0
0.20709961374051,7607,0.5214,0,0
0.20709960918322,7608,0.5216,0,0
0.20709960462594,7609,0.5218,0,0
0.20709960006866,7610,0.522,0,0
0.20709959551139,7611,0.5222,0,0
0.20709959095413,7612,0.5224,0,0
0.20709958639687,7613,0.5226,0,0
0.20709958183962,7614,0.5228,0,0
0.20709957728238,7615,0.523,0,0
0.20709957272514,7616,0.5232,0,0
0.20709956816791,7617,0.5234,0,0
0.20709956361068,7618,0.5236,0,0
0.20709955905346,7619,0.5238,0,0
0.20709955449625,7620,0.524,0,0
0.20709954993904,7621,0.5242,0,0
0.20709954538184,7622,0.5244,0,0
0.20709954082464,7623,0.5246,0,0
0.20709953626745,7624,0.5248,0,0
0.20709953171027,7625,0.525,0,0
0.20709952715309,7626,0.5252,0,0
0.20709952259592,7627,0.5254,0,0
0.20709951803875,7628,0.5256,0,0
0.20709951348159,7629,0.5258,0,0
0.20709950892444,7630,0.526,0,0
0.20709950436729,7631,0.5262,0,0
0.20709949981015,7632,0.5264,0,0
0.20709949525301,7633,0.5266,0,0
0.20709949069588,7634,0.5268,0,0
0.20709948613876,7635,0.527,0,0
0.20709948158164,7636,0.5272,0,0
0.20709947702453,7637,0.5274,0,0
0.20709947246742,7638,0.5276,0,0
0.20709946791032,7639,0.5278,0,0
0.20709946335323,7640,0.528,0,0
0.20709945879614,7641,0.5282,0,0
0.20709945423905,7642,0.5284,0,0
0.20709944968198,7643,0.5286,0,0
0.20709944512491,7644,0.5288,0,0
0.20709944056784,7645,0.529,0,0
0.20709943601078,7646,0.5292,0,0
0.20709943145373,7647,0.5294,0,0
0.20709942689668,7648,0.5296,0,0
0.20709942233964,7649,0.5298,0,0
0.2070994177826,7650,0.53,0,0
0.20709941322557,7651,0.5302,0,0
0.20709940866855,7652,0.5304,0,0
0.20709940411153,7653,0.5306,0,0
0.20709939955451,7654,0.5308,0,0
0.20709939499751,7655,0.531,0,0
0.2070993904405,7656,0.5312,0,0
0.20709938588351,7657,0.5314,0,0
0.20709938132652,7658,0.5316,0,0
0.20709937676953,7659,0.5318,0,0
0.20709937221255,7660,0.532,0,0
0.20709936765558,7661,0.5322,0,0
0.20709936309861,7662,0.5324,0,0
0.20709935854165,7663,0.5326,0,0
0.2070993539847,7664,0.5328,0,0
0.20709934942774,7665,0.533,0,0
0.2070993448708,7666,0.5332,0,0
0.20709934031386,7667,0.5334,0,0
0.20709933575693,7668,0.5336,0,0
0.2070993312,7669,0.5338,0,0
0.20709932664307,7670,0.534,0,0
0.20709932208616,7671,0.5342,0,0
0.20709931752925,7672,0.5344,0,0
0.20709931297234,7673,0.5346,0,0
0.20709930841544,7674,0.5348,0,0
0.20709930385854,7675,0.535,0,0
0.20709929930166,7676,0.5352,0,0
0.20709929474477,7677,0.5354,0,0
0.20709929018789,7678,0.5356,0,0
0.20709928563102,7679,0.5358,0,0
0.20709928107415,7680,0.536,0,0
0.20709927651729,7681,0.5362,0,0
0.20709927196043,7682,0.5364,0,0
0.20709926740358,7683,0.5366,0,0
0.20709926284674,7684,0.5368,0,0
0.2070992582899,7685,0.537,0,0
0.20709925373306,7686,0.5372,0,0
0.20709924917623,7687,0.5374,0,0
0.20709924461941,7688,0.5376,0,0
0.20709924006259,7689,0.5378,0,0
0.20709923550578,7690,0.538,0,0
0.20709923094897,7691,0.5382,0,0
0.20709922639217,7692,0.5384,0,0
0.20709922183537,7693,0.5386,0,0
0.20709921727858,7694,0.5388,0,0
0.20709921272179,7695,0.539,0,0
0.20709920816501,7696,0.5392,0,0
0.20709920360824,7697,0.5394,0,0
0.20709919905147,7698,0.5396,0,0
0.2070991944947,7699,0.5398,0,0
0.20709918993794,7700,0.54,0,0
0.20709918538119,7701,0.5402,0,0
0.20709918082444,7702,0.5404,0,0
0.20709917626769,7703,0.5406,0,0
0.20709917171095,7704,0.5408,0,0
0.20709916715422,7705,0.541,0,0
0.20709916259749,7706,0.5412,0,0
0.20709915804077,7707,0.5414,0,0
0.20709915348405,7708,0.5416,0,0
0.20709914892734,7709,0.5418,0,0
0.20709914437063,7710,0.542,0,0
0.20709913981393,7711,0.5422,0,0
0.20709913525723,7712,0.5424,0,0
0.20709913070054,7713,0.5426,0,0
0.20709912614385,7714,0.5428,0,0
0.20709912158717,7715,0.543,0,0
0.20709911703049,7716,0.5432,0,0
0.20709911247382,7717,0.5434,0,0
0.20709910791716,7718,0.5436,0,0
0.2070991033605,7719,0.5438,0,0
0.20709909880384,7720,0.544,0,0
0.20709909424719,7721,0.5442,0,0
0.20709908969054,7722,0.5444,0,0
0.2070990851339,7723,0.5446,0,0
0.20709908057727,7724,0.5448,0,0
0.20709907602063,7725,0.545,0,0
0.20709907146401,7726,0.5452,0,0
0.20709906690739,7727,0.5454,0,0
0.20709906235077,7728,0.5456,0,0
0.20709905779416,7729,0.5458,0,0
0.20709905323756,7730,0.546,0,0
0.20709904868095,7731,0.5462,0,0
0.20709904412436,7732,0.5464,0,0
0.20709903956777,7733,0.5466,0,0
0.20709903501118,7734,0.5468,0,0
0.2070990304546,7735,0.547,0,0
0.20709902589802,7736,0.5472,0,0
0.20709902134145,7737,0.5474,0,0
0.20709901678489,7738,0.5476,0,0
0.20709901222833,7739,0.5478,0,0
0.20709900767177,7740,0.548,0,0
0.20709900311522,7741,0.5482,0,0
0.20709899855867,7742,0.5484,0,0
0.20709899400213,7743,0.5486,0,0
0.20709898944559,7744,0.5488,0,0
0.20709898488906,7745,0.549,0,0
0.20709898033253,7746,0.5492,0,0
0.20709897577601,7747,0.5494,0,0
0.20709897121949,7748,0.5496,0,0
0.20709896666298,7749,0.5498,0,0
0.20709896210647,7750,0.55,0,0
0.20709895754997,7751,0.5502,0,0
0.20709895299347,7752,0.5504,0,0
0.20709894843698,7753,0.5506,0,0
0.20709894388049,7754,0.5508,0,0
0.207098939324,7755,0.551,0,0
0.20709893476752,7756,0.5512,0,0
0.20709893021105,7757,0.5514,0,0
0.20709892565458,7758,0.5516,0,0
0.20709892109811,7759,0.5518,0,0
0.20709891654165,7760,0.552,0,0
0.2070989119852,7761,0.5522,0,0
0.20709890742875,7762,0.5524,0,0
0.2070989028723,7763,0.5526,0,0
0.20709889831586,7764,0.5528,0,0
0.20709889375942,7765,0.553,0,0
0.20709888920299,7766,0.5532,0,0
0.20709888464656,7767,0.5534,0,0
0.20709888009013,7768,0.5536,0,0
0.20709887553372,7769,0.5538,0,0
0.2070988709773,7770,0.554,0,0
0.20709886642089,7771,0.5542,0,0
0.20709886186449,7772,0.5544,0,0
0.20709885730809,7773,0.5546,0,0
0.20709885275169,7774,0.5548,0,0
0.2070988481953,7775,0.555,0,0
0.20709884363891,7776,0.5552,0,0
0.20709883908253,7777,0.5554,0,0
0.20709883452615,7778,0.5556,0,0
0.20709882996978,7779,0.5558,0,0
0.20709882541341,7780,0.556,0,0
0.20709882085705,7781,0.5562,0,0
0.20709881630069,7782,0.5564,0,0
0.20709881174433,7783,0.5566,0,0
0.20709880718798,7784,0.5568,0,0
0.20709880263163,7785,0.557,0,0
0.20709879807529,7786,0.5572,0,0
0.20709879351895,7787,0.5574,0,0
0.20709878896262,7788,0.5576,0,0
0.20709878440629,7789,0.5578,0,0
0.20709877984997,7790,0.558,0,0
0.20709877529365,7791,0.5582,0,0
0.20709877073733,7792,0.5584,0,0
0.20709876618102,7793,0.5586,0,0
0.20709876162471,7794,0.5588,0,0
0.20709875706841,7795,0.559,0,0
0.20709875251211,7796,0.5592,0,0
0.20709874795582,7797,0.5594,0,0
0.20709874339953,7798,0.5596,0,0
0.20709873884324,7799,0.5598,0,0
0.20709873428696,7800,0.56,0,0
0.20709872973069,7801,0.5602,0,0
0.20709872517441,7802,0.5604,0,0
0.20709872061815,7803,0.5606,0,0
0.20709871606188,7804,0.5608,0,0
0.20709871150562,7805,0.561,0,0
0.20709870694937,7806,0.5612,0,0
0.20709870239312,7807,0.5614,0,0
0.20709869783687,7808,0.5616,0,0
0.20709869328063,7809,0.5618,0,0
0.20709868872439,7810,0.562,0,0
0.20709868416815,7811,0.5622,0,0
0.20709867961192,7812,0.5624,0,0
0.2070986750557,7813,0.5626,0,0
0.20709867049948,7814,0.5628,0,0
0.20709866594326,7815,0.563,0,0
0.20709866138705,7816,0.5632,0,0
0.20709865683084,7817,0.5634,0,0
0.20709865227463,7818,0.5636,0,0
0.20709864771843,7819,0.5638,0,0
0.20709864316223,7820,0.564,0,0
0.20709863860604,7821,0.5642,0,0
0.20709863404985,7822,0.5644,0,0
0.20709862949367,7823,0.5646,0,0
0.20709862493749,7824,0.5648,0,0
0.20709862038131,7825,0.565,0,0
0.20709861582514,7826,0.5652,0,0
0.20709861126897,7827,0.5654,0,0
0.20709860671281,7828,0.5656,0,0
0.20709860215665,7829,0.5658,0,0
0.20709859760049,7830,0.566,0,0
0.20709859304434,7831,0.5662,0,0
0.20709858848819,7832,0.5664,0,0
0.20709858393204,7833,0.5666,0,0
0.2070985793759,7834,0.5668,0,0
0.20709857481977,7835,0.567,0,0
0.20709857026363,7836,0.5672,0,0
0.20709856570751,7837,0.5674,0,0
0.20709856115138,7838,0.5676,0,0
0.20709855659526,7839,0.5678,0,0
0.20709855203914,7840,0.568,0,0
0.20709854748303,7841,0.5682,0,0
0.20709854292692,7842,0.5684,0,0
0.20709853837082,7843,0.5686,0,0
0.20709853381472,7844,0.5688,0,0
0.20709852925862,7845,0.569,0,0
0.20709852470253,7846,0.5692,0,0
0.20709852014644,7847,0.5694,0,0
0.20709851559035,7848,0.5696,0,0
0.20709851103427,7849,0.5698,0,0
0.20709850647819,7850,0.57,0,0
0.20709850192212,7851,0.5702,0,0
0.20709849736605,7852,0.5704,0,0
0.20709849280998,7853,0.5706,0,0
0.20709848825392,7854,0.5708,0,0
0.20709848369786,7855,0.571,0,0
0.2070984791418,7856,0.5712,0,0
0.20709847458575,7857,0.5714,0,0
0.2070984700297,7858,0.5716,0,0
0.20709846547366,7859,0.5718,0,0
0.20709846091762,7860,0.572,0,0
0.20709845636158,7861,0.5722,0,0
0.20709845180555,7862,0.5724,0,0
0.20709844724952,7863,0.5726,0,0
0.20709844269349,7864,0.5728,0,0
0.20709843813747,7865,0.573,0,0
0.20709843358145,7866,0.5732,0,0
0.20709842902544,7867,0.5734,0,0
0.20709842446943,7868,0.5736,0,0
0.20709841991342,7869,0.5738,0,0
0.20709841535742,7870,0.574,0,0
0.20709841080142,7871,0.5742,0,0
0.20709840624542,7872,0.5744,0,0
0.20709840168943,7873,0.5746,0,0
0.20709839713344,7874,0.5748,0,0
0.20709839257745,7875,0.575,0,0
0.20709838802147,7876,0.5752,0,0
0.20709838346549,7877,0.5754,0,0
0.20709837890952,7878,0.5756,0,0
0.20709837435355,7879,0.5758,0,0
0.20709836979758,7880,0.576,0,0
0.20709836524161,7881,0.5762,0,0
0.20709836068565,7882,0.5764,0,0
0.20709835612969,7883,0.5766,0,0
0.20709835157374,7884,0.5768,0,0
0.20709834701779,7885,0.577,0,0
0.20709834246184,7886,0.5772,0,0
0.2070983379059,7887,0.5774,0,0
0.20709833334996,7888,0.5776,0,0
0.20709832879402,7889,0.5778,0,0
0.20709832423809,7890,0.578,0,0
0.20709831968216,7891,0.5782,0,0
0.20709831512623,7892,0.5784,0,0
0.20709831057031,7893,0.5786,0,0
0.20709830601439,7894,0.5788,0,0
0.20709830145848,7895,0.579,0,0
0.20709829690256,7896,0.5792,0,0
0.20709829234665,7897,0.5794,0,0
0.20709828779075,7898,0.5796,0,0
0.20709828323485,7899,0.5798,0,0
0.20709827867895,7900,0.58,0,0
0.20709827412305,7901,0.5802,0,0
0.20709826956716,7902,0.5804,0,0
0.20709826501127,7903,0.5806,0,0
0.20709826045538,7904,0.5808,0,0
0.2070982558995,7905,0.581,0,0
0.20709825134362,7906,0.5812,0,0
0.20709824678774,7907,0.5814,0,0
0.20709824223187,7908,0.5816,0,0
0.207098237676,7909,0.5818,0,0
0.20709823312013,7910,0.582,0,0
0.20709822856427,7911,0.5822,0,0
0.20709822400841,7912,0.5824,0,0
0.20709821945255,7913,0.5826,0,0
0.2070982148967,7914,0.5828,0,0
0.20709821034085,7915,0.583,0,0
0.207098205785,7916,0.5832,0,0
0.20709820122916,7917,0.5834,0,0
0.20709819667332,7918,0.5836,0,0
0.20709819211748,7919,0.5838,0,0
0.20709818756165,7920,0.584,0,0
0.20709818300582,7921,0.5842,0,0
0.20709817844999,7922,0.5844,0,0
0.20709817389416,7923,0.5846,0,0
0.20709816933834,7924,0.5848,0,0
0.20709816478252,7925,0.585,0,0
0.20709816022671,7926,0.5852,0,0
0.20709815567089,7927,0.5854,0,0
0.20709815111508,7928,0.5856,0,0
0.20709814655928,7929,0.5858,0,0
0.20709814200347,7930,0.586,0,0
0.20709813744767,7931,0.5862,0,0
0.20709813289188,7932,0.5864,0,0
0.20709812833608,7933,0.5866,0,0
0.20709812378029,7934,0.5868,0,0
0.2070981192245,7935,0.587,0,0
0.20709811466872,7936,0.5872,0,0
0.20709811011293,7937,0.5874,0,0
0.20709810555715,7938,0.5876,0,0
0.20709810100138,7939,0.5878,0,0
0.2070980964456,7940,0.588,0,0
0.20709809188983,7941,0.5882,0,0
0.20709808733407,7942,0.5884,0,0
0.2070980827783,7943,0.5886,0,0
0.20709807822254,7944,0.5888,0,0
0.20709807366678,7945,0.589,0,0
0.20709806911103,7946,0.5892,0,0
0.20709806455527,7947,0.5894,0,0
0.20709805999952,7948,0.5896,0,0
0.20709805544378,7949,0.5898,0,0
0.20709805088803,7950,0.59,0,0
0.20709804633229,7951,0.5902,0,0
0.20709804177655,7952,0.5904,0,0
0.20709803722082,7953,0.5906,0,0
0.20709803266508,7954,0.5908,0,0
0.20709802810935,7955,0.591,0,0
0.20709802355362,7956,0.5912,0,0
0.2070980189979,7957,0.5914,0,0
0.20709801444218,7958,0.5916,0,0
0.20709800988646,7959,0.5918,0,0
0.20709800533074,7960,0.592,0,0
0.20709800077503,7961,0.5922,0,0
0.20709799621932,7962,0.5924,0,0
0.20709799166361,7963,0.5926,0,0
0.20709798710791,7964,0.5928,0,0
0.2070979825522,7965,0.593,0,0
0.2070979779965,7966,0.5932,0,0
0.20709797344081,7967,0.5934,0,0
0.20709796888511,7968,0.5936,0,0
0.20709796432942,7969,0.5938,0,0
0.20709795977373,7970,0.594,0,0
0.20709795521805,7971,0.5942,0,0
0.20709795066236,7972,0.5944,0,0
0.20709794610668,7973,0.5946,0,0
0.207097941551,7974,0.5948,0,0
0.20709793699533,7975,0.595,0,0
0.20709793243965,7976,0.5952,0,0
0.20709792788398,7977,0.5954,0,0
0.20709792332832,7978,0.5956,0,0
0.20709791877265,7979,0.5958,0,0
0.20709791421699,7980,0.596,0,0
0.20709790966133,7981,0.5962,0,0
0.20709790510567,7982,0.5964,0,0
0.20709790055001,7983,0.5966,0,0
0.20709789599436,7984,0.5968,0,0
0.20709789143871,7985,0.597,0,0
0.20709788688306,7986,0.5972,0,0
0.20709788232742,7987,0.5974,0,0
0.20709787777178,7988,0.5976,0,0
0.20709787321614,7989,0.5978,0,0
0.2070978686605,7990,0.598,0,0
0.20709786410487,7991,0.5982,0,0
0.20709785954923,7992,0.5984,0,0
0.2070978549936,7993,0.5986,0,0
0.20709785043798,7994,0.5988,0,0
0.20709784588235,7995,0.599,0,0
0.20709784132673,7996,0.5992,0,0
0.20709783677111,7997,0.5994,0,0
0.20709783221549,7998,0.5996,0,0
0.20709782765987,7999,0.5998,0,0
0.20709782310426,8000,0.6,0,0
0.20709781854865,8001,0.6002,0,0
0.20709781399304,8002,0.6004,0,0
0.20709780943744,8003,0.6006,0,0
0.20709780488183,8004,0.6008,0,0
0.20709780032623,8005,0.601,0,0
0.20709779577063,8006,0.6012,0,0
0.20709779121504,8007,0.6014,0,0
0.20709778665944,8008,0.6016,0,0
0.20709778210385,8009,0.6018,0,0
0.20709777754826,8010,0.602,0,0
0.20709777299268,8011,0.6022,0,0
0.20709776843709,8012,0.6024,0,0
0.20709776388151,8013,0.6026,0,0
0.20709775932593,8014,0.6028,0,0
0.20709775477035,8015,0.603,0,0
0.20709775021477,8016,0.6032,0,0
0.2070977456592,8017,0.6034,0,0
0.20709774110363,8018,0.6036,0,0
0.20709773654806,8019,0.6038,0,0
0.20709773199249,8020,0.604,0,0
0.20709772743693,8021,0.6042,0,0
0.20709772288137,8022,0.6044,0,0
0.2070977183258,8023,0.6046,0,0
0.20709771377025,8024,0.6048,0,0
0.20709770921469,8025,0.605,0,0
0.20709770465914,8026,0.6052,0,0
0.20709770010359,8027,0.6054,0,0
0.20709769554804,8028,0.6056,0,0
0.20709769099249,8029,0.6058,0,0
0.20709768643694,8030,0.606,0,0
0.2070976818814,8031,0.6062,0,0
0.20709767732586,8032,0.6064,0,0
0.20709767277032,8033,0.6066,0,0
0.20709766821478,8034,0.6068,0,0
0.20709766365925,8035,0.607,0,0
0.20709765910372,8036,0.6072,0,0
0.20709765454818,8037,0.6074,0,0
0.20709764999266,8038,0.6076,0,0
0.20709764543713,8039,0.6078,0,0
0.20709764088161,8040,0.608,0,0
0.20709763632608,8041,0.6082,0,0
0.20709763177056,8042,0.6084,0,0
0.20709762721504,8043,0.6086,0,0
0.20709762265953,8044,0.6088,0,0
0.20709761810401,8045,0.609,0,0
0.2070976135485,8046,0.6092,0,0
0.20709760899299,8047,0.6094,0,0
0.20709760443748,8048,0.6096,0,0
0.20709759988197,8049,0.6098,0,0
0.20709759532647,8050,0.61,0,0
0.20709759077097,8051,0.6102,0,0
0.20709758621547,8052,0.6104,0,0
0.20709758165997,8053,0.6106,0,0
0.20709757710447,8054,0.6108,0,0
0.20709757254897,8055,0.611,0,0
0.20709756799348,8056,0.6112,0,0
0.20709756343799,8057,0.6114,0,0
0.2070975588825,8058,0.6116,0,0
0.20709755432701,8059,0.6118,0,0
0.20709754977153,8060,0.612,0,0
0.20709754521604,8061,0.6122,0,0
0.20709754066056,8062,0.6124,0,0
0.20709753610508,8063,0.6126,0,0
0.2070975315496,8064,0.6128,0,0
0.20709752699412,8065,0.613,0,0
0.20709752243865,8066,0.6132,0,0
0.20709751788318,8067,0.6134,0,0
0.2070975133277,8068,0.6136,0,0
0.20709750877223,8069,0.6138,0,0
0.20709750421677,8070,0.614,0,0
0.2070974996613,8071,0.6142,0,0
0.20709749510584,8072,0.6144,0,0
0.20709749055037,8073,0.6146,0,0
0.20709748599491,8074,0.6148,0,0
0.20709748143945,8075,0.615,0,0
0.207097476884,8076,0.6152,0,0
0.20709747232854,8077,0.6154,0,0
0.20709746777309,8078,0.6156,0,0
0.20709746321763,8079,0.6158,0,0
0.20709745866218,8080,0.616,0,0
0.20709745410673,8081,0.6162,0,0
0.20709744955129,8082,0.6164,0,0
0.20709744499584,8083,0.6166,0,0
0.2070974404404,8084,0.6168,0,0
0.20709743588495,8085,0.617,0,0
0.20709743132951,8086,0.6172,0,0
0.20709742677407,8087,0.6174,0,0
0.20709742221863,8088,0.6176,0,0
0.2070974176632,8089,0.6178,0,0
0.20709741310776,8090,0.618,0,0
0.20709740855233,8091,0.6182,0,0
0.2070974039969,8092,0.6184,0,0
0.20709739944147,8093,0.6186,0,0
0.20709739488604,8094,0.6188,0,0
0.20709739033061,8095,0.619,0,0
0.20709738577519,8096,0.6192,0,0
0.20709738121976,8097,0.6194,0,0
0.20709737666434,8098,0.6196,0,0
0.20709737210892,8099,0.6198,0,0
0.2070973675535,8100,0.62,0,0
0.20709736299808,8101,0.6202,0,0
0.20709735844267,8102,0.6204,0,0
0.20709735388725,8103,0.6206,0,0
0.20709734933184,8104,0.6208,0,0
0.20709734477642,8105,0.621,0,0
0.20709734022101,8106,0.6212,0,0
0.2070973356656,8107,0.6214,0,0
0.2070973311102,8108,0.6216,0,0
0.20709732655479,8109,0.6218,0,0
0.20709732199939,8110,0.622,0,0
0.20709731744398,8111,0.6222,0,0
0.20709731288858,8112,0.6224,0,0
0.20709730833318,8113,0.6226,0,0
0.20709730377778,8114,0.6228,0,0
0.20709729922238,8115,0.623,0,0
0.20709729466698,8116,0.6232,0,0
0.20709729011159,8117,0.6234,0,0
0.20709728555619,8118,0.6236,0,0
0.2070972810008,8119,0.6238,0,0
0.20709727644541,8120,0.624,0,0
0.20709727189002,8121,0.6242,0,0
0.20709726733463,8122,0.6244,0,0
0.20709726277924,8123,0.6246,0,0
0.20709725822385,8124,0.6248,0,0
0.20709725366847,8125,0.625,0,0
0.20709724911309,8126,0.6252,0,0
0.2070972445577,8127,0.6254,0,0
0.20709724000232,8128,0.6256,0,0
0.20709723544694,8129,0.6258,0,0
0.20709723089156,8130,0.626,0,0
0.20709722633618,8131,0.6262,0,0
0.20709722178081,8132,0.6264,0,0
0.20709721722543,8133,0.6266,0,0
0.20709721267006,8134,0.6268,0,0
0.20709720811468,8135,0.627,0,0
0.20709720355931,8136,0.6272,0,0
0.20709719900394,8137,0.6274,0,0
0.20709719444857,8138,0.6276,0,0
0.2070971898932,8139,0.6278,0,0
0.20709718533783,8140,0.628,0,0
0.20709718078247,8141,0.6282,0,0
0.2070971762271,8142,0.6284,0,0
0.20709717167174,8143,0.6286,0,0
0.20709716711638,8144,0.6288,0,0
0.20709716256101,8145,0.629,0,0
0.20709715800565,8146,0.6292,0,0
0.20709715345029,8147,0.6294,0,0
0.20709714889493,8148,0.6296,0,0
0.20709714433958,8149,0.6298,0,0
0.20709713978422,8150,0.63,0,0
0.20709713522886,8151,0.6302,0,0
0.20709713067351,8152,0.6304,0,0
0.20709712611816,8153,0.6306,0,0
0.2070971215628,8154,0.6308,0,0
0.20709711700745,8155,0.631,0,0
0.2070971124521,8156,0.6312,0,0
0.20709710789675,8157,0.6314,0,0
0.2070971033414,8158,0.6316,0,0
0.20709709878605,8159,0.6318,0,0
0.20709709423071,8160,0.632,0,0
0.20709708967536,8161,0.6322,0,0
0.20709708512002,8162,0.6324,0,0
0.20709708056467,8163,0.6326,0,0
0.20709707600933,8164,0.6328,0,0
0.20709707145399,8165,0.633,0,0
0.20709706689865,8166,0.6332,0,0
0.20709706234331,8167,0.6334,0,0
0.20709705778797,8168,0.6336,0,0
0.20709705323263,8169,0.6338,0,0
0.20709704867729,8170,0.634,0,0
0.20709704412195,8171,0.6342,0,0
0.20709703956662,8172,0.6344,0,0
0.20709703501128,8173,0.6346,0,0
0.20709703045595,8174,0.6348,0,0
0.20709702590061,8175,0.635,0,0
0.20709702134528,8176,0.6352,0,0
0.20709701678995,8177,0.6354,0,0
0.20709701223462,8178,0.6356,0,0
0.20709700767929,8179,0.6358,0,0
0.20709700312396,8180,0.636,0,0
0.20709699856863,8181,0.6362,0,0
0.2070969940133,8182,0.6364,0,0
0.20709698945797,8183,0.6366,0,0
0.20709698490264,8184,0.6368,0,0
0.20709698034732,8185,0.637,0,0
0.20709697579199,8186,0.6372,0,0
0.20709697123667,8187,0.6374,0,0
0.20709696668134,8188,0.6376,0,0
0.20709696212602,8189,0.6378,0,0
0.2070969575707,8190,0.638,0,0
0.20709695301538,8191,0.6382,0,0
0.20709694846006,8192,0.6384,0,0
0.20709694390474,8193,0.6386,0,0
0.20709693934942,8194,0.6388,0,0
0.2070969347941,8195,0.639,0,0
0.20709693023878,8196,0.6392,0,0
0.20709692568346,8197,0.6394,0,0
0.20709692112814,8198,0.6396,0,0
0.20709691657283,8199,0.6398,0,0
0.20709691201751,8200,0.64,0,0
0.20709690746219,8201,0.6402,0,0
0.20709690290688,8202,0.6404,0,0
0.20709689835156,8203,0.6406,0,0
0.20709689379625,8204,0.6408,0,0
0.20709688924094,8205,0.641,0,0
0.20709688468562,8206,0.6412,0,0
0.20709688013031,8207,0.6414,0,0
0.207096875575,8208,0.6416,0,0
0.20709687101969,8209,0.6418,0,0
0.20709686646438,8210,0.642,0,0
0.20709686190907,8211,0.6422,0,0
0.20709685735376,8212,0.6424,0,0
0.20709685279845,8213,0.6426,0,0
0.20709684824314,8214,0.6428,0,0
0.20709684368783,8215,0.643,0,0
0.20709683913253,8216,0.6432,0,0
0.20709683457722,8217,0.6434,0,0
0.20709683002191,8218,0.6436,0,0
0.2070968254666,8219,0.6438,0,0
0.2070968209113,8220,0.644,0,0
0.20709681635599,8221,0.6442,0,0
0.20709681180069,8222,0.6444,0,0
0.20709680724538,8223,0.6446,0,0
0.20709680269008,8224,0.6448,0,0
0.20709679813477,8225,0.645,0,0
0.20709679357947,8226,0.6452,0,0
0.20709678902417,8227,0.6454,0,0
0.20709678446886,8228,0.6456,0,0
0.20709677991356,8229,0.6458,0,0
0.20709677535826,8230,0.646,0,0
0.20709677080296,8231,0.6462,0,0
0.20709676624766,8232,0.6464,0,0
0.20709676169235,8233,0.6466,0,0
0.20709675713705,8234,0.6468,0,0
0.20709675258175,8235,0.647,0,0
0.20709674802645,8236,0.6472,0,0
0.20709674347115,8237,0.6474,0,0
0.20709673891585,8238,0.6476,0,0
0.20709673436055,8239,0.6478,0,0
0.20709672980525,8240,0.648,0,0
0.20709672524995,8241,0.6482,0,0
0.20709672069466,8242,0.6484,0,0
0.20709671613936,8243,0.6486,0,0
0.20709671158406,8244,0.6488,0,0
0.20709670702876,8245,0.649,0,0
0.20709670247346,8246,0.6492,0,0
0.20709669791816,8247,0.6494,0,0
0.20709669336287,8248,0.6496,0,0
0.20709668880757,8249,0.6498,0,0
0.20709668425227,8250,0.65,0,0
0.20709667969697,8251,0.6502,0,0
0.20709667514168,8252,0.6504,0,0
0.20709667058638,8253,0.6506,0,0
0.20709666603108,8254,0.6508,0,0
0.20709666147579,8255,0.651,0,0
0.20709665692049,8256,0.6512,0,0
0.20709665236519,8257,0.6514,0,0
0.2070966478099,8258,0.6516,0,0
0.2070966432546,8259,0.6518,0,0
0.20709663869931,8260,0.652,0,0
0.20709663414401,8261,0.6522,0,0
0.20709662958871,8262,0.6524,0,0
0.20709662503342,8263,0.6526,0,0
0.20709662047812,8264,0.6528,0,0
0.20709661592283,8265,0.653,0,0
0.20709661136753,8266,0.6532,0,0
0.20709660681223,8267,0.6534,0,0
0.20709660225694,8268,0.6536,0,0
0.20709659770164,8269,0.6538,0,0
0.20709659314635,8270,0.654,0,0
0.20709658859105,8271,0.6542,0,0
0.20709658403575,8272,0.6544,0,0
0.20709657948046,8273,0.6546,0,0
0.20709657492516,8274,0.6548,0,0
0.20709657036987,8275,0.655,0,0
0.20709656581457,8276,0.6552,0,0
0.20709656125928,8277,0.6554,0,0
0.20709655670398,8278,0.6556,0,0
0.20709655214868,8279,0.6558,0,0
0.20709654759339,8280,0.656,0,0
0.20709654303809,8281,0.6562,0,0
0.20709653848279,8282,0.6564,0,0
0.2070965339275,8283,0.6566,0,0
0.2070965293722,8284,0.6568,0,0
0.2070965248169,8285,0.657,0,0
0.20709652026161,8286,0.6572,0,0
0.20709651570631,8287,0.6574,0,0
0.20709651115101,8288,0.6576,0,0
0.20709650659571,8289,0.6578,0,0
0.20709650204042,8290,0.658,0,0
0.20709649748512,8291,0.6582,0,0
0.20709649292982,8292,0.6584,0,0
0.20709648837452,8293,0.6586,0,0
0.20709648381922,8294,0.6588,0,0
0.20709647926392,8295,0.659,0,0
0.20709647470863,8296,0.6592,0,0
0.20709647015333,8297,0.6594,0,0
0.20709646559803,8298,0.6596,0,0
0.20709646104273,8299,0.6598,0,0
0.20709645648743,8300,0.66,0,0
0.20709645193213,8301,0.6602,0,0
0.20709644737683,8302,0.6604,0,0
0.20709644282153,8303,0.6606,0,0
0.20709643826623,8304,0.6608,0,0
0.20709643371092,8305,0.661,0,0
0.20709642915562,8306,0.6612,0,0
0.20709642460032,8307,0.6614,0,0
0.20709642004502,8308,0.6616,0,0
0.20709641548972,8309,0.6618,0,0
0.20709641093441,8310,0.662,0,0
0.20709640637911,8311,0.6622,0,0
0.20709640182381,8312,0.6624,0,0
0.2070963972685,8313,0.6626,0,0
0.2070963927132,8314,0.6628,0,0
0.20709638815789,8315,0.663,0,0
0.20709638360259,8316,0.6632,0,0
0.20709637904728,8317,0.6634,0,0
0.20709637449198,8318,0.6636,0,0
0.20709636993667,8319,0.6638,0,0
0.20709636538136,8320,0.664,0,0
0.20709636082606,8321,0.6642,0,0
0.20709635627075,8322,0.6644,0,0
0.20709635171544,8323,0.6646,0,0
0.20709634716013,8324,0.6648,0,0
0.20709634260482,8325,0.665,0,0
0.20709633804951,8326,0.6652,0,0
0.2070963334942,8327,0.6654,0,0
0.20709632893889,8328,0.6656,0,0
0.20709632438358,8329,0.6658,0,0
0.20709631982827,8330,0.666,0,0
0.20709631527296,8331,0.6662,0,0
0.20709631071765,8332,0.6664,0,0
0.20709630616233,8333,0.6666,0,0
0.20709630160702,8334,0.6668,0,0
0.20709629705171,8335,0.667,0,0
0.20709629249639,8336,0.6672,0,0
0.20709628794108,8337,0.6674,0,0
0.20709628338576,8338,0.6676,0,0
0.20709627883044,8339,0.6678,0,0
0.20709627427513,8340,0.668,0,0
0.20709626971981,8341,0.6682,0,0
0.20709626516449,8342,0.6684,0,0
0.20709626060917,8343,0.6686,0,0
0.20709625605385,8344,0.6688,0,0
0.20709625149853,8345,0.669,0,0
0.20709624694321,8346,0.6692,0,0
0.20709624238789,8347,0.6694,0,0
0.20709623783257,8348,0.6696,0,0
0.20709623327725,8349,0.6698,0,0
0.20709622872192,8350,0.67,0,0
0.2070962241666,8351,0.6702,0,0
0.20709621961127,8352,0.6704,0,0
0.20709621505595,8353,0.6706,0,0
0.20709621050062,8354,0.6708,0,0
0.2070962059453,8355,0.671,0,0
0.20709620138997,8356,0.6712,0,0
0.20709619683464,8357,0.6714,0,0
0.20709619227931,8358,0.6716,0,0
0.20709618772398,8359,0.6718,0,0
0.20709618316865,8360,0.672,0,0
0.20709617861332,8361,0.6722,0,0
0.20709617405799,8362,0.6724,0,0
0.20709616950265,8363,0.6726,0,0
0.20709616494732,8364,0.6728,0,0
0.20709616039199,8365,0.673,0,0
0.20709615583665,8366,0.6732,0,0
0.20709615128131,8367,0.6734,0,0
0.20709614672598,8368,0.6736,0,0
0.20709614217064,8369,0.6738,0,0
0.2070961376153,8370,0.674,0,0
0.20709613305996,8371,0.6742,0,0
0.20709612850462,8372,0.6744,0,0
0.20709612394928,8373,0.6746,0,0
0.20709611939394,8374,0.6748,0,0
0.2070961148386,8375,0.675,0,0
0.20709611028325,8376,0.6752,0,0
0.20709610572791,8377,0.6754,0,0
0.20709610117256,8378,0.6756,0,0
0.20709609661722,8379,0.6758,0,0
0.20709609206187,8380,0.676,0,0
0.20709608750652,8381,0.6762,0,0
0.20709608295117,8382,0.6764,0,0
0.20709607839582,8383,0.6766,0,0
0.20709607384047,8384,0.6768,0,0
0.20709606928512,8385,0.677,0,0
0.20709606472977,8386,0.6772,0,0
0.20709606017441,8387,0.6774,0,0
0.20709605561906,8388,0.6776,0,0
0.2070960510637,8389,0.6778,0,0
0.20709604650834,8390,0.678,0,0
0.20709604195299,8391,0.6782,0,0
0.20709603739763,8392,0.6784,0,0
0.20709603284227,8393,0.6786,0,0
0.20709602828691,8394,0.6788,0,0
0.20709602373155,8395,0.679,0,0
0.20709601917618,8396,0.6792,0,0
0.20709601462082,8397,0.6794,0,0
0.20709601006545,8398,0.6796,0,0
0.20709600551009,8399,0.6798,0,0
0.20709600095472,8400,0.68,0,0
0.20709599639935,8401,0.6802,0,0
0.20709599184398,8402,0.6804,0,0
0.20709598728861,8403,0.6806,0,0
0.20709598273324,8404,0.6808,0,0
0.20709597817787,8405,0.681,0,0
0.20709597362249,8406,0.6812,0,0
0.20709596906712,8407,0.6814,0,0
0.20709596451174,8408,0.6816,0,0
0.20709595995636,8409,0.6818,0,0
0.20709595540099,8410,0.682,0,0
0.20709595084561,8411,0.6822,0,0
0.20709594629023,8412,0.6824,0,0
0.20709594173484,8413,0.6826,0,0
0.20709593717946,8414,0.6828,0,0
0.20709593262408,8415,0.683,0,0
0.20709592806869,8416,0.6832,0,0
0.2070959235133,8417,0.6834,0,0
0.20709591895792,8418,0.6836,0,0
0.20709591440253,8419,0.6838,0,0
0.20709590984714,8420,0.684,0,0
0.20709590529174,8421,0.6842,0,0
0.20709590073635,8422,0.6844,0,0
0.20709589618096,8423,0.6846,0,0
0.20709589162556,8424,0.6848,0,0
0.20709588707017,8425,0.685,0,0
0.20709588251477,8426,0.6852,0,0
0.20709587795937,8427,0.6854,0,0
0.20709587340397,8428,0.6856,0,0
0.20709586884857,8429,0.6858,0,0
0.20709586429316,8430,0.686,0,0
0.20709585973776,8431,0.6862,0,0
0.20709585518235,8432,0.6864,0,0
0.20709585062694,8433,0.6866,0,0
0.20709584607154,8434,0.6868,0,0
0.20709584151613,8435,0.687,0,0
0.20709583696072,8436,0.6872,0,0
0.2070958324053,8437,0.6874,0,0
0.20709582784989,8438,0.6876,0,0
0.20709582329447,8439,0.6878,0,0
0.20709581873906,8440,0.688,0,0
0.20709581418364,8441,0.6882,0,0
0.20709580962822,8442,0.6884,0,0
0.2070958050728,8443,0.6886,0,0
0.20709580051738,8444,0.6888,0,0
0.20709579596195,8445,0.689,0,0
0.20709579140653,8446,0.6892,0,0
0.2070957868511,8447,0.6894,0,0
0.20709578229567,8448,0.6896,0,0
0.20709577774024,8449,0.6898,0,0
0.20709577318481,8450,0.69,0,0
0.20709576862938,8451,0.6902,0,0
0.20709576407394,8452,0.6904,0,0
0.20709575951851,8453,0.6906,0,0
0.20709575496307,8454,0.6908,0,0
0.20709575040763,8455,0.691,0,0
0.20709574585219,8456,0.6912,0,0
0.20709574129675,8457,0.6914,0,0
0.20709573674131,8458,0.6916,0,0
0.20709573218586,8459,0.6918,0,0
0.20709572763042,8460,0.692,0,0
0.20709572307497,8461,0.6922,0,0
0.20709571851952,8462,0.6924,0,0
0.20709571396407,8463,0.6926,0,0
0.20709570940862,8464,0.6928,0,0
0.20709570485316,8465,0.693,0,0
0.20709570029771,8466,0.6932,0,0
0.20709569574225,8467,0.6934,0,0
0.20709569118679,8468,0.6936,0,0
0.20709568663133,8469,0.6938,0,0
0.20709568207587,8470,0.694,0,0
0.2070956775204,8471,0.6942,0,0
0.20709567296494,8472,0.6944,0,0
0.20709566840947,8473,0.6946,0,0
0.207095663854,8474,0.6948,0,0
0.20709565929853,8475,0.695,0,0
0.20709565474306,8476,0.6952,0,0
0.20709565018758,8477,0.6954,0,0
0.20709564563211,8478,0.6956,0,0
0.20709564107663,8479,0.6958,0,0
0.20709563652115,8480,0.696,0,0
0.20709563196567,8481,0.6962,0,0
0.20709562741019,8482,0.6964,0,0
0.20709562285471,8483,0.6966,0,0
0.20709561829922,8484,0.6968,0,0
0.20709561374373,8485,0.697,0,0
0.20709560918824,8486,0.6972,0,0
0.20709560463275,8487,0.6974,0,0
0.20709560007726,8488,0.6976,0,0
0.20709559552177,8489,0.6978,0,0
0.20709559096627,8490,0.698,0,0
0.20709558641077,8491,0.6982,0,0
0.20709558185527,8492,0.6984,0,0
0.20709557729977,8493,0.6986,0,0
0.20709557274427,8494,0.6988,0,0
0.20709556818876,8495,0.699,0,0
0.20709556363325,8496,0.6992,0,0
0.20709555907774,8497,0.6994,0,0
0.20709555452223,8498,0.6996,0,0
0.20709554996672,8499,0.6998,0,0
0.20709554541121,8500,0.7,0,0
0.20709554085569,8501,0.7002,0,0
0.20709553630017,8502,0.7004,0,0
0.20709553174465,8503,0.7006,0,0
0.20709552718913,8504,0.7008,0,0
0.20709552263361,8505,0.701,0,0
0.20709551807808,8506,0.7012,0,0
0.20709551352255,8507,0.7014,0,0
0.20709550896702,8508,0.7016,0,0
0.20709550441149,8509,0.7018,0,0
0.20709549985596,8510,0.702,0,0
0.20709549530042,8511,0.7022,0,0
0.20709549074488,8512,0.7024,0,0
0.20709548618935,8513,0.7026,0,0
0.2070954816338,8514,0.7028,0,0
0.20709547707826,8515,0.703,0,0
0.20709547252272,8516,0.7032,0,0
0.20709546796717,8517,0.7034,0,0
0.20709546341162,8518,0.7036,0,0
0.20709545885607,8519,0.7038,0,0
0.20709545430051,8520,0.704,0,0
0.20709544974496,8521,0.7042,0,0
0.2070954451894,8522,0.7044,0,0
0.20709544063384,8523,0.7046,0,0
0.20709543607828,8524,0.7048,0,0
0.20709543152272,8525,0.705,0,0
0.20709542696715,8526,0.7052,0,0
0.20709542241159,8527,0.7054,0,0
0.20709541785602,8528,0.7056,0,0
0.20709541330044,8529,0.7058,0,0
0.20709540874487,8530,0.706,0,0
0.20709540418929,8531,0.7062,0,0
0.20709539963372,8532,0.7064,0,0
0.20709539507814,8533,0.7066,0,0
0.20709539052255,8534,0.7068,0,0
0.20709538596697,8535,0.707,0,0
0.20709538141138,8536,0.7072,0,0
0.2070953768558,8537,0.7074,0,0
0.20709537230021,8538,0.7076,0,0
0.20709536774461,8539,0.7078,0,0
0.20709536318902,8540,0.708,0,0
0.20709535863342,8541,0.7082,0,0
0.20709535407782,8542,0.7084,0,0
0.20709534952222,8543,0.7086,0,0
0.20709534496662,8544,0.7088,0,0
0.20709534041101,8545,0.709,0,0
0.2070953358554,8546,0.7092,0,0
0.20709533129979,8547,0.7094,0,0
0.20709532674418,8548,0.7096,0,0
0.20709532218857,8549,0.7098,0,0
0.20709531763295,8550,0.71,0,0
0.20709531307733,8551,0.7102,0,0
0.20709530852171,8552,0.7104,0,0
0.20709530396608,8553,0.7106,0,0
0.20709529941046,8554,0.7108,0,0
0.20709529485483,8555,0.711,0,0
0.2070952902992,8556,0.7112,0,0
0.20709528574357,8557,0.7114,0,0
0.20709528118793,8558,0.7116,0,0
0.20709527663229,8559,0.7118,0,0
0.20709527207666,8560,0.712,0,0
0.20709526752101,8561,0.7122,0,0
0.20709526296537,8562,0.7124,0,0
0.20709525840972,8563,0.7126,0,0
0.20709525385407,8564,0.7128,0,0
0.20709524929842,8565,0.713,0,0
0.20709524474277,8566,0.7132,0,0
0.20709524018711,8567,0.7134,0,0
0.20709523563145,8568,0.7136,0,0
0.20709523107579,8569,0.7138,0,0
0.20709522652013,8570,0.714,0,0
0.20709522196447,8571,0.7142,0,0
0.2070952174088,8572,0.7144,0,0
0.20709521285313,8573,0.7146,0,0
0.20709520829746,8574,0.7148,0,0
0.20709520374178,8575,0.715,0,0
0.2070951991861,8576,0.7152,0,0
0.20709519463042,8577,0.7154,0,0
0.20709519007474,8578,0.7156,0,0
0.20709518551906,8579,0.7158,0,0
0.20709518096337,8580,0.716,0,0
0.20709517640768,8581,0.7162,0,0
0.20709517185199,8582,0.7164,0,0
0.20709516729629,8583,0.7166,0,0
0.2070951627406,8584,0.7168,0,0
0.2070951581849,8585,0.717,0,0
0.20709515362919,8586,0.7172,0,0
0.20709514907349,8587,0.7174,0,0
0.20709514451778,8588,0.7176,0,0
0.20709513996207,8589,0.7178,0,0
0.20709513540636,8590,0.718,0,0
0.20709513085065,8591,0.7182,0,0
0.20709512629493,8592,0.7184,0,0
0.20709512173921,8593,0.7186,0,0
0.20709511718349,8594,0.7188,0,0
0.20709511262776,8595,0.719,0,0
0.20709510807204,8596,0.7192,0,0
0.20709510351631,8597,0.7194,0,0
0.20709509896057,8598,0.7196,0,0
0.20709509440484,8599,0.7198,0,0
0.2070950898491,8600,0.72,0,0
0.20709508529336,8601,0.7202,0,0
0.20709508073762,8602,0.7204,0,0
0.20709507618187,8603,0.7206,0,0
0.20709507162612,8604,0.7208,0,0
0.20709506707037,8605,0.721,0,0
0.20709506251462,8606,0.7212,0,0
0.20709505795886,8607,0.7214,0,0
0.2070950534031,8608,0.7216,0,0
0.20709504884734,8609,0.7218,0,0
0.20709504429158,8610,0.722,0,0
0.20709503973581,8611,0.7222,0,0
0.20709503518004,8612,0.7224,0,0
0.20709503062427,8613,0.7226,0,0
0.2070950260685,8614,0.7228,0,0
0.20709502151272,8615,0.723,0,0
0.20709501695694,8616,0.7232,0,0
0.20709501240116,8617,0.7234,0,0
0.20709500784537,8618,0.7236,0,0
0.20709500328958,8619,0.7238,0,0
0.20709499873379,8620,0.724,0,0
0.207094994178,8621,0.7242,0,0
0.2070949896222,8622,0.7244,0,0
0.2070949850664,8623,0.7246,0,0
0.2070949805106,8624,0.7248,0,0
0.20709497595479,8625,0.725,0,0
0.20709497139899,8626,0.7252,0,0
0.20709496684318,8627,0.7254,0,0
0.20709496228736,8628,0.7256,0,0
0.20709495773155,8629,0.7258,0,0
0.20709495317573,8630,0.726,0,0
0.20709494861991,8631,0.7262,0,0
0.20709494406408,8632,0.7264,0,0
0.20709493950826,8633,0.7266,0,0
0.20709493495243,8634,0.7268,0,0
0.20709493039659,8635,0.727,0,0
0.20709492584076,8636,0.7272,0,0
0.20709492128492,8637,0.7274,0,0
0.20709491672908,8638,0.7276,0,0
0.20709491217323,8639,0.7278,0,0
0.20709490761739,8640,0.728,0,0
0.20709490306154,8641,0.7282,0,0
0.20709489850568,8642,0.7284,0,0
0.20709489394983,8643,0.7286,0,0
0.20709488939397,8644,0.7288,0,0
0.20709488483811,8645,0.729,0,0
0.20709488028224,8646,0.7292,0,0
0.20709487572637,8647,0.7294,0,0
0.2070948711705,8648,0.7296,0,0
0.20709486661463,8649,0.7298,0,0
0.20709486205875,8650,0.73,0,0
0.20709485750288,8651,0.7302,0,0
0.20709485294699,8652,0.7304,0,0
0.20709484839111,8653,0.7306,0,0
0.20709484383522,8654,0.7308,0,0
0.20709483927933,8655,0.731,0,0
0.20709483472343,8656,0.7312,0,0
0.20709483016754,8657,0.7314,0,0
0.20709482561164,8658,0.7316,0,0
0.20709482105573,8659,0.7318,0,0
0.20709481649983,8660,0.732,0,0
0.20709481194392,8661,0.7322,0,0
0.20709480738801,8662,0.7324,0,0
0.20709480283209,8663,0.7326,0,0
0.20709479827617,8664,0.7328,0,0
0.20709479372025,8665,0.733,0,0
0.20709478916433,8666,0.7332,0,0
0.2070947846084,8667,0.7334,0,0
0.20709478005247,8668,0.7336,0,0
0.20709477549654,8669,0.7338,0,0
0.2070947709406,8670,0.734,0,0
0.20709476638466,8671,0.7342,0,0
0.20709476182872,8672,0.7344,0,0
0.20709475727277,8673,0.7346,0,0
0.20709475271682,8674,0.7348,0,0
0.20709474816087,8675,0.735,0,0
0.20709474360491,8676,0.7352,0,0
0.20709473904896,8677,0.7354,0,0
0.20709473449299,8678,0.7356,0,0
0.20709472993703,8679,0.7358,0,0
0.20709472538106,8680,0.736,0,0
0.20709472082509,8681,0.7362,0,0
0.20709471626912,8682,0.7364,0,0
0.20709471171314,8683,0.7366,0,0
0.20709470715716,8684,0.7368,0,0
0.20709470260117,8685,0.737,0,0
0.20709469804519,8686,0.7372,0,0
0.2070946934892,8687,0.7374,0,0
0.2070946889332,8688,0.7376,0,0
0.20709468437721,8689,0.7378,0,0
0.20709467982121,8690,0.738,0,0
0.2070946752652,8691,0.7382,0,0
0.2070946707092,8692,0.7384,0,0
0.20709466615319,8693,0.7386,0,0
0.20709466159718,8694,0.7388,0,0
0.20709465704116,8695,0.739,0,0
0.20709465248514,8696,0.7392,0,0
0.20709464792912,8697,0.7394,0,0
0.20709464337309,8698,0.7396,0,0
0.20709463881706,8699,0.7398,0,0
0.20709463426103,8700,0.74,0,0
0.207094629705,8701,0.7402,0,0
0.20709462514896,8702,0.7404,0,0
0.20709462059292,8703,0.7406,0,0
0.20709461603687,8704,0.7408,0,0
0.20709461148082,8705,0.741,0,0
0.20709460692477,8706,0.7412,0,0
0.20709460236871,8707,0.7414,0,0
0.20709459781265,8708,0.7416,0,0
0.20709459325659,8709,0.7418,0,0
0.20709458870053,8710,0.742,0,0
0.20709458414446,8711,0.7422,0,0
0.20709457958839,8712,0.7424,0,0
0.20709457503231,8713,0.7426,0,0
0.20709457047623,8714,0.7428,0,0
0.20709456592015,8715,0.743,0,0
0.20709456136406,8716,0.7432,0,0
0.20709455680797,8717,0.7434,0,0
0.20709455225188,8718,0.7436,0,0
0.20709454769579,8719,0.7438,0,0
0.20709454313969,8720,0.744,0,0
0.20709453858358,8721,0.7442,0,0
0.20709453402748,8722,0.7444,0,0
0.20709452947137,8723,0.7446,0,0
0.20709452491525,8724,0.7448,0,0
0.20709452035914,8725,0.745,0,0
0.20709451580302,8726,0.7452,0,0
0.20709451124689,8727,0.7454,0,0
0.20709450669077,8728,0.7456,0,0
0.20709450213464,8729,0.7458,0,0
0.2070944975785,8730,0.746,0,0
0.20709449302237,8731,0.7462,0,0
0.20709448846622,8732,0.7464,0,0
0.20709448391008,8733,0.7466,0,0
0.20709447935393,8734,0.7468,0,0
0.20709447479778,8735,0.747,0,0
0.20709447024163,8736,0.7472,0,0
0.20709446568547,8737,0.7474,0,0
0.2070944611293,8738,0.7476,0,0
0.20709445657314,8739,0.7478,0,0
0.20709445201697,8740,0.748,0,0
0.2070944474608,8741,0.7482,0,0
0.20709444290462,8742,0.7484,0,0
0.20709443834844,8743,0.7486,0,0
0.20709443379226,8744,0.7488,0,0
0.20709442923607,8745,0.749,0,0
0.20709442467988,8746,0.7492,0,0
0.20709442012369,8747,0.7494,0,0
0.20709441556749,8748,0.7496,0,0
0.20709441101129,8749,0.7498,0,0
0.20709440645508,8750,0.75,0,0
0.20709440189887,8751,0.7502,0,0
0.20709439734266,8752,0.7504,0,0
0.20709439278645,8753,0.7506,0,0
0.20709438823023,8754,0.7508,0,0
0.207094383674,8755,0.751,0,0
0.20709437911778,8756,0.7512,0,0
0.20709437456155,8757,0.7514,0,0
0.20709437000531,8758,0.7516,0,0
0.20709436544907,8759,0.7518,0,0
0.20709436089283,8760,0.752,0,0
0.20709435633659,8761,0.7522,0,0
0.20709435178034,8762,0.7524,0,0
0.20709434722409,8763,0.7526,0,0
0.20709434266783,8764,0.7528,0,0
0.20709433811157,8765,0.753,0,0
0.20709433355531,8766,0.7532,0,0
0.20709432899904,8767,0.7534,0,0
0.20709432444277,8768,0.7536,0,0
0.20709431988649,8769,0.7538,0,0
0.20709431533021,8770,0.754,0,0
0.20709431077393,8771,0.7542,0,0
0.20709430621765,8772,0.7544,0,0
0.20709430166136,8773,0.7546,0,0
0.20709429710506,8774,0.7548,0,0
0.20709429254876,8775,0.755,0,0
0.20709428799246,8776,0.7552,0,0
0.20709428343616,8777,0.7554,0,0
0.20709427887985,8778,0.7556,0,0
0.20709427432354,8779,0.7558,0,0
0.20709426976722,8780,0.756,0,0
0.2070942652109,8781,0.7562,0,0
0.20709426065458,8782,0.7564,0,0
0.20709425609825,8783,0.7566,0,0
0.20709425154192,8784,0.7568,0,0
0.20709424698558,8785,0.757,0,0
0.20709424242924,8786,0.7572,0,0
0.2070942378729,8787,0.7574,0,0
0.20709423331655,8788,0.7576,0,0
0.2070942287602,8789,0.7578,0,0
0.20709422420385,8790,0.758,0,0
0.20709421964749,8791,0.7582,0,0
0.20709421509112,8792,0.7584,0,0
0.20709421053476,8793,0.7586,0,0
0.20709420597839,8794,0.7588,0,0
0.20709420142201,8795,0.759,0,0
0.20709419686564,8796,0.7592,0,0
0.20709419230925,8797,0.7594,0,0
0.20709418775287,8798,0.7596,0,0
0.20709418319648,8799,0.7598,0,0
0.20709417864008,8800,0.76,0,0
0.20709417408369,8801,0.7602,0,0
0.20709416952728,8802,0.7604,0,0
0.20709416497088,8803,0.7606,0,0
0.20709416041447,8804,0.7608,0,0
0.20709415585806,8805,0.761,0,0
0.20709415130164,8806,0.7612,0,0
0.20709414674522,8807,0.7614,0,0
0.20709414218879,8808,0.7616,0,0
0.20709413763236,8809,0.7618,0,0
0.20709413307593,8810,0.762,0,0
0.20709412851949,8811,0.7622,0,0
0.20709412396305,8812,0.7624,0,0
0.2070941194066,8813,0.7626,0,0
0.20709411485015,8814,0.7628,0,0
0.2070941102937,8815,0.763,0,0
0.20709410573724,8816,0.7632,0,0
0.20709410118078,8817,0.7634,0,0
0.20709409662432,8818,0.7636,0,0
0.20709409206785,8819,0.7638,0,0
0.20709408751137,8820,0.764,0,0
0.2070940829549,8821,0.7642,0,0
0.20709407839841,8822,0.7644,0,0
0.20709407384193,8823,0.7646,0,0
0.20709406928544,8824,0.7648,0,0
0.20709406472894,8825,0.765,0,0
0.20709406017245,8826,0.7652,0,0
0.20709405561594,8827,0.7654,0,0
0.20709405105944,8828,0.7656,0,0
0.20709404650293,8829,0.7658,0,0
0.20709404194641,8830,0.766,0,0
0.20709403738989,8831,0.7662,0,0
0.20709403283337,8832,0.7664,0,0
0.20709402827684,8833,0.7666,0,0
0.20709402372031,8834,0.7668,0,0
0.20709401916378,8835,0.767,0,0
0.20709401460724,8836,0.7672,0,0
0.20709401005069,8837,0.7674,0,0
0.20709400549415,8838,0.7676,0,0
0.2070940009376,8839,0.7678,0,0
0.20709399638104,8840,0.768,0,0
0.20709399182448,8841,0.7682,0,0
0.20709398726791,8842,0.7684,0,0
0.20709398271135,8843,0.7686,0,0
0.20709397815477,8844,0.7688,0,0
0.2070939735982,8845,0.769,0,0
0.20709396904162,8846,0.7692,0,0
0.20709396448503,8847,0.7694,0,0
0.20709395992844,8848,0.7696,0,0
0.20709395537185,8849,0.7698,0,0
0.20709395081525,8850,0.77,0,0
0.20709394625865,8851,0.7702,0,0
0.20709394170204,8852,0.7704,0,0
0.20709393714543,8853,0.7706,0,0
0.20709393258881,8854,0.7708,0,0
0.20709392803219,8855,0.771,0,0
0.20709392347557,8856,0.7712,0,0
0.20709391891894,8857,0.7714,0,0
0.20709391436231,8858,0.7716,0,0
0.20709390980567,8859,0.7718,0,0
0.20709390524903,8860,0.772,0,0
0.20709390069239,8861,0.7722,0,0
0.20709389613574,8862,0.7724,0,0
0.20709389157909,8863,0.7726,0,0
0.20709388702243,8864,0.7728,0,0
0.20709388246576,8865,0.773,0,0
0.2070938779091,8866,0.7732,0,0
0.20709387335243,8867,0.7734,0,0
0.20709386879575,8868,0.7736,0,0
0.20709386423907,8869,0.7738,0,0
0.20709385968239,8870,0.774,0,0
0.2070938551257,8871,0.7742,0,0
0.20709385056901,8872,0.7744,0,0
0.20709384601231,8873,0.7746,0,0
0.20709384145561,8874,0.7748,0,0
0.2070938368989,8875,0.775,0,0
0.20709383234219,8876,0.7752,0,0
0.20709382778548,8877,0.7754,0,0
0.20709382322876,8878,0.7756,0,0
0.20709381867204,8879,0.7758,0,0
0.20709381411531,8880,0.776,0,0
0.20709380955858,8881,0.7762,0,0
0.20709380500184,8882,0.7764,0,0
0.2070938004451,8883,0.7766,0,0
0.20709379588835,8884,0.7768,0,0
0.2070937913316,8885,0.777,0,0
0.20709378677485,8886,0.7772,0,0
0.20709378221809,8887,0.7774,0,0
0.20709377766133,8888,0.7776,0,0
0.20709377310456,8889,0.7778,0,0
0.20709376854779,8890,0.778,0,0
0.20709376399101,8891,0.7782,0,0
0.20709375943423,8892,0.7784,0,0
0.20709375487744,8893,0.7786,0,0
0.20709375032065,8894,0.7788,0,0
0.20709374576386,8895,0.779,0,0
0.20709374120706,8896,0.7792,0,0
0.20709373665025,8897,0.7794,0,0
0.20709373209345,8898,0.7796,0,0
0.20709372753663,8899,0.7798,0,0
0.20709372297982,8900,0.78,0,0
0.20709371842299,8901,0.7802,0,0
0.20709371386617,8902,0.7804,0,0
0.20709370930934,8903,0.7806,0,0
0.2070937047525,8904,0.7808,0,0
0.20709370019566,8905,0.781,0,0
0.20709369563882,8906,0.7812,0,0
0.20709369108197,8907,0.7814,0,0
0.20709368652511,8908,0.7816,0,0
0.20709368196826,8909,0.7818,0,0
0.20709367741139,8910,0.782,0,0
0.20709367285453,8911,0.7822,0,0
0.20709366829765,8912,0.7824,0,0
0.20709366374078,8913,0.7826,0,0
0.2070936591839,8914,0.7828,0,0
0.20709365462701,8915,0.783,0,0
0.20709365007012,8916,0.7832,0,0
0.20709364551322,8917,0.7834,0,0
0.20709364095633,8918,0.7836,0,0
0.20709363639942,8919,0.7838,0,0
0.20709363184251,8920,0.784,0,0
0.2070936272856,8921,0.7842,0,0
0.20709362272868,8922,0.7844,0,0
0.20709361817176,8923,0.7846,0,0
0.20709361361483,8924,0.7848,0,0
0.2070936090579,8925,0.785,0,0
0.20709360450096,8926,0.7852,0,0
0.20709359994402,8927,0.7854,0,0
0.20709359538707,8928,0.7856,0,0
0.20709359083012,8929,0.7858,0,0
0.20709358627317,8930,0.786,0,0
0.20709358171621,8931,0.7862,0,0
0.20709357715924,8932,0.7864,0,0
0.20709357260227,8933,0.7866,0,0
0.2070935680453,8934,0.7868,0,0
0.20709356348832,8935,0.787,0,0
0.20709355893133,8936,0.7872,0,0
0.20709355437435,8937,0.7874,0,0
0.20709354981735,8938,0.7876,0,0
0.20709354526035,8939,0.7878,0,0
0.20709354070335,8940,0.788,0,0
0.20709353614634,8941,0.7882,0,0
0.20709353158933,8942,0.7884,0,0
0.20709352703231,8943,0.7886,0,0
0.20709352247529,8944,0.7888,0,0
0.20709351791827,8945,0.789,0,0
0.20709351336123,8946,0.7892,0,0
0.2070935088042,8947,0.7894,0,0
0.20709350424716,8948,0.7896,0,0
0.20709349969011,8949,0.7898,0,0
0.20709349513306,8950,0.79,0,0
0.20709349057601,8951,0.7902,0,0
0.20709348601894,8952,0.7904,0,0
0.20709348146188,8953,0.7906,0,0
0.20709347690481,8954,0.7908,0,0
0.20709347234774,8955,0.791,0,0
0.20709346779066,8956,0.7912,0,0
0.20709346323357,8957,0.7914,0,0
0.20709345867648,8958,0.7916,0,0
0.20709345411939,8959,0.7918,0,0
0.20709344956229,8960,0.792,0,0
0.20709344500519,8961,0.7922,0,0
0.20709344044808,8962,0.7924,0,0
0.20709343589096,8963,0.7926,0,0
0.20709343133384,8964,0.7928,0,0
0.20709342677672,8965,0.793,0,0
0.20709342221959,8966,0.7932,0,0
0.20709341766246,8967,0.7934,0,0
0.20709341310532,8968,0.7936,0,0
0.20709340854818,8969,0.7938,0,0
0.20709340399103,8970,0.794,0,0
0.20709339943388,8971,0.7942,0,0
0.20709339487672,8972,0.7944,0,0
0.20709339031956,8973,0.7946,0,0
0.20709338576239,8974,0.7948,0,0
0.20709338120522,8975,0.795,0,0
0.20709337664804,8976,0.7952,0,0
0.20709337209086,8977,0.7954,0,0
0.20709336753367,8978,0.7956,0,0
0.20709336297648,8979,0.7958,0,0
0.20709335841928,8980,0.796,0,0
0.20709335386208,8981,0.7962,0,0
0.20709334930487,8982,0.7964,0,0
0.20709334474766,8983,0.7966,0,0
0.20709334019044,8984,0.7968,0,0
0.20709333563322,8985,0.797,0,0
0.207093331076,8986,0.7972,0,0
0.20709332651876,8987,0.7974,0,0
0.20709332196153,8988,0.7976,0,0
0.20709331740428,8989,0.7978,0,0
0.20709331284704,8990,0.798,0,0
0.20709330828979,8991,0.7982,0,0
0.20709330373253,8992,0.7984,0,0
0.20709329917527,8993,0.7986,0,0
0.207093294618,8994,0.7988,0,0
0.20709329006073,8995,0.799,0,0
0.20709328550345,8996,0.7992,0,0
0.20709328094617,8997,0.7994,0,0
0.20709327638888,8998,0.7996,0,0
0.20709327183159,8999,0.7998,0,0
0.20709326727429,9000,0.8,0,0
0.20709326271699,9001,0.8002,0,0
0.20709325815968,9002,0.8004,0,0
0.20709325360237,9003,0.8006,0,0
0.20709324904505,9004,0.8008,0,0
0.20709324448773,9005,0.801,0,0
0.2070932399304,9006,0.8012,0,0
0.20709323537306,9007,0.8014,0,0
0.20709323081573,9008,0.8016,0,0
0.20709322625838,9009,0.8018,0,0
0.20709322170103,9010,0.802,0,0
0.20709321714368,9011,0.8022,0,0
0.20709321258632,9012,0.8024,0,0
0.20709320802896,9013,0.8026,0,0
0.20709320347159,9014,0.8028,0,0
0.20709319891422,9015,0.803,0,0
0.20709319435684,9016,0.8032,0,0
0.20709318979945,9017,0.8034,0,0
0.20709318524206,9018,0.8036,0,0
0.20709318068467,9019,0.8038,0,0
0.20709317612727,9020,0.804,0,0
0.20709317156986,9021,0.8042,0,0
0.20709316701245,9022,0.8044,0,0
0.20709316245504,9023,0.8046,0,0
0.20709315789762,9024,0.8048,0,0
0.20709315334019,9025,0.805,0,0
0.20709314878276,9026,0.8052,0,0
0.20709314422532,9027,0.8054,0,0
0.20709313966788,9028,0.8056,0,0
0.20709313511044,9029,0.8058,0,0
0.20709313055298,9030,0.806,0,0
0.20709312599553,9031,0.8062,0,0
0.20709312143806,9032,0.8064,0,0
0.2070931168806,9033,0.8066,0,0
0.20709311232312,9034,0.8068,0,0
0.20709310776565,9035,0.807,0,0
0.20709310320816,9036,0.8072,0,0
0.20709309865067,9037,0.8074,0,0
0.20709309409318,9038,0.8076,0,0
0.20709308953568,9039,0.8078,0,0
0.20709308497818,9040,0.808,0,0
0.20709308042067,9041,0.8082,0,0
0.20709307586315,9042,0.8084,0,0
0.20709307130563,9043,0.8086,0,0
0.20709306674811,9044,0.8088,0,0
0.20709306219058,9045,0.809,0,0
0.20709305763304,9046,0.8092,0,0
0.2070930530755,9047,0.8094,0,0
0.20709304851795,9048,0.8096,0,0
0.2070930439604,9049,0.8098,0,0
0.20709303940284,9050,0.81,0,0
0.20709303484528,9051,0.8102,0,0
0.20709303028771,9052,0.8104,0,0
0.20709302573014,9053,0.8106,0,0
0.20709302117256,9054,0.8108,0,0
0.20709301661498,9055,0.811,0,0
0.20709301205739,9056,0.8112,0,0
0.20709300749979,9057,0.8114,0,0
0.20709300294219,9058,0.8116,0,0
0.20709299838459,9059,0.8118,0,0
0.20709299382698,9060,0.812,0,0
0.20709298926936,9061,0.8122,0,0
0.20709298471174,9062,0.8124,0,0
0.20709298015411,9063,0.8126,0,0
0.20709297559648,9064,0.8128,0,0
0.20709297103884,9065,0.813,0,0
0.2070929664812,9066,0.8132,0,0
0.20709296192355,9067,0.8134,0,0
0.2070929573659,9068,0.8136,0,0
0.20709295280824,9069,0.8138,0,0
0.20709294825057,9070,0.814,0,0
0.2070929436929,9071,0.8142,0,0
0.20709293913523,9072,0.8144,0,0
0.20709293457755,9073,0.8146,0,0
0.20709293001986,9074,0.8148,0,0
0.20709292546217,9075,0.815,0,0
0.20709292090447,9076,0.8152,0,0
0.20709291634677,9077,0.8154,0,0
0.20709291178906,9078,0.8156,0,0
0.20709290723135,9079,0.8158,0,0
0.20709290267363,9080,0.816,0,0
0.2070928981159,9081,0.8162,0,0
0.20709289355817,9082,0.8164,0,0
0.20709288900044,9083,0.8166,0,0
0.2070928844427,9084,0.8168,0,0
0.20709287988495,9085,0.817,0,0
0.2070928753272,9086,0.8172,0,0
0.20709287076944,9087,0.8174,0,0
0.20709286621168,9088,0.8176,0,0
0.20709286165391,9089,0.8178,0,0
0.20709285709614,9090,0.818,0,0
0.20709285253836,9091,0.8182,0,0
0.20709284798057,9092,0.8184,0,0
0.20709284342278,9093,0.8186,0,0
0.20709283886499,9094,0.8188,0,0
0.20709283430719,9095,0.819,0,0
0.20709282974938,9096,0.8192,0,0
0.20709282519157,9097,0.8194,0,0
0.20709282063375,9098,0.8196,0,0
0.20709281607592,9099,0.8198,0,0
0.2070928115181,9100,0.82,0,0
0.20709280696026,9101,0.8202,0,0
0.20709280240242,9102,0.8204,0,0
0.20709279784457,9103,0.8206,0,0
0.20709279328672,9104,0.8208,0,0
0.20709278872887,9105,0.821,0,0
0.207092784171,9106,0.8212,0,0
0.20709277961314,9107,0.8214,0,0
0.20709277505526,9108,0.8216,0,0
0.20709277049738,9109,0.8218,0,0
0.2070927659395,9110,0.822,0,0
0.20709276138161,9111,0.8222,0,0
0.20709275682371,9112,0.8224,0,0
0.20709275226581,9113,0.8226,0,0
0.2070927477079,9114,0.8228,0,0
0.20709274314999,9115,0.823,0,0
0.20709273859207,9116,0.8232,0,0
0.20709273403415,9117,0.8234,0,0
0.20709272947622,9118,0.8236,0,0
0.20709272491828,9119,0.8238,0,0
0.20709272036034,9120,0.824,0,0
0.20709271580239,9121,0.8242,0,0
0.20709271124444,9122,0.8244,0,0
0.20709270668648,9123,0.8246,0,0
0.20709270212852,9124,0.8248,0,0
0.20709269757055,9125,0.825,0,0
0.20709269301257,9126,0.8252,0,0
0.20709268845459,9127,0.8254,0,0
0.20709268389661,9128,0.8256,0,0
0.20709267933861,9129,0.8258,0,0
0.20709267478062,9130,0.826,0,0
0.20709267022261,9131,0.8262,0,0
0.2070926656646,9132,0.8264,0,0
0.20709266110659,9133,0.8266,0,0
0.20709265654857,9134,0.8268,0,0
0.20709265199054,9135,0.827,0,0
0.20709264743251,9136,0.8272,0,0
0.20709264287447,9137,0.8274,0,0
0.20709263831643,9138,0.8276,0,0
0.20709263375838,9139,0.8278,0,0
0.20709262920032,9140,0.828,0,0
0.20709262464226,9141,0.8282,0,0
0.2070926200842,9142,0.8284,0,0
0.20709261552612,9143,0.8286,0,0
0.20709261096805,9144,0.8288,0,0
0.20709260640996,9145,0.829,0,0
0.20709260185187,9146,0.8292,0,0
0.20709259729378,9147,0.8294,0,0
0.20709259273568,9148,0.8296,0,0
0.20709258817757,9149,0.8298,0,0
0.20709258361946,9150,0.83,0,0
0.20709257906134,9151,0.8302,0,0
0.20709257450322,9152,0.8304,0,0
0.20709256994509,9153,0.8306,0,0
0.20709256538695,9154,0.8308,0,0
0.20709256082881,9155,0.831,0,0
0.20709255627066,9156,0.8312,0,0
0.20709255171251,9157,0.8314,0,0
0.20709254715435,9158,0.8316,0,0
0.20709254259618,9159,0.8318,0,0
0.20709253803801,9160,0.832,0,0
0.20709253347984,9161,0.8322,0,0
0.20709252892166,9162,0.8324,0,0
0.20709252436347,9163,0.8326,0,0
0.20709251980527,9164,0.8328,0,0
0.20709251524707,9165,0.833,0,0
0.20709251068887,9166,0.8332,0,0
0.20709250613066,9167,0.8334,0,0
0.20709250157244,9168,0.8336,0,0
0.20709249701422,9169,0.8338,0,0
0.20709249245599,9170,0.834,0,0
0.20709248789775,9171,0.8342,0,0
0.20709248333951,9172,0.8344,0,0
0.20709247878127,9173,0.8346,0,0
0.20709247422301,9174,0.8348,0,0
0.20709246966476,9175,0.835,0,0
0.20709246510649,9176,0.8352,0,0
0.20709246054822,9177,0.8354,0,0
0.20709245598995,9178,0.8356,0,0
0.20709245143166,9179,0.8358,0,0
0.20709244687338,9180,0.836,0,0
0.20709244231508,9181,0.8362,0,0
0.20709243775678,9182,0.8364,0,0
0.20709243319848,9183,0.8366,0,0
0.20709242864017,9184,0.8368,0,0
0.20709242408185,9185,0.837,0,0
0.20709241952353,9186,0.8372,0,0
0.2070924149652,9187,0.8374,0,0
0.20709241040686,9188,0.8376,0,0
0.20709240584852,9189,0.8378,0,0
0.20709240129017,9190,0.838,0,0
0.20709239673182,9191,0.8382,0,0
0.20709239217346,9192,0.8384,0,0
0.2070923876151,9193,0.8386,0,0
0.20709238305673,9194,0.8388,0,0
0.20709237849835,9195,0.839,0,0
0.20709237393997,9196,0.8392,0,0
0.20709236938158,9197,0.8394,0,0
0.20709236482318,9198,0.8396,0,0
0.20709236026478,9199,0.8398,0,0
0.20709235570638,9200,0.84,0,0
0.20709235114796,9201,0.8402,0,0
0.20709234658955,9202,0.8404,0,0
0.20709234203112,9203,0.8406,0,0
0.20709233747269,9204,0.8408,0,0
0.20709233291425,9205,0.841,0,0
0.20709232835581,9206,0.8412,0,0
0.20709232379736,9207,0.8414,0,0
0.20709231923891,9208,0.8416,0,0
0.20709231468045,9209,0.8418,0,0
0.20709231012198,9210,0.842,0,0
0.20709230556351,9211,0.8422,0,0
0.20709230100503,9212,0.8424,0,0
0.20709229644654,9213,0.8426,0,0
0.20709229188805,9214,0.8428,0,0
0.20709228732956,9215,0.843,0,0
0.20709228277105,9216,0.8432,0,0
0.20709227821254,9217,0.8434,0,0
0.20709227365403,9218,0.8436,0,0
0.20709226909551,9219,0.8438,0,0
0.20709226453698,9220,0.844,0,0
0.20709225997845,9221,0.8442,0,0
0.20709225541991,9222,0.8444,0,0
0.20709225086136,9223,0.8446,0,0
0.20709224630281,9224,0.8448,0,0
0.20709224174426,9225,0.845,0,0
0.20709223718569,9226,0.8452,0,0
0.20709223262712,9227,0.8454,0,0
0.20709222806855,9228,0.8456,0,0
0.20709222350996,9229,0.8458,0,0
0.20709221895138,9230,0.846,0,0
0.20709221439278,9231,0.8462,0,0
0.20709220983418,9232,0.8464,0,0
0.20709220527558,9233,0.8466,0,0
0.20709220071696,9234,0.8468,0,0
0.20709219615835,9235,0.847,0,0
0.20709219159972,9236,0.8472,0,0
0.20709218704109,9237,0.8474,0,0
0.20709218248245,9238,0.8476,0,0
0.20709217792381,9239,0.8478,0,0
0.20709217336516,9240,0.848,0,0
0.20709216880651,9241,0.8482,0,0
0.20709216424784,9242,0.8484,0,0
0.20709215968918,9243,0.8486,0,0
0.2070921551305,9244,0.8488,0,0
0.20709215057182,9245,0.849,0,0
0.20709214601314,9246,0.8492,0,0
0.20709214145445,9247,0.8494,0,0
0.20709213689575,9248,0.8496,0,0
0.20709213233704,9249,0.8498,0,0
0.20709212777833,9250,0.85,0,0
0.20709212321961,9251,0.8502,0,0
0.20709211866089,9252,0.8504,0,0
0.20709211410216,9253,0.8506,0,0
0.20709210954343,9254,0.8508,0,0
0.20709210498469,9255,0.851,0,0
0.20709210042594,9256,0.8512,0,0
0.20709209586718,9257,0.8514,0,0
0.20709209130842,9258,0.8516,0,0
0.20709208674966,9259,0.8518,0,0
0.20709208219088,9260,0.852,0,0
0.20709207763211,9261,0.8522,0,0
0.20709207307332,9262,0.8524,0,0
0.20709206851453,9263,0.8526,0,0
0.20709206395573,9264,0.8528,0,0
0.20709205939693,9265,0.853,0,0
0.20709205483812,9266,0.8532,0,0
0.2070920502793,9267,0.8534,0,0
0.20709204572048,9268,0.8536,0,0
0.20709204116165,9269,0.8538,0,0
0.20709203660282,9270,0.854,0,0
0.20709203204397,9271,0.8542,0,0
0.20709202748513,9272,0.8544,0,0
0.20709202292627,9273,0.8546,0,0
0.20709201836741,9274,0.8548,0,0
0.20709201380855,9275,0.855,0,0
0.20709200924967,9276,0.8552,0,0
0.2070920046908,9277,0.8554,0,0
0.20709200013191,9278,0.8556,0,0
0.20709199557302,9279,0.8558,0,0
0.20709199101412,9280,0.856,0,0
0.20709198645522,9281,0.8562,0,0
0.20709198189631,9282,0.8564,0,0
0.20709197733739,9283,0.8566,0,0
0.20709197277847,9284,0.8568,0,0
0.20709196821954,9285,0.857,0,0
0.2070919636606,9286,0.8572,0,0
0.20709195910166,9287,0.8574,0,0
0.20709195454271,9288,0.8576,0,0
0.20709194998376,9289,0.8578,0,0
0.2070919454248,9290,0.858,0,0
0.20709194086583,9291,0.8582,0,0
0.20709193630686,9292,0.8584,0,0
0.20709193174788,9293,0.8586,0,0
0.20709192718889,9294,0.8588,0,0
0.2070919226299,9295,0.859,0,0
0.2070919180709,9296,0.8592,0,0
0.2070919135119,9297,0.8594,0,0
0.20709190895289,9298,0.8596,0,0
0.20709190439387,9299,0.8598,0,0
0.20709189983484,9300,0.86,0,0
0.20709189527581,9301,0.8602,0,0
0.20709189071678,9302,0.8604,0,0
0.20709188615773,9303,0.8606,0,0
0.20709188159868,9304,0.8608,0,0
0.20709187703963,9305,0.861,0,0
0.20709187248057,9306,0.8612,0,0
0.2070918679215,9307,0.8614,0,0
0.20709186336242,9308,0.8616,0,0
0.20709185880334,9309,0.8618,0,0
0.20709185424425,9310,0.862,0,0
0.20709184968516,9311,0.8622,0,0
0.20709184512606,9312,0.8624,0,0
0.20709184056695,9313,0.8626,0,0
0.20709183600784,9314,0.8628,0,0
0.20709183144872,9315,0.863,0,0
0.20709182688959,9316,0.8632,0,0
0.20709182233046,9317,0.8634,0,0
0.20709181777132,9318,0.8636,0,0
0.20709181321218,9319,0.8638,0,0
0.20709180865302,9320,0.864,0,0
0.20709180409387,9321,0.8642,0,0
0.2070917995347,9322,0.8644,0,0
0.20709179497553,9323,0.8646,0,0
0.20709179041635,9324,0.8648,0,0
0.20709178585717,9325,0.865,0,0
0.20709178129798,9326,0.8652,0,0
0.20709177673878,9327,0.8654,0,0
0.20709177217958,9328,0.8656,0,0
0.20709176762037,9329,0.8658,0,0
0.20709176306115,9330,0.866,0,0
0.20709175850193,9331,0.8662,0,0
0.2070917539427,9332,0.8664,0,0
0.20709174938347,9333,0.8666,0,0
0.20709174482422,9334,0.8668,0,0
0.20709174026498,9335,0.867,0,0
0.20709173570572,9336,0.8672,0,0
0.20709173114646,9337,0.8674,0,0
0.20709172658719,9338,0.8676,0,0
0.20709172202792,9339,0.8678,0,0
0.20709171746864,9340,0.868,0,0
0.20709171290935,9341,0.8682,0,0
0.20709170835005,9342,0.8684,0,0
0.20709170379075,9343,0.8686,0,0
0.20709169923145,9344,0.8688,0,0
0.20709169467213,9345,0.869,0,0
0.20709169011281,9346,0.8692,0,0
0.20709168555349,9347,0.8694,0,0
0.20709168099415,9348,0.8696,0,0
0.20709167643482,9349,0.8698,0,0
0.20709167187547,9350,0.87,0,0
0.20709166731612,9351,0.8702,0,0
0.20709166275676,9352,0.8704,0,0
0.20709165819739,9353,0.8706,0,0
0.20709165363802,9354,0.8708,0,0
0.20709164907864,9355,0.871,0,0
0.20709164451926,9356,0.8712,0,0
0.20709163995987,9357,0.8714,0,0
0.20709163540047,9358,0.8716,0,0
0.20709163084106,9359,0.8718,0,0
0.20709162628165,9360,0.872,0,0
0.20709162172223,9361,0.8722,0,0
0.20709161716281,9362,0.8724,0,0
0.20709161260338,9363,0.8726,0,0
0.20709160804394,9364,0.8728,0,0
0.2070916034845,9365,0.873,0,0
0.20709159892505,9366,0.8732,0,0
0.20709159436559,9367,0.8734,0,0
0.20709158980613,9368,0.8736,0,0
0.20709158524666,9369,0.8738,0,0
0.20709158068718,9370,0.874,0,0
0.2070915761277,9371,0.8742,0,0
0.20709157156821,9372,0.8744,0,0
0.20709156700871,9373,0.8746,0,0
0.20709156244921,9374,0.8748,0,0
0.2070915578897,9375,0.875,0,0
0.20709155333018,9376,0.8752,0,0
0.20709154877066,9377,0.8754,0,0
0.20709154421113,9378,0.8756,0,0
0.20709153965159,9379,0.8758,0,0
0.20709153509205,9380,0.876,0,0
0.2070915305325,9381,0.8762,0,0
0.20709152597294,9382,0.8764,0,0
0.20709152141338,9383,0.8766,0,0
0.20709151685381,9384,0.8768,0,0
0.20709151229424,9385,0.877,0,0
0.20709150773465,9386,0.8772,0,0
0.20709150317507,9387,0.8774,0,0
0.20709149861547,9388,0.8776,0,0
0.20709149405587,9389,0.8778,0,0
0.20709148949626,9390,0.878,0,0
0.20709148493664,9391,0.8782,0,0
0.20709148037702,9392,0.8784,0,0
0.20709147581739,9393,0.8786,0,0
0.20709147125776,9394,0.8788,0,0
0.20709146669811,9395,0.879,0,0
0.20709146213847,9396,0.8792,0,0
0.20709145757881,9397,0.8794,0,0
0.20709145301915,9398,0.8796,0,0
0.20709144845948,9399,0.8798,0,0
0.2070914438998,9400,0.88,0,0
0.20709143934012,9401,0.8802,0,0
0.20709143478043,9402,0.8804,0,0
0.20709143022074,9403,0.8806,0,0
0.20709142566104,9404,0.8808,0,0
0.20709142110133,9405,0.881,0,0
0.20709141654161,9406,0.8812,0,0
0.20709141198189,9407,0.8814,0,0
0.20709140742216,9408,0.8816,0,0
0.20709140286242,9409,0.8818,0,0
0.20709139830268,9410,0.882,0,0
0.20709139374293,9411,0.8822,0,0
0.20709138918318,9412,0.8824,0,0
0.20709138462342,9413,0.8826,0,0
0.20709138006365,9414,0.8828,0,0
0.20709137550387,9415,0.883,0,0
0.20709137094409,9416,0.8832,0,0
0.2070913663843,9417,0.8834,0,0
0.2070913618245,9418,0.8836,0,0
0.2070913572647,9419,0.8838,0,0
0.20709135270489,9420,0.884,0,0
0.20709134814508,9421,0.8842,0,0
0.20709134358525,9422,0.8844,0,0
0.20709133902542,9423,0.8846,0,0
0.20709133446559,9424,0.8848,0,0
0.20709132990574,9425,0.885,0,0
0.20709132534589,9426,0.8852,0,0
0.20709132078604,9427,0.8854,0,0
0.20709131622618,9428,0.8856,0,0
0.20709131166631,9429,0.8858,0,0
0.20709130710643,9430,0.886,0,0
0.20709130254655,9431,0.8862,0,0
0.20709129798666,9432,0.8864,0,0
0.20709129342676,9433,0.8866,0,0
0.20709128886686,9434,0.8868,0,0
0.20709128430695,9435,0.887,0,0
0.20709127974703,9436,0.8872,0,0
0.2070912751871,9437,0.8874,0,0
0.20709127062717,9438,0.8876,0,0
0.20709126606724,9439,0.8878,0,0
0.20709126150729,9440,0.888,0,0
0.20709125694734,9441,0.8882,0,0
0.20709125238738,9442,0.8884,0,0
0.20709124782742,9443,0.8886,0,0
0.20709124326745,9444,0.8888,0,0
0.20709123870747,9445,0.889,0,0
0.20709123414749,9446,0.8892,0,0
0.20709122958749,9447,0.8894,0,0
0.2070912250275,9448,0.8896,0,0
0.20709122046749,9449,0.8898,0,0
0.20709121590748,9450,0.89,0,0
0.20709121134746,9451,0.8902,0,0
0.20709120678743,9452,0.8904,0,0
0.2070912022274,9453,0.8906,0,0
0.20709119766736,9454,0.8908,0,0
0.20709119310732,9455,0.891,0,0
0.20709118854726,9456,0.8912,0,0
0.2070911839872,9457,0.8914,0,0
0.20709117942714,9458,0.8916,0,0
0.20709117486706,9459,0.8918,0,0
0.20709117030698,9460,0.892,0,0
0.2070911657469,9461,0.8922,0,0
0.2070911611868,9462,0.8924,0,0
0.2070911566267,9463,0.8926,0,0
0.2070911520666,9464,0.8928,0,0
0.20709114750648,9465,0.893,0,0
0.20709114294636,9466,0.8932,0,0
0.20709113838623,9467,0.8934,0,0
0.2070911338261,9468,0.8936,0,0
0.20709112926596,9469,0.8938,0,0
0.20709112470581,9470,0.894,0,0
0.20709112014565,9471,0.8942,0,0
0.20709111558549,9472,0.8944,0,0
0.20709111102532,9473,0.8946,0,0
0.20709110646515,9474,0.8948,0,0
0.20709110190496,9475,0.895,0,0
0.20709109734477,9476,0.8952,0,0
0.20709109278458,9477,0.8954,0,0
0.20709108822438,9478,0.8956,0,0
0.20709108366417,9479,0.8958,0,0
0.20709107910395,9480,0.896,0,0
0.20709107454372,9481,0.8962,0,0
0.20709106998349,9482,0.8964,0,0
0.20709106542326,9483,0.8966,0,0
0.20709106086301,9484,0.8968,0,0
0.20709105630276,9485,0.897,0,0
0.2070910517425,9486,0.8972,0,0
0.20709104718224,9487,0.8974,0,0
0.20709104262197,9488,0.8976,0,0
0.20709103806169,9489,0.8978,0,0
0.2070910335014,9490,0.898,0,0
0.20709102894111,9491,0.8982,0,0
0.20709102438081,9492,0.8984,0,0
0.2070910198205,9493,0.8986,0,0
0.20709101526019,9494,0.8988,0,0
0.20709101069987,9495,0.899,0,0
0.20709100613954,9496,0.8992,0,0
0.20709100157921,9497,0.8994,0,0
0.20709099701887,9498,0.8996,0,0
0.20709099245852,9499,0.8998,0,0
0.20709098789817,9500,0.9,0,0
0.2070909833378,9501,0.9002,0,0
0.20709097877744,9502,0.9004,0,0
0.20709097421706,9503,0.9006,0,0
0.20709096965668,9504,0.9008,0,0
0.20709096509629,9505,0.901,0,0
0.20709096053589,9506,0.9012,0,0
0.20709095597549,9507,0.9014,0,0
0.20709095141508,9508,0.9016,0,0
0.20709094685466,9509,0.9018,0,0
0.20709094229424,9510,0.902,0,0
0.20709093773381,9511,0.9022,0,0
0.20709093317337,9512,0.9024,0,0
0.20709092861293,9513,0.9026,0,0
0.20709092405247,9514,0.9028,0,0
0.20709091949202,9515,0.903,0,0
0.20709091493155,9516,0.9032,0,0
0.20709091037108,9517,0.9034,0,0
0.2070909058106,9518,0.9036,0,0
0.20709090125011,9519,0.9038,0,0
0.20709089668962,9520,0.904,0,0
0.20709089212912,9521,0.9042,0,0
0.20709088756861,9522,0.9044,0,0
0.2070908830081,9523,0.9046,0,0
0.20709087844758,9524,0.9048,0,0
0.20709087388705,9525,0.905,0,0
0.20709086932651,9526,0.9052,0,0
0.20709086476597,9527,0.9054,0,0
0.20709086020542,9528,0.9056,0,0
0.20709085564487,9529,0.9058,0,0
0.2070908510843,9530,0.906,0,0
0.20709084652373,9531,0.9062,0,0
0.20709084196316,9532,0.9064,0,0
0.20709083740257,9533,0.9066,0,0
0.20709083284198,9534,0.9068,0,0
0.20709082828138,9535,0.907,0,0
0.20709082372078,9536,0.9072,0,0
0.20709081916017,9537,0.9074,0,0
0.20709081459955,9538,0.9076,0,0
0.20709081003892,9539,0.9078,0,0
0.20709080547829,9540,0.908,0,0
0.20709080091765,9541,0.9082,0,0
0.207090796357,9542,0.9084,0,0
0.20709079179635,9543,0.9086,0,0
0.20709078723569,9544,0.9088,0,0
0.20709078267502,9545,0.909,0,0
0.20709077811435,9546,0.9092,0,0
0.20709077355367,9547,0.9094,0,0
0.20709076899298,9548,0.9096,0,0
0.20709076443228,9549,0.9098,0,0
0.20709075987158,9550,0.91,0,0
0.20709075531087,9551,0.9102,0,0
0.20709075075015,9552,0.9104,0,0
0.20709074618943,9553,0.9106,0,0
0.2070907416287,9554,0.9108,0,0
0.20709073706796,9555,0.911,0,0
0.20709073250721,9556,0.9112,0,0
0.20709072794646,9557,0.9114,0,0
0.2070907233857,9558,0.9116,0,0
0.20709071882494,9559,0.9118,0,0
0.20709071426416,9560,0.912,0,0
0.20709070970338,9561,0.9122,0,0
0.2070907051426,9562,0.9124,0,0
0.2070907005818,9563,0.9126,0,0
0.207090696021,9564,0.9128,0,0
0.20709069146019,9565,0.913,0,0
0.20709068689938,9566,0.9132,0,0
0.20709068233856,9567,0.9134,0,0
0.20709067777773,9568,0.9136,0,0
0.20709067321689,9569,0.9138,0,0
0.20709066865605,9570,0.914,0,0
0.2070906640952,9571,0.9142,0,0
0.20709065953434,9572,0.9144,0,0
0.20709065497348,9573,0.9146,0,0
0.2070906504126,9574,0.9148,0,0
0.20709064585173,9575,0.915,0,0
0.20709064129084,9576,0.9152,0,0
0.20709063672995,9577,0.9154,0,0
0.20709063216905,9578,0.9156,0,0
0.20709062760814,9579,0.9158,0,0
0.20709062304723,9580,0.916,0,0
0.20709061848631,9581,0.9162,0,0
0.20709061392538,9582,0.9164,0,0
0.20709060936444,9583,0.9166,0,0
0.2070906048035,9584,0.9168,0,0
0.20709060024255,9585,0.917,0,0
0.2070905956816,9586,0.9172,0,0
0.20709059112063,9587,0.9174,0,0
0.20709058655966,9588,0.9176,0,0
0.20709058199868,9589,0.9178,0,0
0.2070905774377,9590,0.918,0,0
0.20709057287671,9591,0.9182,0,0
0.20709056831571,9592,0.9184,0,0
0.2070905637547,9593,0.9186,0,0
0.20709055919369,9594,0.9188,0,0
0.20709055463267,9595,0.919,0,0
0.20709055007164,9596,0.9192,0,0
0.20709054551061,9597,0.9194,0,0
0.20709054094957,9598,0.9196,0,0
0.20709053638852,9599,0.9198,0,0
0.20709053182746,9600,0.92,0,0
0.2070905272664,9601,0.9202,0,0
0.20709052270533,9602,0.9204,0,0
0.20709051814426,9603,0.9206,0,0
0.20709051358317,9604,0.9208,0,0
0.20709050902208,9605,0.921,0,0
0.20709050446098,9606,0.9212,0,0
0.20709049989988,9607,0.9214,0,0
0.20709049533877,9608,0.9216,0,0
0.20709049077765,9609,0.9218,0,0
0.20709048621652,9610,0.922,0,0
0.20709048165539,9611,0.9222,0,0
0.20709047709425,9612,0.9224,0,0
0.2070904725331,9613,0.9226,0,0
0.20709046797194,9614,0.9228,0,0
0.20709046341078,9615,0.923,0,0
0.20709045884961,9616,0.9232,0,0
0.20709045428844,9617,0.9234,0,0
0.20709044972725,9618,0.9236,0,0
0.20709044516606,9619,0.9238,0,0
0.20709044060486,9620,0.924,0,0
0.20709043604366,9621,0.9242,0,0
0.20709043148245,9622,0.9244,0,0
0.20709042692123,9623,0.9246,0,0
0.20709042236,9624,0.9248,0,0
0.20709041779877,9625,0.925,0,0
0.20709041323753,9626,0.9252,0,0
0.20709040867628,9627,0.9254,0,0
0.20709040411503,9628,0.9256,0,0
0.20709039955377,9629,0.9258,0,0
0.2070903949925,9630,0.926,0,0
0.20709039043122,9631,0.9262,0,0
0.20709038586994,9632,0.9264,0,0
0.20709038130865,9633,0.9266,0,0
0.20709037674735,9634,0.9268,0,0
0.20709037218605,9635,0.927,0,0
0.20709036762473,9636,0.9272,0,0
0.20709036306341,9637,0.9274,0,0
0.20709035850209,9638,0.9276,0,0
0.20709035394076,9639,0.9278,0,0
0.20709034937942,9640,0.928,0,0
0.20709034481807,9641,0.9282,0,0
0.20709034025671,9642,0.9284,0,0
0.20709033569535,9643,0.9286,0,0
0.20709033113398,9644,0.9288,0,0
0.20709032657261,9645,0.929,0,0
0.20709032201122,9646,0.9292,0,0
0.20709031744983,9647,0.9294,0,0
0.20709031288844,9648,0.9296,0,0
0.20709030832703,9649,0.9298,0,0
0.20709030376562,9650,0.93,0,0
0.2070902992042,9651,0.9302,0,0
0.20709029464277,9652,0.9304,0,0
0.20709029008134,9653,0.9306,0,0
0.2070902855199,9654,0.9308,0,0
0.20709028095845,9655,0.931,0,0
0.207090276397,9656,0.9312,0,0
0.20709027183553,9657,0.9314,0,0
0.20709026727407,9658,0.9316,0,0
0.20709026271259,9659,0.9318,0,0
0.20709025815111,9660,0.932,0,0
0.20709025358962,9661,0.9322,0,0
0.20709024902812,9662,0.9324,0,0
0.20709024446661,9663,0.9326,0,0
0.2070902399051,9664,0.9328,0,0
0.20709023534358,9665,0.933,0,0
0.20709023078205,9666,0.9332,0,0
0.20709022622052,9667,0.9334,0,0
0.20709022165898,9668,0.9336,0,0
0.20709021709743,9669,0.9338,0,0
0.20709021253588,9670,0.934,0,0
0.20709020797431,9671,0.9342,0,0
0.20709020341274,9672,0.9344,0,0
0.20709019885117,9673,0.9346,0,0
0.20709019428958,9674,0.9348,0,0
0.20709018972799,9675,0.935,0,0
0.20709018516639,9676,0.9352,0,0
0.20709018060479,9677,0.9354,0,0
0.20709017604317,9678,0.9356,0,0
0.20709017148155,9679,0.9358,0,0
0.20709016691993,9680,0.936,0,0
0.20709016235829,9681,0.9362,0,0
0.20709015779665,9682,0.9364,0,0
0.207090153235,9683,0.9366,0,0
0.20709014867335,9684,0.9368,0,0
0.20709014411168,9685,0.937,0,0
0.20709013955001,9686,0.9372,0,0
0.20709013498833,9687,0.9374,0,0
0.20709013042665,9688,0.9376,0,0
0.20709012586496,9689,0.9378,0,0
0.20709012130326,9690,0.938,0,0
0.20709011674155,9691,0.9382,0,0
0.20709011217984,9692,0.9384,0,0
0.20709010761812,9693,0.9386,0,0
0.20709010305639,9694,0.9388,0,0
0.20709009849465,9695,0.939,0,0
0.20709009393291,9696,0.9392,0,0
0.20709008937116,9697,0.9394,0,0
0.20709008480941,9698,0.9396,0,0
0.20709008024764,9699,0.9398,0,0
0.20709007568587,9700,0.94,0,0
0.20709007112409,9701,0.9402,0,0
0.20709006656231,9702,0.9404,0,0
0.20709006200051,9703,0.9406,0,0
0.20709005743871,9704,0.9408,0,0
0.20709005287691,9705,0.941,0,0
0.20709004831509,9706,0.9412,0,0
0.20709004375327,9707,0.9414,0,0
0.20709003919144,9708,0.9416,0,0
0.2070900346296,9709,0.9418,0,0
0.20709003006776,9710,0.942,0,0
0.20709002550591,9711,0.9422,0,0
0.20709002094405,9712,0.9424,0,0
0.20709001638219,9713,0.9426,0,0
0.20709001182031,9714,0.9428,0,0
0.20709000725843,9715,0.943,0,0
0.20709000269655,9716,0.9432,0,0
0.20708999813465,9717,0.9434,0,0
0.20708999357275,9718,0.9436,0,0
0.20708998901084,9719,0.9438,0,0
0.20708998444893,9720,0.944,0,0
0.20708997988701,9721,0.9442,0,0
0.20708997532508,9722,0.9444,0,0
0.20708997076314,9723,0.9446,0,0
0.20708996620119,9724,0.9448,0,0
0.20708996163924,9725,0.945,0,0
0.20708995707728,9726,0.9452,0,0
0.20708995251532,9727,0.9454,0,0
0.20708994795334,9728,0.9456,0,0
0.20708994339136,9729,0.9458,0,0
0.20708993882937,9730,0.946,0,0
0.20708993426738,9731,0.9462,0,0
0.20708992970538,9732,0.9464,0,0
0.20708992514337,9733,0.9466,0,0
0.20708992058135,9734,0.9468,0,0
0.20708991601932,9735,0.947,0,0
0.20708991145729,9736,0.9472,0,0
0.20708990689525,9737,0.9474,0,0
0.20708990233321,9738,0.9476,0,0
0.20708989777116,9739,0.9478,0,0
0.20708989320909,9740,0.948,0,0
0.20708988864703,9741,0.9482,0,0
0.20708988408495,9742,0.9484,0,0
0.20708987952287,9743,0.9486,0,0
0.20708987496078,9744,0.9488,0,0
0.20708987039868,9745,0.949,0,0
0.20708986583658,9746,0.9492,0,0
0.20708986127447,9747,0.9494,0,0
0.20708985671235,9748,0.9496,0,0
0.20708985215022,9749,0.9498,0,0
0.20708984758809,9750,0.95,0,0
0.20708984302595,9751,0.9502,0,0
0.2070898384638,9752,0.9504,0,0
0.20708983390165,9753,0.9506,0,0
0.20708982933949,9754,0.9508,0,0
0.20708982477732,9755,0.951,0,0
0.20708982021514,9756,0.9512,0,0
0.20708981565296,9757,0.9514,0,0
0.20708981109077,9758,0.9516,0,0
0.20708980652857,9759,0.9518,0,0
0.20708980196636,9760,0.952,0,0
0.20708979740415,9761,0.9522,0,0
0.20708979284193,9762,0.9524,0,0
0.2070897882797,9763,0.9526,0,0
0.20708978371747,9764,0.9528,0,0
0.20708977915523,9765,0.953,0,0
0.20708977459298,9766,0.9532,0,0
0.20708977003072,9767,0.9534,0,0
0.20708976546846,9768,0.9536,0,0
0.20708976090619,9769,0.9538,0,0
0.20708975634391,9770,0.954,0,0
0.20708975178163,9771,0.9542,0,0
0.20708974721933,9772,0.9544,0,0
0.20708974265703,9773,0.9546,0,0
0.20708973809473,9774,0.9548,0,0
0.20708973353241,9775,0.955,0,0
0.20708972897009,9776,0.9552,0,0
0.20708972440776,9777,0.9554,0,0
0.20708971984543,9778,0.9556,0,0
0.20708971528308,9779,0.9558,0,0
0.20708971072073,9780,0.956,0,0
0.20708970615837,9781,0.9562,0,0
0.20708970159601,9782,0.9564,0,0
0.20708969703364,9783,0.9566,0,0
0.20708969247126,9784,0.9568,0,0
0.20708968790887,9785,0.957,0,0
0.20708968334648,9786,0.9572,0,0
0.20708967878408,9787,0.9574,0,0
0.20708967422167,9788,0.9576,0,0
0.20708966965925,9789,0.9578,0,0
0.20708966509683,9790,0.958,0,0
0.2070896605344,9791,0.9582,0,0
0.20708965597196,9792,0.9584,0,0
0.20708965140951,9793,0.9586,0,0
0.20708964684706,9794,0.9588,0,0
0.2070896422846,9795,0.959,0,0
0.20708963772214,9796,0.9592,0,0
0.20708963315966,9797,0.9594,0,0
0.20708962859718,9798,0.9596,0,0
0.20708962403469,9799,0.9598,0,0
0.2070896194722,9800,0.96,0,0
0.20708961490969,9801,0.9602,0,0
0.20708961034718,9802,0.9604,0,0
0.20708960578467,9803,0.9606,0,0
0.20708960122214,9804,0.9608,0,0
0.20708959665961,9805,0.961,0,0
0.20708959209707,9806,0.9612,0,0
0.20708958753452,9807,0.9614,0,0
0.20708958297197,9808,0.9616,0,0
0.20708957840941,9809,0.9618,0,0
0.20708957384684,9810,0.962,0,0
0.20708956928426,9811,0.9622,0,0
0.20708956472168,9812,0.9624,0,0
0.20708956015909,9813,0.9626,0,0
0.20708955559649,9814,0.9628,0,0
0.20708955103389,9815,0.963,0,0
0.20708954647127,9816,0.9632,0,0
0.20708954190866,9817,0.9634,0,0
0.20708953734603,9818,0.9636,0,0
0.20708953278339,9819,0.9638,0,0
0.20708952822075,9820,0.964,0,0
0.20708952365811,9821,0.9642,0,0
0.20708951909545,9822,0.9644,0,0
0.20708951453279,9823,0.9646,0,0
0.20708950997012,9824,0.9648,0,0
0.20708950540744,9825,0.965,0,0
0.20708950084475,9826,0.9652,0,0
0.20708949628206,9827,0.9654,0,0
0.20708949171936,9828,0.9656,0,0
0.20708948715666,9829,0.9658,0,0
0.20708948259394,9830,0.966,0,0
0.20708947803122,9831,0.9662,0,0
0.20708947346849,9832,0.9664,0,0
0.20708946890576,9833,0.9666,0,0
0.20708946434301,9834,0.9668,0,0
0.20708945978026,9835,0.967,0,0
0.20708945521751,9836,0.9672,0,0
0.20708945065474,9837,0.9674,0,0
0.20708944609197,9838,0.9676,0,0
0.20708944152919,9839,0.9678,0,0
0.2070894369664,9840,0.968,0,0
0.20708943240361,9841,0.9682,0,0
0.20708942784081,9842,0.9684,0,0
0.207089423278,9843,0.9686,0,0
0.20708941871518,9844,0.9688,0,0
0.20708941415236,9845,0.969,0,0
0.20708940958953,9846,0.9692,0,0
0.20708940502669,9847,0.9694,0,0
0.20708940046385,9848,0.9696,0,0
0.207089395901,9849,0.9698,0,0
0.20708939133814,9850,0.97,0,0
0.20708938677527,9851,0.9702,0,0
0.2070893822124,9852,0.9704,0,0
0.20708937764952,9853,0.9706,0,0
0.20708937308663,9854,0.9708,0,0
0.20708936852373,9855,0.971,0,0
0.20708936396083,9856,0.9712,0,0
0.20708935939792,9857,0.9714,0,0
0.207089354835,9858,0.9716,0,0
0.20708935027208,9859,0.9718,0,0
0.20708934570915,9860,0.972,0,0
0.20708934114621,9861,0.9722,0,0
0.20708933658326,9862,0.9724,0,0
0.20708933202031,9863,0.9726,0,0
0.20708932745735,9864,0.9728,0,0
0.20708932289438,9865,0.973,0,0
0.2070893183314,9866,0.9732,0,0
0.20708931376842,9867,0.9734,0,0
0.20708930920543,9868,0.9736,0,0
0.20708930464243,9869,0.9738,0,0
0.20708930007943,9870,0.974,0,0
0.20708929551641,9871,0.9742,0,0
0.2070892909534,9872,0.9744,0,0
0.20708928639037,9873,0.9746,0,0
0.20708928182734,9874,0.9748,0,0
0.20708927726429,9875,0.975,0,0
0.20708927270125,9876,0.9752,0,0
0.20708926813819,9877,0.9754,0,0
0.20708926357513,9878,0.9756,0,0
0.20708925901206,9879,0.9758,0,0
0.20708925444898,9880,0.976,0,0
0.2070892498859,9881,0.9762,0,0
0.2070892453228,9882,0.9764,0,0
0.20708924075971,9883,0.9766,0,0
0.2070892361966,9884,0.9768,0,0
0.20708923163349,9885,0.977,0,0
0.20708922707036,9886,0.9772,0,0
0.20708922250724,9887,0.9774,0,0
0.2070892179441,9888,0.9776,0,0
0.20708921338096,9889,0.9778,0,0
0.20708920881781,9890,0.978,0,0
0.20708920425465,9891,0.9782,0,0
0.20708919969149,9892,0.9784,0,0
0.20708919512832,9893,0.9786,0,0
0.20708919056514,9894,0.9788,0,0
0.20708918600195,9895,0.979,0,0
0.20708918143876,9896,0.9792,0,0
0.20708917687556,9897,0.9794,0,0
0.20708917231235,9898,0.9796,0,0
0.20708916774913,9899,0.9798,0,0
0.20708916318591,9900,0.98,0,0
0.20708915862268,9901,0.9802,0,0
0.20708915405945,9902,0.9804,0,0
0.2070891494962,9903,0.9806,0,0
0.20708914493295,9904,0.9808,0,0
0.20708914036969,9905,0.981,0,0
0.20708913580643,9906,0.9812,0,0
0.20708913124315,9907,0.9814,0,0
0.20708912667987,9908,0.9816,0,0
0.20708912211658,9909,0.9818,0,0
0.20708911755329,9910,0.982,0,0
0.20708911298999,9911,0.9822,0,0
0.20708910842668,9912,0.9824,0,0
0.20708910386336,9913,0.9826,0,0
0.20708909930004,9914,0.9828,0,0
0.20708909473671,9915,0.983,0,0
0.20708909017337,9916,0.9832,0,0
0.20708908561002,9917,0.9834,0,0
0.20708908104667,9918,0.9836,0,0
0.20708907648331,9919,0.9838,0,0
0.20708907191994,9920,0.984,0,0
0.20708906735657,9921,0.9842,0,0
0.20708906279318,9922,0.9844,0,0
0.2070890582298,9923,0.9846,0,0
0.2070890536664,9924,0.9848,0,0
0.207089049103,9925,0.985,0,0
0.20708904453958,9926,0.9852,0,0
0.20708903997617,9927,0.9854,0,0
0.20708903541274,9928,0.9856,0,0
0.20708903084931,9929,0.9858,0,0
0.20708902628587,9930,0.986,0,0
0.20708902172242,9931,0.9862,0,0
0.20708901715897,9932,0.9864,0,0
0.20708901259551,9933,0.9866,0,0
0.20708900803204,9934,0.9868,0,0
0.20708900346856,9935,0.987,0,0
0.20708899890508,9936,0.9872,0,0
0.20708899434159,9937,0.9874,0,0
0.20708898977809,9938,0.9876,0,0
0.20708898521459,9939,0.9878,0,0
0.20708898065107,9940,0.988,0,0
0.20708897608755,9941,0.9882,0,0
0.20708897152403,9942,0.9884,0,0
0.20708896696049,9943,0.9886,0,0
0.20708896239695,9944,0.9888,0,0
0.2070889578334,9945,0.989,0,0
0.20708895326985,9946,0.9892,0,0
0.20708894870629,9947,0.9894,0,0
0.20708894414272,9948,0.9896,0,0
0.20708893957914,9949,0.9898,0,0
0.20708893501555,9950,0.99,0,0
0.20708893045196,9951,0.9902,0,0
0.20708892588836,9952,0.9904,0,0
0.20708892132476,9953,0.9906,0,0
0.20708891676114,9954,0.9908,0,0
0.20708891219752,9955,0.991,0,0
0.2070889076339,9956,0.9912,0,0
0.20708890307026,9957,0.9914,0,0
0.20708889850662,9958,0.9916,0,0
0.20708889394297,9959,0.9918,0,0
0.20708888937931,9960,0.992,0,0
0.20708888481565,9961,0.9922,0,0
0.20708888025198,9962,0.9924,0,0
0.2070888756883,9963,0.9926,0,0
0.20708887112462,9964,0.9928,0,0
0.20708886656092,9965,0.993,0,0
0.20708886199722,9966,0.9932,0,0
0.20708885743352,9967,0.9934,0,0
0.2070888528698,9968,0.9936,0,0
0.20708884830608,9969,0.9938,0,0
0.20708884374235,9970,0.994,0,0
0.20708883917862,9971,0.9942,0,0
0.20708883461487,9972,0.9944,0,0
0.20708883005112,9973,0.9946,0,0
0.20708882548736,9974,0.9948,0,0
0.2070888209236,9975,0.995,0,0
0.20708881635983,9976,0.9952,0,0
0.20708881179605,9977,0.9954,0,0
0.20708880723226,9978,0.9956,0,0
0.20708880266847,9979,0.9958,0,0
0.20708879810467,9980,0.996,0,0
0.20708879354086,9981,0.9962,0,0
0.20708878897705,9982,0.9964,0,0
0.20708878441322,9983,0.9966,0,0
0.20708877984939,9984,0.9968,0,0
0.20708877528556,9985,0.997,0,0
0.20708877072171,9986,0.9972,0,0
0.20708876615786,9987,0.9974,0,0
0.207088761594,9988,0.9976,0,0
0.20708875703014,9989,0.9978,0,0
0.20708875246627,9990,0.998,0,0
0.20708874790239,9991,0.9982,0,0
0.2070887433385,9992,0.9984,0,0
0.2070887387746,9993,0.9986,0,0
0.2070887342107,9994,0.9988,0,0
0.2070887296468,9995,0.999,0,0
0.20708872508288,9996,0.9992,0,0
0.20708872051896,9997,0.9994,0,0
0.20708871595503,9998,0.9996,0,0
0.20708871367304,15004,0.9997,0,0
0.2070887125308,15010,0.99975,0,0
0.20708871133076,9999,0.9998,0,0
0.20708870742198,15008,0.99985,0,0
0.20708857669931,15001,0.9999,0,0
0.20708793621888,15020,0.999925,0,0
0.20708690007709,15026,0.9999375,0,0
0.20708452129549,15009,0.99995,0,0
0.20707906012122,15025,0.9999625,0,0
0.20706652252321,15016,0.999975,0,0
0.20703774064603,15023,0.9999875,0,0
0.20697167760985,10000,1,0,0
