id,psi,x,y,z
5000,0.11972905277987,0,0,0
15027,0.3733654064828,1.25e-05,0,0
15018,0.54132961782932,2.5e-05,0,0
15012,0.72491647575507,5e-05,0,0
15022,0.80354869482785,7.5e-05,0,0
15003,0.8376013650329,0.0001,0,0
15013,0.85817150381281,0.00015,0,0
5001,0.86118613429337,0.0002,0,0
15014,0.8616282076952,0.00025,0,0
15006,0.86169415269092,0.0003,0,0
5002,0.86170500553546,0.0004,0,0
5003,0.86170475608136,0.0006,0,0
5004,0.86170551021685,0.0008,0,0
5005,0.86170605305319,0.001,0,0
5006,0.86170664037684,0.0012,0,0
5007,0.86170721833371,0.0014,0,0
5008,0.86170779826242,0.0016,0,0
5009,0.8617083777757,0.0018,0,0
5010,0.86170895737617,0.002,0,0
5011,0.861709536958,0.0022,0,0
5012,0.86171011654348,0.0024,0,0
5013,0.86171069612792,0.0026,0,0
5014,0.8617112757123,0.0028,0,0
5015,0.86171185529642,0.003,0,0
5016,0.86171243488032,0.0032,0,0
5017,0.86171301446399,0.0034,0,0
5018,0.86171359404743,0.0036,0,0
5019,0.86171417363064,0.0038,0,0
5020,0.86171475321363,0.004,0,0
5021,0.86171533279639,0.0042,0,0
5022,0.86171591237892,0.0044,0,0
5023,0.86171649196122,0.0046,0,0
5024,0.86171707154329,0.0048,0,0
5025,0.86171765112514,0.005,0,0
5026,0.86171823070676,0.0052,0,0
5027,0.86171881028815,0.0054,0,0
5028,0.86171938986932,0.0056,0,0
5029,0.86171996945025,0.0058,0,0
5030,0.86172054903096,0.006,0,0
5031,0.86172112861144,0.0062,0,0
5032,0.86172170819169,0.0064,0,0
5033,0.86172228777172,0.0066,0,0
5034,0.86172286735152,0.0068,0,0
5035,0.86172344693109,0.007,0,0
5036,0.86172402651043,0.0072,0,0
5037,0.86172460608954,0.0074,0,0
5038,0.86172518566843,0.0076,0,0
5039,0.86172576524709,0.0078,0,0
5040,0.86172634482552,0.008,0,0
5041,0.86172692440372,0.0082,0,0
5042,0.8617275039817,0.0084,0,0
5043,0.86172808355944,0.0086,0,0
5044,0.86172866313696,0.0088,0,0
5045,0.86172924271426,0.009,0,0
5046,0.86172982229132,0.0092,0,0
5047,0.86173040186816,0.0094,0,0
5048,0.86173098144477,0.0096,0,0
5049,0.86173156102115,0.0098,0,0
5050,0.8617321405973,0.01,0,0
5051,0.86173272017323,0.0102,0,0
5052,0.86173329974893,0.0104,0,0
5053,0.8617338793244,0.0106,0,0
5054,0.86173445889964,0.0108,0,0
5055,0.86173503847465,0.011,0,0
5056,0.86173561804944,0.0112,0,0
5057,0.861736197624,0.0114,0,0
5058,0.86173677719833,0.0116,0,0
5059,0.86173735677244,0.0118,0,0
5060,0.86173793634631,0.012,0,0
5061,0.86173851591996,0.0122,0,0
5062,0.86173909549338,0.0124,0,0
5063,0.86173967506658,0.0126,0,0
5064,0.86174025463954,0.0128,0,0
5065,0.86174083421228,0.013,0,0
5066,0.86174141378479,0.0132,0,0
5067,0.86174199335707,0.0134,0,0
5068,0.86174257292913,0.0136,0,0
5069,0.86174315250096,0.0138,0,0
5070,0.86174373207255,0.014,0,0
5071,0.86174431164393,0.0142,0,0
5072,0.86174489121507,0.0144,0,0
5073,0.86174547078599,0.0146,0,0
5074,0.86174605035668,0.0148,0,0
5075,0.86174662992714,0.015,0,0
5076,0.86174720949737,0.0152,0,0
5077,0.86174778906738,0.0154,0,0
5078,0.86174836863715,0.0156,0,0
5079,0.8617489482067,0.0158,0,0
5080,0.86174952777603,0.016,0,0
5081,0.86175010734512,0.0162,0,0
5082,0.86175068691399,0.0164,0,0
5083,0.86175126648263,0.0166,0,0
5084,0.86175184605104,0.0168,0,0
5085,0.86175242561922,0.017,0,0
5086,0.86175300518718,0.0172,0,0
5087,0.86175358475491,0.0174,0,0
5088,0.86175416432241,0.0176,0,0
5089,0.86175474388968,0.0178,0,0
5090,0.86175532345673,0.018,0,0
5091,0.86175590302355,0.0182,0,0
5092,0.86175648259014,0.0184,0,0
5093,0.8617570621565,0.0186,0,0
5094,0.86175764172264,0.0188,0,0
5095,0.86175822128854,0.019,0,0
5096,0.86175880085422,0.0192,0,0
5097,0.86175938041967,0.0194,0,0
5098,0.8617599599849,0.0196,0,0
5099,0.8617605395499,0.0198,0,0
5100,0.86176111911467,0.02,0,0
5101,0.86176169867921,0.0202,0,0
5102,0.86176227824352,0.0204,0,0
5103,0.86176285780761,0.0206,0,0
5104,0.86176343737147,0.0208,0,0
5105,0.8617640169351,0.021,0,0
5106,0.8617645964985,0.0212,0,0
5107,0.86176517606167,0.0214,0,0
5108,0.86176575562462,0.0216,0,0
5109,0.86176633518734,0.0218,0,0
5110,0.86176691474984,0.022,0,0
5111,0.8617674943121,0.0222,0,0
5112,0.86176807387414,0.0224,0,0
5113,0.86176865343595,0.0226,0,0
5114,0.86176923299753,0.0228,0,0
5115,0.86176981255888,0.023,0,0
5116,0.86177039212001,0.0232,0,0
5117,0.86177097168091,0.0234,0,0
5118,0.86177155124158,0.0236,0,0
5119,0.86177213080202,0.0238,0,0
5120,0.86177271036224,0.024,0,0
5121,0.86177328992223,0.0242,0,0
5122,0.86177386948199,0.0244,0,0
5123,0.86177444904152,0.0246,0,0
5124,0.86177502860083,0.0248,0,0
5125,0.86177560815991,0.025,0,0
5126,0.86177618771876,0.0252,0,0
5127,0.86177676727738,0.0254,0,0
5128,0.86177734683577,0.0256,0,0
5129,0.86177792639394,0.0258,0,0
5130,0.86177850595188,0.026,0,0
5131,0.86177908550959,0.0262,0,0
5132,0.86177966506708,0.0264,0,0
5133,0.86178024462434,0.0266,0,0
5134,0.86178082418136,0.0268,0,0
5135,0.86178140373817,0.027,0,0
5136,0.86178198329474,0.0272,0,0
5137,0.86178256285109,0.0274,0,0
5138,0.86178314240721,0.0276,0,0
5139,0.8617837219631,0.0278,0,0
5140,0.86178430151876,0.028,0,0
5141,0.8617848810742,0.0282,0,0
5142,0.8617854606294,0.0284,0,0
5143,0.86178604018439,0.0286,0,0
5144,0.86178661973914,0.0288,0,0
5145,0.86178719929366,0.029,0,0
5146,0.86178777884796,0.0292,0,0
5147,0.86178835840203,0.0294,0,0
5148,0.86178893795588,0.0296,0,0
5149,0.86178951750949,0.0298,0,0
5150,0.86179009706288,0.03,0,0
5151,0.86179067661604,0.0302,0,0
5152,0.86179125616897,0.0304,0,0
5153,0.86179183572167,0.0306,0,0
5154,0.86179241527415,0.0308,0,0
5155,0.8617929948264,0.031,0,0
5156,0.86179357437842,0.0312,0,0
5157,0.86179415393022,0.0314,0,0
5158,0.86179473348178,0.0316,0,0
5159,0.86179531303312,0.0318,0,0
5160,0.86179589258424,0.032,0,0
5161,0.86179647213512,0.0322,0,0
5162,0.86179705168578,0.0324,0,0
5163,0.8617976312362,0.0326,0,0
5164,0.86179821078641,0.0328,0,0
5165,0.86179879033638,0.033,0,0
5166,0.86179936988613,0.0332,0,0
5167,0.86179994943564,0.0334,0,0
5168,0.86180052898493,0.0336,0,0
5169,0.861801108534,0.0338,0,0
5170,0.86180168808283,0.034,0,0
5171,0.86180226763144,0.0342,0,0
5172,0.86180284717982,0.0344,0,0
5173,0.86180342672798,0.0346,0,0
5174,0.8618040062759,0.0348,0,0
5175,0.8618045858236,0.035,0,0
5176,0.86180516537107,0.0352,0,0
5177,0.86180574491831,0.0354,0,0
5178,0.86180632446533,0.0356,0,0
5179,0.86180690401211,0.0358,0,0
5180,0.86180748355867,0.036,0,0
5181,0.86180806310501,0.0362,0,0
5182,0.86180864265111,0.0364,0,0
5183,0.86180922219699,0.0366,0,0
5184,0.86180980174264,0.0368,0,0
5185,0.86181038128806,0.037,0,0
5186,0.86181096083326,0.0372,0,0
5187,0.86181154037822,0.0374,0,0
5188,0.86181211992296,0.0376,0,0
5189,0.86181269946747,0.0378,0,0
5190,0.86181327901176,0.038,0,0
5191,0.86181385855582,0.0382,0,0
5192,0.86181443809964,0.0384,0,0
5193,0.86181501764325,0.0386,0,0
5194,0.86181559718662,0.0388,0,0
5195,0.86181617672977,0.039,0,0
5196,0.86181675627269,0.0392,0,0
5197,0.86181733581538,0.0394,0,0
5198,0.86181791535784,0.0396,0,0
5199,0.86181849490008,0.0398,0,0
5200,0.86181907444209,0.04,0,0
5201,0.86181965398387,0.0402,0,0
5202,0.86182023352542,0.0404,0,0
5203,0.86182081306675,0.0406,0,0
5204,0.86182139260785,0.0408,0,0
5205,0.86182197214872,0.041,0,0
5206,0.86182255168936,0.0412,0,0
5207,0.86182313122978,0.0414,0,0
5208,0.86182371076997,0.0416,0,0
5209,0.86182429030993,0.0418,0,0
5210,0.86182486984966,0.042,0,0
5211,0.86182544938917,0.0422,0,0
5212,0.86182602892845,0.0424,0,0
5213,0.8618266084675,0.0426,0,0
5214,0.86182718800632,0.0428,0,0
5215,0.86182776754492,0.043,0,0
5216,0.86182834708329,0.0432,0,0
5217,0.86182892662143,0.0434,0,0
5218,0.86182950615934,0.0436,0,0
5219,0.86183008569703,0.0438,0,0
5220,0.86183066523448,0.044,0,0
5221,0.86183124477171,0.0442,0,0
5222,0.86183182430872,0.0444,0,0
5223,0.86183240384549,0.0446,0,0
5224,0.86183298338204,0.0448,0,0
5225,0.86183356291836,0.045,0,0
5226,0.86183414245446,0.0452,0,0
5227,0.86183472199032,0.0454,0,0
5228,0.86183530152596,0.0456,0,0
5229,0.86183588106137,0.0458,0,0
5230,0.86183646059655,0.046,0,0
5231,0.86183704013151,0.0462,0,0
5232,0.86183761966624,0.0464,0,0
5233,0.86183819920074,0.0466,0,0
5234,0.86183877873501,0.0468,0,0
5235,0.86183935826906,0.047,0,0
5236,0.86183993780287,0.0472,0,0
5237,0.86184051733647,0.0474,0,0
5238,0.86184109686983,0.0476,0,0
5239,0.86184167640296,0.0478,0,0
5240,0.86184225593587,0.048,0,0
5241,0.86184283546855,0.0482,0,0
5242,0.86184341500101,0.0484,0,0
5243,0.86184399453323,0.0486,0,0
5244,0.86184457406523,0.0488,0,0
5245,0.861845153597,0.049,0,0
5246,0.86184573312854,0.0492,0,0
5247,0.86184631265986,0.0494,0,0
5248,0.86184689219095,0.0496,0,0
5249,0.86184747172181,0.0498,0,0
5250,0.86184805125244,0.05,0,0
5251,0.86184863078285,0.0502,0,0
5252,0.86184921031303,0.0504,0,0
5253,0.86184978984298,0.0506,0,0
5254,0.8618503693727,0.0508,0,0
5255,0.8618509489022,0.051,0,0
5256,0.86185152843147,0.0512,0,0
5257,0.86185210796051,0.0514,0,0
5258,0.86185268748932,0.0516,0,0
5259,0.86185326701791,0.0518,0,0
5260,0.86185384654626,0.052,0,0
5261,0.8618544260744,0.0522,0,0
5262,0.8618550056023,0.0524,0,0
5263,0.86185558512997,0.0526,0,0
5264,0.86185616465742,0.0528,0,0
5265,0.86185674418464,0.053,0,0
5266,0.86185732371164,0.0532,0,0
5267,0.8618579032384,0.0534,0,0
5268,0.86185848276494,0.0536,0,0
5269,0.86185906229125,0.0538,0,0
5270,0.86185964181734,0.054,0,0
5271,0.86186022134319,0.0542,0,0
5272,0.86186080086882,0.0544,0,0
5273,0.86186138039423,0.0546,0,0
5274,0.8618619599194,0.0548,0,0
5275,0.86186253944435,0.055,0,0
5276,0.86186311896906,0.0552,0,0
5277,0.86186369849356,0.0554,0,0
5278,0.86186427801782,0.0556,0,0
5279,0.86186485754186,0.0558,0,0
5280,0.86186543706567,0.056,0,0
5281,0.86186601658925,0.0562,0,0
5282,0.8618665961126,0.0564,0,0
5283,0.86186717563573,0.0566,0,0
5284,0.86186775515863,0.0568,0,0
5285,0.8618683346813,0.057,0,0
5286,0.86186891420375,0.0572,0,0
5287,0.86186949372596,0.0574,0,0
5288,0.86187007324795,0.0576,0,0
5289,0.86187065276972,0.0578,0,0
5290,0.86187123229125,0.058,0,0
5291,0.86187181181256,0.0582,0,0
5292,0.86187239133364,0.0584,0,0
5293,0.86187297085449,0.0586,0,0
5294,0.86187355037512,0.0588,0,0
5295,0.86187412989551,0.059,0,0
5296,0.86187470941568,0.0592,0,0
5297,0.86187528893563,0.0594,0,0
5298,0.86187586845534,0.0596,0,0
5299,0.86187644797483,0.0598,0,0
5300,0.86187702749409,0.06,0,0
5301,0.86187760701312,0.0602,0,0
5302,0.86187818653193,0.0604,0,0
5303,0.86187876605051,0.0606,0,0
5304,0.86187934556886,0.0608,0,0
5305,0.86187992508698,0.061,0,0
5306,0.86188050460488,0.0612,0,0
5307,0.86188108412255,0.0614,0,0
5308,0.86188166363999,0.0616,0,0
5309,0.8618822431572,0.0618,0,0
5310,0.86188282267419,0.062,0,0
5311,0.86188340219095,0.0622,0,0
5312,0.86188398170748,0.0624,0,0
5313,0.86188456122378,0.0626,0,0
5314,0.86188514073986,0.0628,0,0
5315,0.86188572025571,0.063,0,0
5316,0.86188629977133,0.0632,0,0
5317,0.86188687928673,0.0634,0,0
5318,0.86188745880189,0.0636,0,0
5319,0.86188803831683,0.0638,0,0
5320,0.86188861783154,0.064,0,0
5321,0.86188919734603,0.0642,0,0
5322,0.86188977686029,0.0644,0,0
5323,0.86189035637432,0.0646,0,0
5324,0.86189093588812,0.0648,0,0
5325,0.8618915154017,0.065,0,0
5326,0.86189209491504,0.0652,0,0
5327,0.86189267442816,0.0654,0,0
5328,0.86189325394106,0.0656,0,0
5329,0.86189383345372,0.0658,0,0
5330,0.86189441296616,0.066,0,0
5331,0.86189499247837,0.0662,0,0
5332,0.86189557199036,0.0664,0,0
5333,0.86189615150211,0.0666,0,0
5334,0.86189673101364,0.0668,0,0
5335,0.86189731052494,0.067,0,0
5336,0.86189789003602,0.0672,0,0
5337,0.86189846954686,0.0674,0,0
5338,0.86189904905748,0.0676,0,0
5339,0.86189962856787,0.0678,0,0
5340,0.86190020807804,0.068,0,0
5341,0.86190078758798,0.0682,0,0
5342,0.86190136709769,0.0684,0,0
5343,0.86190194660717,0.0686,0,0
5344,0.86190252611642,0.0688,0,0
5345,0.86190310562545,0.069,0,0
5346,0.86190368513425,0.0692,0,0
5347,0.86190426464282,0.0694,0,0
5348,0.86190484415117,0.0696,0,0
5349,0.86190542365929,0.0698,0,0
5350,0.86190600316718,0.07,0,0
5351,0.86190658267484,0.0702,0,0
5352,0.86190716218228,0.0704,0,0
5353,0.86190774168949,0.0706,0,0
5354,0.86190832119647,0.0708,0,0
5355,0.86190890070322,0.071,0,0
5356,0.86190948020975,0.0712,0,0
5357,0.86191005971605,0.0714,0,0
5358,0.86191063922212,0.0716,0,0
5359,0.86191121872797,0.0718,0,0
5360,0.86191179823358,0.072,0,0
5361,0.86191237773897,0.0722,0,0
5362,0.86191295724413,0.0724,0,0
5363,0.86191353674907,0.0726,0,0
5364,0.86191411625378,0.0728,0,0
5365,0.86191469575826,0.073,0,0
5366,0.86191527526251,0.0732,0,0
5367,0.86191585476654,0.0734,0,0
5368,0.86191643427034,0.0736,0,0
5369,0.86191701377391,0.0738,0,0
5370,0.86191759327725,0.074,0,0
5371,0.86191817278037,0.0742,0,0
5372,0.86191875228326,0.0744,0,0
5373,0.86191933178592,0.0746,0,0
5374,0.86191991128835,0.0748,0,0
5375,0.86192049079056,0.075,0,0
5376,0.86192107029254,0.0752,0,0
5377,0.86192164979429,0.0754,0,0
5378,0.86192222929582,0.0756,0,0
5379,0.86192280879711,0.0758,0,0
5380,0.86192338829818,0.076,0,0
5381,0.86192396779903,0.0762,0,0
5382,0.86192454729964,0.0764,0,0
5383,0.86192512680003,0.0766,0,0
5384,0.86192570630019,0.0768,0,0
5385,0.86192628580013,0.077,0,0
5386,0.86192686529983,0.0772,0,0
5387,0.86192744479931,0.0774,0,0
5388,0.86192802429856,0.0776,0,0
5389,0.86192860379759,0.0778,0,0
5390,0.86192918329639,0.078,0,0
5391,0.86192976279496,0.0782,0,0
5392,0.8619303422933,0.0784,0,0
5393,0.86193092179141,0.0786,0,0
5394,0.8619315012893,0.0788,0,0
5395,0.86193208078696,0.079,0,0
5396,0.86193266028439,0.0792,0,0
5397,0.8619332397816,0.0794,0,0
5398,0.86193381927858,0.0796,0,0
5399,0.86193439877533,0.0798,0,0
5400,0.86193497827185,0.08,0,0
5401,0.86193555776815,0.0802,0,0
5402,0.86193613726422,0.0804,0,0
5403,0.86193671676006,0.0806,0,0
5404,0.86193729625568,0.0808,0,0
5405,0.86193787575106,0.081,0,0
5406,0.86193845524622,0.0812,0,0
5407,0.86193903474116,0.0814,0,0
5408,0.86193961423586,0.0816,0,0
5409,0.86194019373034,0.0818,0,0
5410,0.86194077322459,0.082,0,0
5411,0.86194135271862,0.0822,0,0
5412,0.86194193221241,0.0824,0,0
5413,0.86194251170598,0.0826,0,0
5414,0.86194309119932,0.0828,0,0
5415,0.86194367069244,0.083,0,0
5416,0.86194425018532,0.0832,0,0
5417,0.86194482967798,0.0834,0,0
5418,0.86194540917042,0.0836,0,0
5419,0.86194598866262,0.0838,0,0
5420,0.8619465681546,0.084,0,0
5421,0.86194714764635,0.0842,0,0
5422,0.86194772713788,0.0844,0,0
5423,0.86194830662917,0.0846,0,0
5424,0.86194888612024,0.0848,0,0
5425,0.86194946561108,0.085,0,0
5426,0.8619500451017,0.0852,0,0
5427,0.86195062459208,0.0854,0,0
5428,0.86195120408224,0.0856,0,0
5429,0.86195178357218,0.0858,0,0
5430,0.86195236306188,0.086,0,0
5431,0.86195294255136,0.0862,0,0
5432,0.86195352204061,0.0864,0,0
5433,0.86195410152963,0.0866,0,0
5434,0.86195468101843,0.0868,0,0
5435,0.861955260507,0.087,0,0
5436,0.86195583999534,0.0872,0,0
5437,0.86195641948345,0.0874,0,0
5438,0.86195699897134,0.0876,0,0
5439,0.861957578459,0.0878,0,0
5440,0.86195815794643,0.088,0,0
5441,0.86195873743364,0.0882,0,0
5442,0.86195931692062,0.0884,0,0
5443,0.86195989640737,0.0886,0,0
5444,0.86196047589389,0.0888,0,0
5445,0.86196105538019,0.089,0,0
5446,0.86196163486626,0.0892,0,0
5447,0.8619622143521,0.0894,0,0
5448,0.86196279383771,0.0896,0,0
5449,0.8619633733231,0.0898,0,0
5450,0.86196395280826,0.09,0,0
5451,0.86196453229319,0.0902,0,0
5452,0.8619651117779,0.0904,0,0
5453,0.86196569126238,0.0906,0,0
5454,0.86196627074663,0.0908,0,0
5455,0.86196685023065,0.091,0,0
5456,0.86196742971445,0.0912,0,0
5457,0.86196800919802,0.0914,0,0
5458,0.86196858868136,0.0916,0,0
5459,0.86196916816447,0.0918,0,0
5460,0.86196974764736,0.092,0,0
5461,0.86197032713002,0.0922,0,0
5462,0.86197090661246,0.0924,0,0
5463,0.86197148609466,0.0926,0,0
5464,0.86197206557664,0.0928,0,0
5465,0.86197264505839,0.093,0,0
5466,0.86197322453992,0.0932,0,0
5467,0.86197380402121,0.0934,0,0
5468,0.86197438350228,0.0936,0,0
5469,0.86197496298312,0.0938,0,0
5470,0.86197554246374,0.094,0,0
5471,0.86197612194413,0.0942,0,0
5472,0.86197670142429,0.0944,0,0
5473,0.86197728090422,0.0946,0,0
5474,0.86197786038393,0.0948,0,0
5475,0.86197843986341,0.095,0,0
5476,0.86197901934266,0.0952,0,0
5477,0.86197959882168,0.0954,0,0
5478,0.86198017830048,0.0956,0,0
5479,0.86198075777905,0.0958,0,0
5480,0.86198133725739,0.096,0,0
5481,0.86198191673551,0.0962,0,0
5482,0.8619824962134,0.0964,0,0
5483,0.86198307569106,0.0966,0,0
5484,0.86198365516849,0.0968,0,0
5485,0.8619842346457,0.097,0,0
5486,0.86198481412268,0.0972,0,0
5487,0.86198539359943,0.0974,0,0
5488,0.86198597307596,0.0976,0,0
5489,0.86198655255226,0.0978,0,0
5490,0.86198713202833,0.098,0,0
5491,0.86198771150417,0.0982,0,0
5492,0.86198829097979,0.0984,0,0
5493,0.86198887045518,0.0986,0,0
5494,0.86198944993034,0.0988,0,0
5495,0.86199002940528,0.099,0,0
5496,0.86199060887998,0.0992,0,0
5497,0.86199118835446,0.0994,0,0
5498,0.86199176782872,0.0996,0,0
5499,0.86199234730274,0.0998,0,0
5500,0.86199292677654,0.1,0,0
5501,0.86199350625011,0.1002,0,0
5502,0.86199408572346,0.1004,0,0
5503,0.86199466519658,0.1006,0,0
5504,0.86199524466947,0.1008,0,0
5505,0.86199582414213,0.101,0,0
5506,0.86199640361456,0.1012,0,0
5507,0.86199698308677,0.1014,0,0
5508,0.86199756255875,0.1016,0,0
5509,0.86199814203051,0.1018,0,0
5510,0.86199872150204,0.102,0,0
5511,0.86199930097334,0.1022,0,0
5512,0.86199988044441,0.1024,0,0
5513,0.86200045991525,0.1026,0,0
5514,0.86200103938587,0.1028,0,0
5515,0.86200161885626,0.103,0,0
5516,0.86200219832643,0.1032,0,0
5517,0.86200277779636,0.1034,0,0
5518,0.86200335726607,0.1036,0,0
5519,0.86200393673556,0.1038,0,0
5520,0.86200451620481,0.104,0,0
5521,0.86200509567384,0.1042,0,0
5522,0.86200567514264,0.1044,0,0
5523,0.86200625461121,0.1046,0,0
5524,0.86200683407956,0.1048,0,0
5525,0.86200741354768,0.105,0,0
5526,0.86200799301557,0.1052,0,0
5527,0.86200857248324,0.1054,0,0
5528,0.86200915195068,0.1056,0,0
5529,0.86200973141789,0.1058,0,0
5530,0.86201031088487,0.106,0,0
5531,0.86201089035163,0.1062,0,0
5532,0.86201146981816,0.1064,0,0
5533,0.86201204928446,0.1066,0,0
5534,0.86201262875053,0.1068,0,0
5535,0.86201320821638,0.107,0,0
5536,0.862013787682,0.1072,0,0
5537,0.8620143671474,0.1074,0,0
5538,0.86201494661256,0.1076,0,0
5539,0.8620155260775,0.1078,0,0
5540,0.86201610554222,0.108,0,0
5541,0.8620166850067,0.1082,0,0
5542,0.86201726447096,0.1084,0,0
5543,0.86201784393499,0.1086,0,0
5544,0.86201842339879,0.1088,0,0
5545,0.86201900286237,0.109,0,0
5546,0.86201958232572,0.1092,0,0
5547,0.86202016178884,0.1094,0,0
5548,0.86202074125174,0.1096,0,0
5549,0.8620213207144,0.1098,0,0
5550,0.86202190017684,0.11,0,0
5551,0.86202247963906,0.1102,0,0
5552,0.86202305910104,0.1104,0,0
5553,0.8620236385628,0.1106,0,0
5554,0.86202421802434,0.1108,0,0
5555,0.86202479748564,0.111,0,0
5556,0.86202537694672,0.1112,0,0
5557,0.86202595640757,0.1114,0,0
5558,0.86202653586819,0.1116,0,0
5559,0.86202711532859,0.1118,0,0
5560,0.86202769478876,0.112,0,0
5561,0.8620282742487,0.1122,0,0
5562,0.86202885370842,0.1124,0,0
5563,0.8620294331679,0.1126,0,0
5564,0.86203001262717,0.1128,0,0
5565,0.8620305920862,0.113,0,0
5566,0.86203117154501,0.1132,0,0
5567,0.86203175100359,0.1134,0,0
5568,0.86203233046194,0.1136,0,0
5569,0.86203290992006,0.1138,0,0
5570,0.86203348937796,0.114,0,0
5571,0.86203406883563,0.1142,0,0
5572,0.86203464829308,0.1144,0,0
5573,0.86203522775029,0.1146,0,0
5574,0.86203580720728,0.1148,0,0
5575,0.86203638666405,0.115,0,0
5576,0.86203696612058,0.1152,0,0
5577,0.86203754557689,0.1154,0,0
5578,0.86203812503297,0.1156,0,0
5579,0.86203870448883,0.1158,0,0
5580,0.86203928394445,0.116,0,0
5581,0.86203986339985,0.1162,0,0
5582,0.86204044285503,0.1164,0,0
5583,0.86204102230997,0.1166,0,0
5584,0.86204160176469,0.1168,0,0
5585,0.86204218121918,0.117,0,0
5586,0.86204276067345,0.1172,0,0
5587,0.86204334012749,0.1174,0,0
5588,0.8620439195813,0.1176,0,0
5589,0.86204449903488,0.1178,0,0
5590,0.86204507848824,0.118,0,0
5591,0.86204565794136,0.1182,0,0
5592,0.86204623739427,0.1184,0,0
5593,0.86204681684694,0.1186,0,0
5594,0.86204739629939,0.1188,0,0
5595,0.86204797575161,0.119,0,0
5596,0.8620485552036,0.1192,0,0
5597,0.86204913465537,0.1194,0,0
5598,0.86204971410691,0.1196,0,0
5599,0.86205029355822,0.1198,0,0
5600,0.86205087300931,0.12,0,0
5601,0.86205145246017,0.1202,0,0
5602,0.8620520319108,0.1204,0,0
5603,0.8620526113612,0.1206,0,0
5604,0.86205319081138,0.1208,0,0
5605,0.86205377026133,0.121,0,0
5606,0.86205434971105,0.1212,0,0
5607,0.86205492916055,0.1214,0,0
5608,0.86205550860982,0.1216,0,0
5609,0.86205608805886,0.1218,0,0
5610,0.86205666750767,0.122,0,0
5611,0.86205724695626,0.1222,0,0
5612,0.86205782640462,0.1224,0,0
5613,0.86205840585275,0.1226,0,0
5614,0.86205898530066,0.1228,0,0
5615,0.86205956474834,0.123,0,0
5616,0.86206014419579,0.1232,0,0
5617,0.86206072364302,0.1234,0,0
5618,0.86206130309001,0.1236,0,0
5619,0.86206188253679,0.1238,0,0
5620,0.86206246198333,0.124,0,0
5621,0.86206304142965,0.1242,0,0
5622,0.86206362087574,0.1244,0,0
5623,0.8620642003216,0.1246,0,0
5624,0.86206477976724,0.1248,0,0
5625,0.86206535921264,0.125,0,0
5626,0.86206593865783,0.1252,0,0
5627,0.86206651810278,0.1254,0,0
5628,0.86206709754751,0.1256,0,0
5629,0.86206767699201,0.1258,0,0
5630,0.86206825643628,0.126,0,0
5631,0.86206883588033,0.1262,0,0
5632,0.86206941532415,0.1264,0,0
5633,0.86206999476774,0.1266,0,0
5634,0.86207057421111,0.1268,0,0
5635,0.86207115365424,0.127,0,0
5636,0.86207173309716,0.1272,0,0
5637,0.86207231253984,0.1274,0,0
5638,0.8620728919823,0.1276,0,0
5639,0.86207347142453,0.1278,0,0
5640,0.86207405086653,0.128,0,0
5641,0.86207463030831,0.1282,0,0
5642,0.86207520974985,0.1284,0,0
5643,0.86207578919118,0.1286,0,0
5644,0.86207636863227,0.1288,0,0
5645,0.86207694807314,0.129,0,0
5646,0.86207752751378,0.1292,0,0
5647,0.86207810695419,0.1294,0,0
5648,0.86207868639438,0.1296,0,0
5649,0.86207926583434,0.1298,0,0
5650,0.86207984527407,0.13,0,0
5651,0.86208042471358,0.1302,0,0
5652,0.86208100415286,0.1304,0,0
5653,0.86208158359191,0.1306,0,0
5654,0.86208216303073,0.1308,0,0
5655,0.86208274246933,0.131,0,0
5656,0.8620833219077,0.1312,0,0
5657,0.86208390134585,0.1314,0,0
5658,0.86208448078376,0.1316,0,0
5659,0.86208506022145,0.1318,0,0
5660,0.86208563965892,0.132,0,0
5661,0.86208621909615,0.1322,0,0
5662,0.86208679853316,0.1324,0,0
5663,0.86208737796994,0.1326,0,0
5664,0.8620879574065,0.1328,0,0
5665,0.86208853684282,0.133,0,0
5666,0.86208911627892,0.1332,0,0
5667,0.8620896957148,0.1334,0,0
5668,0.86209027515044,0.1336,0,0
5669,0.86209085458586,0.1338,0,0
5670,0.86209143402106,0.134,0,0
5671,0.86209201345602,0.1342,0,0
5672,0.86209259289076,0.1344,0,0
5673,0.86209317232527,0.1346,0,0
5674,0.86209375175956,0.1348,0,0
5675,0.86209433119361,0.135,0,0
5676,0.86209491062744,0.1352,0,0
5677,0.86209549006105,0.1354,0,0
5678,0.86209606949442,0.1356,0,0
5679,0.86209664892757,0.1358,0,0
5680,0.8620972283605,0.136,0,0
5681,0.86209780779319,0.1362,0,0
5682,0.86209838722566,0.1364,0,0
5683,0.8620989666579,0.1366,0,0
5684,0.86209954608992,0.1368,0,0
5685,0.8621001255217,0.137,0,0
5686,0.86210070495327,0.1372,0,0
5687,0.8621012843846,0.1374,0,0
5688,0.86210186381571,0.1376,0,0
5689,0.86210244324659,0.1378,0,0
5690,0.86210302267724,0.138,0,0
5691,0.86210360210766,0.1382,0,0
5692,0.86210418153786,0.1384,0,0
5693,0.86210476096783,0.1386,0,0
5694,0.86210534039758,0.1388,0,0
5695,0.8621059198271,0.139,0,0
5696,0.86210649925639,0.1392,0,0
5697,0.86210707868545,0.1394,0,0
5698,0.86210765811429,0.1396,0,0
5699,0.8621082375429,0.1398,0,0
5700,0.86210881697128,0.14,0,0
5701,0.86210939639944,0.1402,0,0
5702,0.86210997582737,0.1404,0,0
5703,0.86211055525507,0.1406,0,0
5704,0.86211113468254,0.1408,0,0
5705,0.86211171410979,0.141,0,0
5706,0.86211229353681,0.1412,0,0
5707,0.86211287296361,0.1414,0,0
5708,0.86211345239017,0.1416,0,0
5709,0.86211403181651,0.1418,0,0
5710,0.86211461124263,0.142,0,0
5711,0.86211519066851,0.1422,0,0
5712,0.86211577009417,0.1424,0,0
5713,0.86211634951961,0.1426,0,0
5714,0.86211692894481,0.1428,0,0
5715,0.86211750836979,0.143,0,0
5716,0.86211808779454,0.1432,0,0
5717,0.86211866721907,0.1434,0,0
5718,0.86211924664336,0.1436,0,0
5719,0.86211982606744,0.1438,0,0
5720,0.86212040549128,0.144,0,0
5721,0.8621209849149,0.1442,0,0
5722,0.86212156433829,0.1444,0,0
5723,0.86212214376145,0.1446,0,0
5724,0.86212272318439,0.1448,0,0
5725,0.86212330260709,0.145,0,0
5726,0.86212388202958,0.1452,0,0
5727,0.86212446145183,0.1454,0,0
5728,0.86212504087386,0.1456,0,0
5729,0.86212562029566,0.1458,0,0
5730,0.86212619971724,0.146,0,0
5731,0.86212677913858,0.1462,0,0
5732,0.8621273585597,0.1464,0,0
5733,0.8621279379806,0.1466,0,0
5734,0.86212851740126,0.1468,0,0
5735,0.8621290968217,0.147,0,0
5736,0.86212967624192,0.1472,0,0
5737,0.8621302556619,0.1474,0,0
5738,0.86213083508166,0.1476,0,0
5739,0.86213141450119,0.1478,0,0
5740,0.8621319939205,0.148,0,0
5741,0.86213257333958,0.1482,0,0
5742,0.86213315275843,0.1484,0,0
5743,0.86213373217705,0.1486,0,0
5744,0.86213431159545,0.1488,0,0
5745,0.86213489101362,0.149,0,0
5746,0.86213547043156,0.1492,0,0
5747,0.86213604984928,0.1494,0,0
5748,0.86213662926677,0.1496,0,0
5749,0.86213720868403,0.1498,0,0
5750,0.86213778810107,0.15,0,0
5751,0.86213836751788,0.1502,0,0
5752,0.86213894693446,0.1504,0,0
5753,0.86213952635082,0.1506,0,0
5754,0.86214010576694,0.1508,0,0
5755,0.86214068518285,0.151,0,0
5756,0.86214126459852,0.1512,0,0
5757,0.86214184401397,0.1514,0,0
5758,0.86214242342919,0.1516,0,0
5759,0.86214300284418,0.1518,0,0
5760,0.86214358225895,0.152,0,0
5761,0.86214416167349,0.1522,0,0
5762,0.8621447410878,0.1524,0,0
5763,0.86214532050189,0.1526,0,0
5764,0.86214589991575,0.1528,0,0
5765,0.86214647932938,0.153,0,0
5766,0.86214705874279,0.1532,0,0
5767,0.86214763815596,0.1534,0,0
5768,0.86214821756892,0.1536,0,0
5769,0.86214879698164,0.1538,0,0
5770,0.86214937639414,0.154,0,0
5771,0.86214995580641,0.1542,0,0
5772,0.86215053521845,0.1544,0,0
5773,0.86215111463027,0.1546,0,0
5774,0.86215169404186,0.1548,0,0
5775,0.86215227345322,0.155,0,0
5776,0.86215285286436,0.1552,0,0
5777,0.86215343227527,0.1554,0,0
5778,0.86215401168595,0.1556,0,0
5779,0.86215459109641,0.1558,0,0
5780,0.86215517050664,0.156,0,0
5781,0.86215574991664,0.1562,0,0
5782,0.86215632932642,0.1564,0,0
5783,0.86215690873596,0.1566,0,0
5784,0.86215748814528,0.1568,0,0
5785,0.86215806755438,0.157,0,0
5786,0.86215864696325,0.1572,0,0
5787,0.86215922637189,0.1574,0,0
5788,0.8621598057803,0.1576,0,0
5789,0.86216038518849,0.1578,0,0
5790,0.86216096459645,0.158,0,0
5791,0.86216154400418,0.1582,0,0
5792,0.86216212341169,0.1584,0,0
5793,0.86216270281897,0.1586,0,0
5794,0.86216328222602,0.1588,0,0
5795,0.86216386163285,0.159,0,0
5796,0.86216444103945,0.1592,0,0
5797,0.86216502044582,0.1594,0,0
5798,0.86216559985196,0.1596,0,0
5799,0.86216617925788,0.1598,0,0
5800,0.86216675866357,0.16,0,0
5801,0.86216733806904,0.1602,0,0
5802,0.86216791747428,0.1604,0,0
5803,0.86216849687929,0.1606,0,0
5804,0.86216907628407,0.1608,0,0
5805,0.86216965568863,0.161,0,0
5806,0.86217023509296,0.1612,0,0
5807,0.86217081449706,0.1614,0,0
5808,0.86217139390094,0.1616,0,0
5809,0.86217197330459,0.1618,0,0
5810,0.86217255270801,0.162,0,0
5811,0.86217313211121,0.1622,0,0
5812,0.86217371151418,0.1624,0,0
5813,0.86217429091692,0.1626,0,0
5814,0.86217487031944,0.1628,0,0
5815,0.86217544972173,0.163,0,0
5816,0.86217602912379,0.1632,0,0
5817,0.86217660852562,0.1634,0,0
5818,0.86217718792723,0.1636,0,0
5819,0.86217776732861,0.1638,0,0
5820,0.86217834672977,0.164,0,0
5821,0.86217892613069,0.1642,0,0
5822,0.8621795055314,0.1644,0,0
5823,0.86218008493187,0.1646,0,0
5824,0.86218066433212,0.1648,0,0
5825,0.86218124373214,0.165,0,0
5826,0.86218182313193,0.1652,0,0
5827,0.8621824025315,0.1654,0,0
5828,0.86218298193084,0.1656,0,0
5829,0.86218356132995,0.1658,0,0
5830,0.86218414072884,0.166,0,0
5831,0.8621847201275,0.1662,0,0
5832,0.86218529952593,0.1664,0,0
5833,0.86218587892413,0.1666,0,0
5834,0.86218645832211,0.1668,0,0
5835,0.86218703771987,0.167,0,0
5836,0.86218761711739,0.1672,0,0
5837,0.86218819651469,0.1674,0,0
5838,0.86218877591176,0.1676,0,0
5839,0.86218935530861,0.1678,0,0
5840,0.86218993470522,0.168,0,0
5841,0.86219051410161,0.1682,0,0
5842,0.86219109349778,0.1684,0,0
5843,0.86219167289372,0.1686,0,0
5844,0.86219225228943,0.1688,0,0
5845,0.86219283168491,0.169,0,0
5846,0.86219341108017,0.1692,0,0
5847,0.8621939904752,0.1694,0,0
5848,0.86219456987,0.1696,0,0
5849,0.86219514926458,0.1698,0,0
5850,0.86219572865893,0.17,0,0
5851,0.86219630805305,0.1702,0,0
5852,0.86219688744695,0.1704,0,0
5853,0.86219746684062,0.1706,0,0
5854,0.86219804623406,0.1708,0,0
5855,0.86219862562728,0.171,0,0
5856,0.86219920502027,0.1712,0,0
5857,0.86219978441303,0.1714,0,0
5858,0.86220036380556,0.1716,0,0
5859,0.86220094319787,0.1718,0,0
5860,0.86220152258995,0.172,0,0
5861,0.86220210198181,0.1722,0,0
5862,0.86220268137344,0.1724,0,0
5863,0.86220326076484,0.1726,0,0
5864,0.86220384015601,0.1728,0,0
5865,0.86220441954696,0.173,0,0
5866,0.86220499893768,0.1732,0,0
5867,0.86220557832818,0.1734,0,0
5868,0.86220615771844,0.1736,0,0
5869,0.86220673710848,0.1738,0,0
5870,0.8622073164983,0.174,0,0
5871,0.86220789588789,0.1742,0,0
5872,0.86220847527725,0.1744,0,0
5873,0.86220905466638,0.1746,0,0
5874,0.86220963405529,0.1748,0,0
5875,0.86221021344397,0.175,0,0
5876,0.86221079283242,0.1752,0,0
5877,0.86221137222065,0.1754,0,0
5878,0.86221195160865,0.1756,0,0
5879,0.86221253099642,0.1758,0,0
5880,0.86221311038397,0.176,0,0
5881,0.86221368977128,0.1762,0,0
5882,0.86221426915838,0.1764,0,0
5883,0.86221484854524,0.1766,0,0
5884,0.86221542793188,0.1768,0,0
5885,0.86221600731829,0.177,0,0
5886,0.86221658670448,0.1772,0,0
5887,0.86221716609044,0.1774,0,0
5888,0.86221774547617,0.1776,0,0
5889,0.86221832486168,0.1778,0,0
5890,0.86221890424695,0.178,0,0
5891,0.86221948363201,0.1782,0,0
5892,0.86222006301683,0.1784,0,0
5893,0.86222064240143,0.1786,0,0
5894,0.8622212217858,0.1788,0,0
5895,0.86222180116995,0.179,0,0
5896,0.86222238055386,0.1792,0,0
5897,0.86222295993755,0.1794,0,0
5898,0.86222353932102,0.1796,0,0
5899,0.86222411870426,0.1798,0,0
5900,0.86222469808727,0.18,0,0
5901,0.86222527747005,0.1802,0,0
5902,0.86222585685261,0.1804,0,0
5903,0.86222643623494,0.1806,0,0
5904,0.86222701561704,0.1808,0,0
5905,0.86222759499892,0.181,0,0
5906,0.86222817438057,0.1812,0,0
5907,0.86222875376199,0.1814,0,0
5908,0.86222933314319,0.1816,0,0
5909,0.86222991252416,0.1818,0,0
5910,0.8622304919049,0.182,0,0
5911,0.86223107128542,0.1822,0,0
5912,0.86223165066571,0.1824,0,0
5913,0.86223223004577,0.1826,0,0
5914,0.86223280942561,0.1828,0,0
5915,0.86223338880522,0.183,0,0
5916,0.8622339681846,0.1832,0,0
5917,0.86223454756376,0.1834,0,0
5918,0.86223512694269,0.1836,0,0
5919,0.86223570632139,0.1838,0,0
5920,0.86223628569987,0.184,0,0
5921,0.86223686507812,0.1842,0,0
5922,0.86223744445614,0.1844,0,0
5923,0.86223802383393,0.1846,0,0
5924,0.8622386032115,0.1848,0,0
5925,0.86223918258885,0.185,0,0
5926,0.86223976196596,0.1852,0,0
5927,0.86224034134285,0.1854,0,0
5928,0.86224092071951,0.1856,0,0
5929,0.86224150009595,0.1858,0,0
5930,0.86224207947216,0.186,0,0
5931,0.86224265884814,0.1862,0,0
5932,0.86224323822389,0.1864,0,0
5933,0.86224381759942,0.1866,0,0
5934,0.86224439697472,0.1868,0,0
5935,0.8622449763498,0.187,0,0
5936,0.86224555572465,0.1872,0,0
5937,0.86224613509927,0.1874,0,0
5938,0.86224671447366,0.1876,0,0
5939,0.86224729384783,0.1878,0,0
5940,0.86224787322177,0.188,0,0
5941,0.86224845259549,0.1882,0,0
5942,0.86224903196898,0.1884,0,0
5943,0.86224961134224,0.1886,0,0
5944,0.86225019071527,0.1888,0,0
5945,0.86225077008808,0.189,0,0
5946,0.86225134946066,0.1892,0,0
5947,0.86225192883301,0.1894,0,0
5948,0.86225250820514,0.1896,0,0
5949,0.86225308757704,0.1898,0,0
5950,0.86225366694872,0.19,0,0
5951,0.86225424632017,0.1902,0,0
5952,0.86225482569139,0.1904,0,0
5953,0.86225540506238,0.1906,0,0
5954,0.86225598443315,0.1908,0,0
5955,0.86225656380369,0.191,0,0
5956,0.862257143174,0.1912,0,0
5957,0.86225772254409,0.1914,0,0
5958,0.86225830191395,0.1916,0,0
5959,0.86225888128359,0.1918,0,0
5960,0.86225946065299,0.192,0,0
5961,0.86226004002217,0.1922,0,0
5962,0.86226061939113,0.1924,0,0
5963,0.86226119875986,0.1926,0,0
5964,0.86226177812836,0.1928,0,0
5965,0.86226235749663,0.193,0,0
5966,0.86226293686468,0.1932,0,0
5967,0.8622635162325,0.1934,0,0
5968,0.86226409560009,0.1936,0,0
5969,0.86226467496746,0.1938,0,0
5970,0.8622652543346,0.194,0,0
5971,0.86226583370151,0.1942,0,0
5972,0.8622664130682,0.1944,0,0
5973,0.86226699243466,0.1946,0,0
5974,0.86226757180089,0.1948,0,0
5975,0.8622681511669,0.195,0,0
5976,0.86226873053268,0.1952,0,0
5977,0.86226930989824,0.1954,0,0
5978,0.86226988926356,0.1956,0,0
5979,0.86227046862866,0.1958,0,0
5980,0.86227104799354,0.196,0,0
5981,0.86227162735818,0.1962,0,0
5982,0.8622722067226,0.1964,0,0
5983,0.8622727860868,0.1966,0,0
5984,0.86227336545077,0.1968,0,0
5985,0.86227394481451,0.197,0,0
5986,0.86227452417802,0.1972,0,0
5987,0.86227510354131,0.1974,0,0
5988,0.86227568290437,0.1976,0,0
5989,0.8622762622672,0.1978,0,0
5990,0.86227684162981,0.198,0,0
5991,0.86227742099219,0.1982,0,0
5992,0.86227800035434,0.1984,0,0
5993,0.86227857971627,0.1986,0,0
5994,0.86227915907797,0.1988,0,0
5995,0.86227973843944,0.199,0,0
5996,0.86228031780069,0.1992,0,0
5997,0.86228089716171,0.1994,0,0
5998,0.8622814765225,0.1996,0,0
5999,0.86228205588307,0.1998,0,0
6000,0.86228263524341,0.2,0,0
6001,0.86228321460353,0.2002,0,0
6002,0.86228379396341,0.2004,0,0
6003,0.86228437332307,0.2006,0,0
6004,0.86228495268251,0.2008,0,0
6005,0.86228553204171,0.201,0,0
6006,0.8622861114007,0.2012,0,0
6007,0.86228669075945,0.2014,0,0
6008,0.86228727011798,0.2016,0,0
6009,0.86228784947628,0.2018,0,0
6010,0.86228842883435,0.202,0,0
6011,0.8622890081922,0.2022,0,0
6012,0.86228958754982,0.2024,0,0
6013,0.86229016690721,0.2026,0,0
6014,0.86229074626438,0.2028,0,0
6015,0.86229132562132,0.203,0,0
6016,0.86229190497804,0.2032,0,0
6017,0.86229248433452,0.2034,0,0
6018,0.86229306369078,0.2036,0,0
6019,0.86229364304682,0.2038,0,0
6020,0.86229422240263,0.204,0,0
6021,0.86229480175821,0.2042,0,0
6022,0.86229538111356,0.2044,0,0
6023,0.86229596046869,0.2046,0,0
6024,0.86229653982359,0.2048,0,0
6025,0.86229711917826,0.205,0,0
6026,0.86229769853271,0.2052,0,0
6027,0.86229827788693,0.2054,0,0
6028,0.86229885724093,0.2056,0,0
6029,0.8622994365947,0.2058,0,0
6030,0.86230001594824,0.206,0,0
6031,0.86230059530155,0.2062,0,0
6032,0.86230117465464,0.2064,0,0
6033,0.8623017540075,0.2066,0,0
6034,0.86230233336014,0.2068,0,0
6035,0.86230291271254,0.207,0,0
6036,0.86230349206473,0.2072,0,0
6037,0.86230407141668,0.2074,0,0
6038,0.86230465076841,0.2076,0,0
6039,0.86230523011991,0.2078,0,0
6040,0.86230580947119,0.208,0,0
6041,0.86230638882224,0.2082,0,0
6042,0.86230696817306,0.2084,0,0
6043,0.86230754752365,0.2086,0,0
6044,0.86230812687402,0.2088,0,0
6045,0.86230870622416,0.209,0,0
6046,0.86230928557408,0.2092,0,0
6047,0.86230986492377,0.2094,0,0
6048,0.86231044427323,0.2096,0,0
6049,0.86231102362247,0.2098,0,0
6050,0.86231160297148,0.21,0,0
6051,0.86231218232026,0.2102,0,0
6052,0.86231276166881,0.2104,0,0
6053,0.86231334101714,0.2106,0,0
6054,0.86231392036525,0.2108,0,0
6055,0.86231449971312,0.211,0,0
6056,0.86231507906077,0.2112,0,0
6057,0.86231565840819,0.2114,0,0
6058,0.86231623775539,0.2116,0,0
6059,0.86231681710236,0.2118,0,0
6060,0.8623173964491,0.212,0,0
6061,0.86231797579562,0.2122,0,0
6062,0.86231855514191,0.2124,0,0
6063,0.86231913448797,0.2126,0,0
6064,0.86231971383381,0.2128,0,0
6065,0.86232029317942,0.213,0,0
6066,0.8623208725248,0.2132,0,0
6067,0.86232145186996,0.2134,0,0
6068,0.86232203121489,0.2136,0,0
6069,0.86232261055959,0.2138,0,0
6070,0.86232318990407,0.214,0,0
6071,0.86232376924832,0.2142,0,0
6072,0.86232434859235,0.2144,0,0
6073,0.86232492793614,0.2146,0,0
6074,0.86232550727971,0.2148,0,0
6075,0.86232608662306,0.215,0,0
6076,0.86232666596618,0.2152,0,0
6077,0.86232724530907,0.2154,0,0
6078,0.86232782465173,0.2156,0,0
6079,0.86232840399417,0.2158,0,0
6080,0.86232898333638,0.216,0,0
6081,0.86232956267837,0.2162,0,0
6082,0.86233014202012,0.2164,0,0
6083,0.86233072136166,0.2166,0,0
6084,0.86233130070296,0.2168,0,0
6085,0.86233188004404,0.217,0,0
6086,0.86233245938489,0.2172,0,0
6087,0.86233303872552,0.2174,0,0
6088,0.86233361806592,0.2176,0,0
6089,0.86233419740609,0.2178,0,0
6090,0.86233477674603,0.218,0,0
6091,0.86233535608575,0.2182,0,0
6092,0.86233593542525,0.2184,0,0
6093,0.86233651476451,0.2186,0,0
6094,0.86233709410355,0.2188,0,0
6095,0.86233767344236,0.219,0,0
6096,0.86233825278095,0.2192,0,0
6097,0.86233883211931,0.2194,0,0
6098,0.86233941145744,0.2196,0,0
6099,0.86233999079535,0.2198,0,0
6100,0.86234057013303,0.22,0,0
6101,0.86234114947048,0.2202,0,0
6102,0.86234172880771,0.2204,0,0
6103,0.86234230814471,0.2206,0,0
6104,0.86234288748149,0.2208,0,0
6105,0.86234346681803,0.221,0,0
6106,0.86234404615435,0.2212,0,0
6107,0.86234462549045,0.2214,0,0
6108,0.86234520482632,0.2216,0,0
6109,0.86234578416196,0.2218,0,0
6110,0.86234636349737,0.222,0,0
6111,0.86234694283256,0.2222,0,0
6112,0.86234752216752,0.2224,0,0
6113,0.86234810150226,0.2226,0,0
6114,0.86234868083676,0.2228,0,0
6115,0.86234926017105,0.223,0,0
6116,0.8623498395051,0.2232,0,0
6117,0.86235041883893,0.2234,0,0
6118,0.86235099817253,0.2236,0,0
6119,0.86235157750591,0.2238,0,0
6120,0.86235215683906,0.224,0,0
6121,0.86235273617198,0.2242,0,0
6122,0.86235331550468,0.2244,0,0
6123,0.86235389483715,0.2246,0,0
6124,0.86235447416939,0.2248,0,0
6125,0.86235505350141,0.225,0,0
6126,0.8623556328332,0.2252,0,0
6127,0.86235621216476,0.2254,0,0
6128,0.8623567914961,0.2256,0,0
6129,0.86235737082721,0.2258,0,0
6130,0.86235795015809,0.226,0,0
6131,0.86235852948875,0.2262,0,0
6132,0.86235910881918,0.2264,0,0
6133,0.86235968814938,0.2266,0,0
6134,0.86236026747936,0.2268,0,0
6135,0.86236084680911,0.227,0,0
6136,0.86236142613864,0.2272,0,0
6137,0.86236200546794,0.2274,0,0
6138,0.86236258479701,0.2276,0,0
6139,0.86236316412585,0.2278,0,0
6140,0.86236374345447,0.228,0,0
6141,0.86236432278286,0.2282,0,0
6142,0.86236490211103,0.2284,0,0
6143,0.86236548143897,0.2286,0,0
6144,0.86236606076668,0.2288,0,0
6145,0.86236664009417,0.229,0,0
6146,0.86236721942143,0.2292,0,0
6147,0.86236779874846,0.2294,0,0
6148,0.86236837807527,0.2296,0,0
6149,0.86236895740185,0.2298,0,0
6150,0.8623695367282,0.23,0,0
6151,0.86237011605433,0.2302,0,0
6152,0.86237069538023,0.2304,0,0
6153,0.8623712747059,0.2306,0,0
6154,0.86237185403135,0.2308,0,0
6155,0.86237243335657,0.231,0,0
6156,0.86237301268157,0.2312,0,0
6157,0.86237359200633,0.2314,0,0
6158,0.86237417133088,0.2316,0,0
6159,0.86237475065519,0.2318,0,0
6160,0.86237532997928,0.232,0,0
6161,0.86237590930314,0.2322,0,0
6162,0.86237648862678,0.2324,0,0
6163,0.86237706795019,0.2326,0,0
6164,0.86237764727337,0.2328,0,0
6165,0.86237822659632,0.233,0,0
6166,0.86237880591905,0.2332,0,0
6167,0.86237938524156,0.2334,0,0
6168,0.86237996456383,0.2336,0,0
6169,0.86238054388588,0.2338,0,0
6170,0.86238112320771,0.234,0,0
6171,0.86238170252931,0.2342,0,0
6172,0.86238228185068,0.2344,0,0
6173,0.86238286117182,0.2346,0,0
6174,0.86238344049274,0.2348,0,0
6175,0.86238401981343,0.235,0,0
6176,0.86238459913389,0.2352,0,0
6177,0.86238517845413,0.2354,0,0
6178,0.86238575777414,0.2356,0,0
6179,0.86238633709393,0.2358,0,0
6180,0.86238691641349,0.236,0,0
6181,0.86238749573282,0.2362,0,0
6182,0.86238807505193,0.2364,0,0
6183,0.86238865437081,0.2366,0,0
6184,0.86238923368946,0.2368,0,0
6185,0.86238981300789,0.237,0,0
6186,0.86239039232609,0.2372,0,0
6187,0.86239097164406,0.2374,0,0
6188,0.86239155096181,0.2376,0,0
6189,0.86239213027933,0.2378,0,0
6190,0.86239270959662,0.238,0,0
6191,0.86239328891369,0.2382,0,0
6192,0.86239386823053,0.2384,0,0
6193,0.86239444754714,0.2386,0,0
6194,0.86239502686353,0.2388,0,0
6195,0.86239560617969,0.239,0,0
6196,0.86239618549563,0.2392,0,0
6197,0.86239676481134,0.2394,0,0
6198,0.86239734412682,0.2396,0,0
6199,0.86239792344208,0.2398,0,0
6200,0.86239850275711,0.24,0,0
6201,0.86239908207191,0.2402,0,0
6202,0.86239966138649,0.2404,0,0
6203,0.86240024070084,0.2406,0,0
6204,0.86240082001496,0.2408,0,0
6205,0.86240139932886,0.241,0,0
6206,0.86240197864253,0.2412,0,0
6207,0.86240255795597,0.2414,0,0
6208,0.86240313726919,0.2416,0,0
6209,0.86240371658218,0.2418,0,0
6210,0.86240429589495,0.242,0,0
6211,0.86240487520748,0.2422,0,0
6212,0.8624054545198,0.2424,0,0
6213,0.86240603383188,0.2426,0,0
6214,0.86240661314374,0.2428,0,0
6215,0.86240719245537,0.243,0,0
6216,0.86240777176678,0.2432,0,0
6217,0.86240835107796,0.2434,0,0
6218,0.86240893038891,0.2436,0,0
6219,0.86240950969964,0.2438,0,0
6220,0.86241008901014,0.244,0,0
6221,0.86241066832041,0.2442,0,0
6222,0.86241124763046,0.2444,0,0
6223,0.86241182694028,0.2446,0,0
6224,0.86241240624988,0.2448,0,0
6225,0.86241298555925,0.245,0,0
6226,0.86241356486839,0.2452,0,0
6227,0.8624141441773,0.2454,0,0
6228,0.86241472348599,0.2456,0,0
6229,0.86241530279445,0.2458,0,0
6230,0.86241588210269,0.246,0,0
6231,0.8624164614107,0.2462,0,0
6232,0.86241704071848,0.2464,0,0
6233,0.86241762002604,0.2466,0,0
6234,0.86241819933337,0.2468,0,0
6235,0.86241877864047,0.247,0,0
6236,0.86241935794735,0.2472,0,0
6237,0.862419937254,0.2474,0,0
6238,0.86242051656043,0.2476,0,0
6239,0.86242109586662,0.2478,0,0
6240,0.8624216751726,0.248,0,0
6241,0.86242225447834,0.2482,0,0
6242,0.86242283378386,0.2484,0,0
6243,0.86242341308915,0.2486,0,0
6244,0.86242399239422,0.2488,0,0
6245,0.86242457169906,0.249,0,0
6246,0.86242515100367,0.2492,0,0
6247,0.86242573030806,0.2494,0,0
6248,0.86242630961222,0.2496,0,0
6249,0.86242688891615,0.2498,0,0
6250,0.86242746821986,0.25,0,0
6251,0.86242804752334,0.2502,0,0
6252,0.8624286268266,0.2504,0,0
6253,0.86242920612963,0.2506,0,0
6254,0.86242978543243,0.2508,0,0
6255,0.862430364735,0.251,0,0
6256,0.86243094403735,0.2512,0,0
6257,0.86243152333948,0.2514,0,0
6258,0.86243210264137,0.2516,0,0
6259,0.86243268194304,0.2518,0,0
6260,0.86243326124448,0.252,0,0
6261,0.8624338405457,0.2522,0,0
6262,0.86243441984669,0.2524,0,0
6263,0.86243499914746,0.2526,0,0
6264,0.86243557844799,0.2528,0,0
6265,0.86243615774831,0.253,0,0
6266,0.86243673704839,0.2532,0,0
6267,0.86243731634825,0.2534,0,0
6268,0.86243789564788,0.2536,0,0
6269,0.86243847494729,0.2538,0,0
6270,0.86243905424647,0.254,0,0
6271,0.86243963354542,0.2542,0,0
6272,0.86244021284415,0.2544,0,0
6273,0.86244079214265,0.2546,0,0
6274,0.86244137144092,0.2548,0,0
6275,0.86244195073897,0.255,0,0
6276,0.86244253003679,0.2552,0,0
6277,0.86244310933438,0.2554,0,0
6278,0.86244368863175,0.2556,0,0
6279,0.8624442679289,0.2558,0,0
6280,0.86244484722581,0.256,0,0
6281,0.8624454265225,0.2562,0,0
6282,0.86244600581896,0.2564,0,0
6283,0.8624465851152,0.2566,0,0
6284,0.86244716441121,0.2568,0,0
6285,0.86244774370699,0.257,0,0
6286,0.86244832300255,0.2572,0,0
6287,0.86244890229788,0.2574,0,0
6288,0.86244948159299,0.2576,0,0
6289,0.86245006088786,0.2578,0,0
6290,0.86245064018252,0.258,0,0
6291,0.86245121947694,0.2582,0,0
6292,0.86245179877114,0.2584,0,0
6293,0.86245237806511,0.2586,0,0
6294,0.86245295735886,0.2588,0,0
6295,0.86245353665238,0.259,0,0
6296,0.86245411594567,0.2592,0,0
6297,0.86245469523874,0.2594,0,0
6298,0.86245527453158,0.2596,0,0
6299,0.86245585382419,0.2598,0,0
6300,0.86245643311658,0.26,0,0
6301,0.86245701240874,0.2602,0,0
6302,0.86245759170068,0.2604,0,0
6303,0.86245817099239,0.2606,0,0
6304,0.86245875028387,0.2608,0,0
6305,0.86245932957513,0.261,0,0
6306,0.86245990886616,0.2612,0,0
6307,0.86246048815696,0.2614,0,0
6308,0.86246106744754,0.2616,0,0
6309,0.86246164673789,0.2618,0,0
6310,0.86246222602801,0.262,0,0
6311,0.86246280531791,0.2622,0,0
6312,0.86246338460758,0.2624,0,0
6313,0.86246396389703,0.2626,0,0
6314,0.86246454318625,0.2628,0,0
6315,0.86246512247524,0.263,0,0
6316,0.86246570176401,0.2632,0,0
6317,0.86246628105254,0.2634,0,0
6318,0.86246686034086,0.2636,0,0
6319,0.86246743962895,0.2638,0,0
6320,0.86246801891681,0.264,0,0
6321,0.86246859820444,0.2642,0,0
6322,0.86246917749185,0.2644,0,0
6323,0.86246975677903,0.2646,0,0
6324,0.86247033606599,0.2648,0,0
6325,0.86247091535271,0.265,0,0
6326,0.86247149463922,0.2652,0,0
6327,0.86247207392549,0.2654,0,0
6328,0.86247265321154,0.2656,0,0
6329,0.86247323249737,0.2658,0,0
6330,0.86247381178296,0.266,0,0
6331,0.86247439106834,0.2662,0,0
6332,0.86247497035348,0.2664,0,0
6333,0.8624755496384,0.2666,0,0
6334,0.86247612892309,0.2668,0,0
6335,0.86247670820756,0.267,0,0
6336,0.8624772874918,0.2672,0,0
6337,0.86247786677581,0.2674,0,0
6338,0.86247844605959,0.2676,0,0
6339,0.86247902534316,0.2678,0,0
6340,0.86247960462649,0.268,0,0
6341,0.8624801839096,0.2682,0,0
6342,0.86248076319248,0.2684,0,0
6343,0.86248134247513,0.2686,0,0
6344,0.86248192175756,0.2688,0,0
6345,0.86248250103976,0.269,0,0
6346,0.86248308032174,0.2692,0,0
6347,0.86248365960349,0.2694,0,0
6348,0.86248423888501,0.2696,0,0
6349,0.86248481816631,0.2698,0,0
6350,0.86248539744738,0.27,0,0
6351,0.86248597672822,0.2702,0,0
6352,0.86248655600884,0.2704,0,0
6353,0.86248713528923,0.2706,0,0
6354,0.8624877145694,0.2708,0,0
6355,0.86248829384934,0.271,0,0
6356,0.86248887312905,0.2712,0,0
6357,0.86248945240854,0.2714,0,0
6358,0.8624900316878,0.2716,0,0
6359,0.86249061096683,0.2718,0,0
6360,0.86249119024564,0.272,0,0
6361,0.86249176952422,0.2722,0,0
6362,0.86249234880257,0.2724,0,0
6363,0.8624929280807,0.2726,0,0
6364,0.86249350735861,0.2728,0,0
6365,0.86249408663628,0.273,0,0
6366,0.86249466591373,0.2732,0,0
6367,0.86249524519095,0.2734,0,0
6368,0.86249582446795,0.2736,0,0
6369,0.86249640374472,0.2738,0,0
6370,0.86249698302127,0.274,0,0
6371,0.86249756229758,0.2742,0,0
6372,0.86249814157368,0.2744,0,0
6373,0.86249872084954,0.2746,0,0
6374,0.86249930012518,0.2748,0,0
6375,0.86249987940059,0.275,0,0
6376,0.86250045867578,0.2752,0,0
6377,0.86250103795074,0.2754,0,0
6378,0.86250161722547,0.2756,0,0
6379,0.86250219649998,0.2758,0,0
6380,0.86250277577426,0.276,0,0
6381,0.86250335504832,0.2762,0,0
6382,0.86250393432214,0.2764,0,0
6383,0.86250451359575,0.2766,0,0
6384,0.86250509286912,0.2768,0,0
6385,0.86250567214227,0.277,0,0
6386,0.8625062514152,0.2772,0,0
6387,0.86250683068789,0.2774,0,0
6388,0.86250740996036,0.2776,0,0
6389,0.86250798923261,0.2778,0,0
6390,0.86250856850463,0.278,0,0
6391,0.86250914777642,0.2782,0,0
6392,0.86250972704798,0.2784,0,0
6393,0.86251030631932,0.2786,0,0
6394,0.86251088559044,0.2788,0,0
6395,0.86251146486132,0.279,0,0
6396,0.86251204413198,0.2792,0,0
6397,0.86251262340242,0.2794,0,0
6398,0.86251320267263,0.2796,0,0
6399,0.86251378194261,0.2798,0,0
6400,0.86251436121236,0.28,0,0
6401,0.86251494048189,0.2802,0,0
6402,0.8625155197512,0.2804,0,0
6403,0.86251609902027,0.2806,0,0
6404,0.86251667828912,0.2808,0,0
6405,0.86251725755775,0.281,0,0
6406,0.86251783682614,0.2812,0,0
6407,0.86251841609432,0.2814,0,0
6408,0.86251899536226,0.2816,0,0
6409,0.86251957462998,0.2818,0,0
6410,0.86252015389747,0.282,0,0
6411,0.86252073316474,0.2822,0,0
6412,0.86252131243178,0.2824,0,0
6413,0.86252189169859,0.2826,0,0
6414,0.86252247096518,0.2828,0,0
6415,0.86252305023154,0.283,0,0
6416,0.86252362949768,0.2832,0,0
6417,0.86252420876358,0.2834,0,0
6418,0.86252478802927,0.2836,0,0
6419,0.86252536729472,0.2838,0,0
6420,0.86252594655995,0.284,0,0
6421,0.86252652582496,0.2842,0,0
6422,0.86252710508973,0.2844,0,0
6423,0.86252768435428,0.2846,0,0
6424,0.86252826361861,0.2848,0,0
6425,0.86252884288271,0.285,0,0
6426,0.86252942214658,0.2852,0,0
6427,0.86253000141023,0.2854,0,0
6428,0.86253058067365,0.2856,0,0
6429,0.86253115993684,0.2858,0,0
6430,0.86253173919981,0.286,0,0
6431,0.86253231846255,0.2862,0,0
6432,0.86253289772506,0.2864,0,0
6433,0.86253347698735,0.2866,0,0
6434,0.86253405624941,0.2868,0,0
6435,0.86253463551125,0.287,0,0
6436,0.86253521477286,0.2872,0,0
6437,0.86253579403424,0.2874,0,0
6438,0.8625363732954,0.2876,0,0
6439,0.86253695255633,0.2878,0,0
6440,0.86253753181703,0.288,0,0
6441,0.86253811107751,0.2882,0,0
6442,0.86253869033776,0.2884,0,0
6443,0.86253926959779,0.2886,0,0
6444,0.86253984885759,0.2888,0,0
6445,0.86254042811716,0.289,0,0
6446,0.86254100737651,0.2892,0,0
6447,0.86254158663563,0.2894,0,0
6448,0.86254216589453,0.2896,0,0
6449,0.86254274515319,0.2898,0,0
6450,0.86254332441164,0.29,0,0
6451,0.86254390366985,0.2902,0,0
6452,0.86254448292784,0.2904,0,0
6453,0.86254506218561,0.2906,0,0
6454,0.86254564144314,0.2908,0,0
6455,0.86254622070045,0.291,0,0
6456,0.86254679995754,0.2912,0,0
6457,0.8625473792144,0.2914,0,0
6458,0.86254795847103,0.2916,0,0
6459,0.86254853772744,0.2918,0,0
6460,0.86254911698362,0.292,0,0
6461,0.86254969623957,0.2922,0,0
6462,0.8625502754953,0.2924,0,0
6463,0.8625508547508,0.2926,0,0
6464,0.86255143400607,0.2928,0,0
6465,0.86255201326112,0.293,0,0
6466,0.86255259251594,0.2932,0,0
6467,0.86255317177054,0.2934,0,0
6468,0.86255375102491,0.2936,0,0
6469,0.86255433027905,0.2938,0,0
6470,0.86255490953297,0.294,0,0
6471,0.86255548878666,0.2942,0,0
6472,0.86255606804013,0.2944,0,0
6473,0.86255664729337,0.2946,0,0
6474,0.86255722654638,0.2948,0,0
6475,0.86255780579917,0.295,0,0
6476,0.86255838505173,0.2952,0,0
6477,0.86255896430406,0.2954,0,0
6478,0.86255954355617,0.2956,0,0
6479,0.86256012280805,0.2958,0,0
6480,0.8625607020597,0.296,0,0
6481,0.86256128131113,0.2962,0,0
6482,0.86256186056234,0.2964,0,0
6483,0.86256243981331,0.2966,0,0
6484,0.86256301906406,0.2968,0,0
6485,0.86256359831459,0.297,0,0
6486,0.86256417756489,0.2972,0,0
6487,0.86256475681496,0.2974,0,0
6488,0.8625653360648,0.2976,0,0
6489,0.86256591531442,0.2978,0,0
6490,0.86256649456382,0.298,0,0
6491,0.86256707381298,0.2982,0,0
6492,0.86256765306192,0.2984,0,0
6493,0.86256823231064,0.2986,0,0
6494,0.86256881155913,0.2988,0,0
6495,0.86256939080739,0.299,0,0
6496,0.86256997005542,0.2992,0,0
6497,0.86257054930323,0.2994,0,0
6498,0.86257112855082,0.2996,0,0
6499,0.86257170779817,0.2998,0,0
6500,0.8625722870453,0.3,0,0
6501,0.86257286629221,0.3002,0,0
6502,0.86257344553889,0.3004,0,0
6503,0.86257402478534,0.3006,0,0
6504,0.86257460403157,0.3008,0,0
6505,0.86257518327757,0.301,0,0
6506,0.86257576252334,0.3012,0,0
6507,0.86257634176889,0.3014,0,0
6508,0.86257692101421,0.3016,0,0
6509,0.86257750025931,0.3018,0,0
6510,0.86257807950417,0.302,0,0
6511,0.86257865874882,0.3022,0,0
6512,0.86257923799323,0.3024,0,0
6513,0.86257981723742,0.3026,0,0
6514,0.86258039648139,0.3028,0,0
6515,0.86258097572513,0.303,0,0
6516,0.86258155496864,0.3032,0,0
6517,0.86258213421192,0.3034,0,0
6518,0.86258271345498,0.3036,0,0
6519,0.86258329269782,0.3038,0,0
6520,0.86258387194043,0.304,0,0
6521,0.86258445118281,0.3042,0,0
6522,0.86258503042496,0.3044,0,0
6523,0.86258560966689,0.3046,0,0
6524,0.86258618890859,0.3048,0,0
6525,0.86258676815007,0.305,0,0
6526,0.86258734739132,0.3052,0,0
6527,0.86258792663234,0.3054,0,0
6528,0.86258850587314,0.3056,0,0
6529,0.86258908511371,0.3058,0,0
6530,0.86258966435406,0.306,0,0
6531,0.86259024359418,0.3062,0,0
6532,0.86259082283407,0.3064,0,0
6533,0.86259140207374,0.3066,0,0
6534,0.86259198131318,0.3068,0,0
6535,0.86259256055239,0.307,0,0
6536,0.86259313979138,0.3072,0,0
6537,0.86259371903014,0.3074,0,0
6538,0.86259429826868,0.3076,0,0
6539,0.86259487750699,0.3078,0,0
6540,0.86259545674507,0.308,0,0
6541,0.86259603598293,0.3082,0,0
6542,0.86259661522056,0.3084,0,0
6543,0.86259719445796,0.3086,0,0
6544,0.86259777369514,0.3088,0,0
6545,0.8625983529321,0.309,0,0
6546,0.86259893216882,0.3092,0,0
6547,0.86259951140532,0.3094,0,0
6548,0.8626000906416,0.3096,0,0
6549,0.86260066987765,0.3098,0,0
6550,0.86260124911347,0.31,0,0
6551,0.86260182834906,0.3102,0,0
6552,0.86260240758443,0.3104,0,0
6553,0.86260298681958,0.3106,0,0
6554,0.86260356605449,0.3108,0,0
6555,0.86260414528918,0.311,0,0
6556,0.86260472452365,0.3112,0,0
6557,0.86260530375789,0.3114,0,0
6558,0.8626058829919,0.3116,0,0
6559,0.86260646222569,0.3118,0,0
6560,0.86260704145925,0.312,0,0
6561,0.86260762069258,0.3122,0,0
6562,0.86260819992569,0.3124,0,0
6563,0.86260877915857,0.3126,0,0
6564,0.86260935839123,0.3128,0,0
6565,0.86260993762366,0.313,0,0
6566,0.86261051685586,0.3132,0,0
6567,0.86261109608784,0.3134,0,0
6568,0.86261167531959,0.3136,0,0
6569,0.86261225455111,0.3138,0,0
6570,0.86261283378241,0.314,0,0
6571,0.86261341301349,0.3142,0,0
6572,0.86261399224433,0.3144,0,0
6573,0.86261457147495,0.3146,0,0
6574,0.86261515070535,0.3148,0,0
6575,0.86261572993551,0.315,0,0
6576,0.86261630916546,0.3152,0,0
6577,0.86261688839517,0.3154,0,0
6578,0.86261746762466,0.3156,0,0
6579,0.86261804685393,0.3158,0,0
6580,0.86261862608296,0.316,0,0
6581,0.86261920531177,0.3162,0,0
6582,0.86261978454036,0.3164,0,0
6583,0.86262036376872,0.3166,0,0
6584,0.86262094299685,0.3168,0,0
6585,0.86262152222476,0.317,0,0
6586,0.86262210145244,0.3172,0,0
6587,0.86262268067989,0.3174,0,0
6588,0.86262325990712,0.3176,0,0
6589,0.86262383913412,0.3178,0,0
6590,0.8626244183609,0.318,0,0
6591,0.86262499758745,0.3182,0,0
6592,0.86262557681377,0.3184,0,0
6593,0.86262615603987,0.3186,0,0
6594,0.86262673526574,0.3188,0,0
6595,0.86262731449139,0.319,0,0
6596,0.86262789371681,0.3192,0,0
6597,0.862628472942,0.3194,0,0
6598,0.86262905216697,0.3196,0,0
6599,0.86262963139171,0.3198,0,0
6600,0.86263021061622,0.32,0,0
6601,0.86263078984051,0.3202,0,0
6602,0.86263136906457,0.3204,0,0
6603,0.86263194828841,0.3206,0,0
6604,0.86263252751202,0.3208,0,0
6605,0.8626331067354,0.321,0,0
6606,0.86263368595856,0.3212,0,0
6607,0.86263426518149,0.3214,0,0
6608,0.8626348444042,0.3216,0,0
6609,0.86263542362668,0.3218,0,0
6610,0.86263600284893,0.322,0,0
6611,0.86263658207096,0.3222,0,0
6612,0.86263716129276,0.3224,0,0
6613,0.86263774051434,0.3226,0,0
6614,0.86263831973568,0.3228,0,0
6615,0.86263889895681,0.323,0,0
6616,0.8626394781777,0.3232,0,0
6617,0.86264005739837,0.3234,0,0
6618,0.86264063661882,0.3236,0,0
6619,0.86264121583904,0.3238,0,0
6620,0.86264179505903,0.324,0,0
6621,0.8626423742788,0.3242,0,0
6622,0.86264295349834,0.3244,0,0
6623,0.86264353271765,0.3246,0,0
6624,0.86264411193674,0.3248,0,0
6625,0.8626446911556,0.325,0,0
6626,0.86264527037423,0.3252,0,0
6627,0.86264584959264,0.3254,0,0
6628,0.86264642881083,0.3256,0,0
6629,0.86264700802878,0.3258,0,0
6630,0.86264758724652,0.326,0,0
6631,0.86264816646402,0.3262,0,0
6632,0.8626487456813,0.3264,0,0
6633,0.86264932489835,0.3266,0,0
6634,0.86264990411518,0.3268,0,0
6635,0.86265048333178,0.327,0,0
6636,0.86265106254815,0.3272,0,0
6637,0.8626516417643,0.3274,0,0
6638,0.86265222098023,0.3276,0,0
6639,0.86265280019592,0.3278,0,0
6640,0.86265337941139,0.328,0,0
6641,0.86265395862664,0.3282,0,0
6642,0.86265453784165,0.3284,0,0
6643,0.86265511705645,0.3286,0,0
6644,0.86265569627101,0.3288,0,0
6645,0.86265627548535,0.329,0,0
6646,0.86265685469947,0.3292,0,0
6647,0.86265743391335,0.3294,0,0
6648,0.86265801312701,0.3296,0,0
6649,0.86265859234045,0.3298,0,0
6650,0.86265917155366,0.33,0,0
6651,0.86265975076664,0.3302,0,0
6652,0.8626603299794,0.3304,0,0
6653,0.86266090919193,0.3306,0,0
6654,0.86266148840424,0.3308,0,0
6655,0.86266206761631,0.331,0,0
6656,0.86266264682817,0.3312,0,0
6657,0.86266322603979,0.3314,0,0
6658,0.86266380525119,0.3316,0,0
6659,0.86266438446237,0.3318,0,0
6660,0.86266496367332,0.332,0,0
6661,0.86266554288404,0.3322,0,0
6662,0.86266612209453,0.3324,0,0
6663,0.8626667013048,0.3326,0,0
6664,0.86266728051485,0.3328,0,0
6665,0.86266785972467,0.333,0,0
6666,0.86266843893426,0.3332,0,0
6667,0.86266901814362,0.3334,0,0
6668,0.86266959735276,0.3336,0,0
6669,0.86267017656168,0.3338,0,0
6670,0.86267075577037,0.334,0,0
6671,0.86267133497883,0.3342,0,0
6672,0.86267191418706,0.3344,0,0
6673,0.86267249339507,0.3346,0,0
6674,0.86267307260285,0.3348,0,0
6675,0.86267365181041,0.335,0,0
6676,0.86267423101774,0.3352,0,0
6677,0.86267481022485,0.3354,0,0
6678,0.86267538943173,0.3356,0,0
6679,0.86267596863838,0.3358,0,0
6680,0.86267654784481,0.336,0,0
6681,0.86267712705101,0.3362,0,0
6682,0.86267770625698,0.3364,0,0
6683,0.86267828546273,0.3366,0,0
6684,0.86267886466825,0.3368,0,0
6685,0.86267944387355,0.337,0,0
6686,0.86268002307862,0.3372,0,0
6687,0.86268060228346,0.3374,0,0
6688,0.86268118148808,0.3376,0,0
6689,0.86268176069247,0.3378,0,0
6690,0.86268233989664,0.338,0,0
6691,0.86268291910058,0.3382,0,0
6692,0.8626834983043,0.3384,0,0
6693,0.86268407750778,0.3386,0,0
6694,0.86268465671104,0.3388,0,0
6695,0.86268523591408,0.339,0,0
6696,0.86268581511689,0.3392,0,0
6697,0.86268639431947,0.3394,0,0
6698,0.86268697352183,0.3396,0,0
6699,0.86268755272396,0.3398,0,0
6700,0.86268813192587,0.34,0,0
6701,0.86268871112755,0.3402,0,0
6702,0.862689290329,0.3404,0,0
6703,0.86268986953023,0.3406,0,0
6704,0.86269044873123,0.3408,0,0
6705,0.86269102793201,0.341,0,0
6706,0.86269160713256,0.3412,0,0
6707,0.86269218633288,0.3414,0,0
6708,0.86269276553298,0.3416,0,0
6709,0.86269334473285,0.3418,0,0
6710,0.86269392393249,0.342,0,0
6711,0.86269450313191,0.3422,0,0
6712,0.8626950823311,0.3424,0,0
6713,0.86269566153007,0.3426,0,0
6714,0.86269624072881,0.3428,0,0
6715,0.86269681992733,0.343,0,0
6716,0.86269739912562,0.3432,0,0
6717,0.86269797832368,0.3434,0,0
6718,0.86269855752152,0.3436,0,0
6719,0.86269913671913,0.3438,0,0
6720,0.86269971591651,0.344,0,0
6721,0.86270029511367,0.3442,0,0
6722,0.8627008743106,0.3444,0,0
6723,0.86270145350731,0.3446,0,0
6724,0.86270203270379,0.3448,0,0
6725,0.86270261190004,0.345,0,0
6726,0.86270319109607,0.3452,0,0
6727,0.86270377029187,0.3454,0,0
6728,0.86270434948745,0.3456,0,0
6729,0.8627049286828,0.3458,0,0
6730,0.86270550787792,0.346,0,0
6731,0.86270608707282,0.3462,0,0
6732,0.8627066662675,0.3464,0,0
6733,0.86270724546194,0.3466,0,0
6734,0.86270782465616,0.3468,0,0
6735,0.86270840385016,0.347,0,0
6736,0.86270898304392,0.3472,0,0
6737,0.86270956223747,0.3474,0,0
6738,0.86271014143078,0.3476,0,0
6739,0.86271072062387,0.3478,0,0
6740,0.86271129981674,0.348,0,0
6741,0.86271187900937,0.3482,0,0
6742,0.86271245820178,0.3484,0,0
6743,0.86271303739397,0.3486,0,0
6744,0.86271361658593,0.3488,0,0
6745,0.86271419577766,0.349,0,0
6746,0.86271477496917,0.3492,0,0
6747,0.86271535416045,0.3494,0,0
6748,0.86271593335151,0.3496,0,0
6749,0.86271651254234,0.3498,0,0
6750,0.86271709173294,0.35,0,0
6751,0.86271767092332,0.3502,0,0
6752,0.86271825011347,0.3504,0,0
6753,0.8627188293034,0.3506,0,0
6754,0.8627194084931,0.3508,0,0
6755,0.86271998768257,0.351,0,0
6756,0.86272056687182,0.3512,0,0
6757,0.86272114606084,0.3514,0,0
6758,0.86272172524963,0.3516,0,0
6759,0.8627223044382,0.3518,0,0
6760,0.86272288362655,0.352,0,0
6761,0.86272346281467,0.3522,0,0
6762,0.86272404200256,0.3524,0,0
6763,0.86272462119022,0.3526,0,0
6764,0.86272520037766,0.3528,0,0
6765,0.86272577956488,0.353,0,0
6766,0.86272635875186,0.3532,0,0
6767,0.86272693793862,0.3534,0,0
6768,0.86272751712516,0.3536,0,0
6769,0.86272809631147,0.3538,0,0
6770,0.86272867549755,0.354,0,0
6771,0.86272925468341,0.3542,0,0
6772,0.86272983386904,0.3544,0,0
6773,0.86273041305445,0.3546,0,0
6774,0.86273099223963,0.3548,0,0
6775,0.86273157142458,0.355,0,0
6776,0.86273215060931,0.3552,0,0
6777,0.86273272979381,0.3554,0,0
6778,0.86273330897808,0.3556,0,0
6779,0.86273388816213,0.3558,0,0
6780,0.86273446734595,0.356,0,0
6781,0.86273504652955,0.3562,0,0
6782,0.86273562571292,0.3564,0,0
6783,0.86273620489607,0.3566,0,0
6784,0.86273678407899,0.3568,0,0
6785,0.86273736326168,0.357,0,0
6786,0.86273794244415,0.3572,0,0
6787,0.86273852162639,0.3574,0,0
6788,0.8627391008084,0.3576,0,0
6789,0.86273967999019,0.3578,0,0
6790,0.86274025917176,0.358,0,0
6791,0.86274083835309,0.3582,0,0
6792,0.86274141753421,0.3584,0,0
6793,0.86274199671509,0.3586,0,0
6794,0.86274257589575,0.3588,0,0
6795,0.86274315507618,0.359,0,0
6796,0.86274373425639,0.3592,0,0
6797,0.86274431343637,0.3594,0,0
6798,0.86274489261613,0.3596,0,0
6799,0.86274547179566,0.3598,0,0
6800,0.86274605097496,0.36,0,0
6801,0.86274663015404,0.3602,0,0
6802,0.86274720933289,0.3604,0,0
6803,0.86274778851151,0.3606,0,0
6804,0.86274836768991,0.3608,0,0
6805,0.86274894686809,0.361,0,0
6806,0.86274952604603,0.3612,0,0
6807,0.86275010522376,0.3614,0,0
6808,0.86275068440125,0.3616,0,0
6809,0.86275126357852,0.3618,0,0
6810,0.86275184275556,0.362,0,0
6811,0.86275242193238,0.3622,0,0
6812,0.86275300110897,0.3624,0,0
6813,0.86275358028534,0.3626,0,0
6814,0.86275415946148,0.3628,0,0
6815,0.86275473863739,0.363,0,0
6816,0.86275531781308,0.3632,0,0
6817,0.86275589698854,0.3634,0,0
6818,0.86275647616378,0.3636,0,0
6819,0.86275705533879,0.3638,0,0
6820,0.86275763451357,0.364,0,0
6821,0.86275821368813,0.3642,0,0
6822,0.86275879286246,0.3644,0,0
6823,0.86275937203656,0.3646,0,0
6824,0.86275995121044,0.3648,0,0
6825,0.8627605303841,0.365,0,0
6826,0.86276110955753,0.3652,0,0
6827,0.86276168873073,0.3654,0,0
6828,0.8627622679037,0.3656,0,0
6829,0.86276284707645,0.3658,0,0
6830,0.86276342624898,0.366,0,0
6831,0.86276400542128,0.3662,0,0
6832,0.86276458459335,0.3664,0,0
6833,0.86276516376519,0.3666,0,0
6834,0.86276574293681,0.3668,0,0
6835,0.86276632210821,0.367,0,0
6836,0.86276690127938,0.3672,0,0
6837,0.86276748045032,0.3674,0,0
6838,0.86276805962103,0.3676,0,0
6839,0.86276863879152,0.3678,0,0
6840,0.86276921796179,0.368,0,0
6841,0.86276979713183,0.3682,0,0
6842,0.86277037630164,0.3684,0,0
6843,0.86277095547123,0.3686,0,0
6844,0.86277153464059,0.3688,0,0
6845,0.86277211380972,0.369,0,0
6846,0.86277269297863,0.3692,0,0
6847,0.86277327214731,0.3694,0,0
6848,0.86277385131577,0.3696,0,0
6849,0.862774430484,0.3698,0,0
6850,0.862775009652,0.37,0,0
6851,0.86277558881978,0.3702,0,0
6852,0.86277616798733,0.3704,0,0
6853,0.86277674715466,0.3706,0,0
6854,0.86277732632176,0.3708,0,0
6855,0.86277790548864,0.371,0,0
6856,0.86277848465529,0.3712,0,0
6857,0.86277906382171,0.3714,0,0
6858,0.86277964298791,0.3716,0,0
6859,0.86278022215388,0.3718,0,0
6860,0.86278080131962,0.372,0,0
6861,0.86278138048514,0.3722,0,0
6862,0.86278195965043,0.3724,0,0
6863,0.8627825388155,0.3726,0,0
6864,0.86278311798034,0.3728,0,0
6865,0.86278369714496,0.373,0,0
6866,0.86278427630935,0.3732,0,0
6867,0.86278485547351,0.3734,0,0
6868,0.86278543463745,0.3736,0,0
6869,0.86278601380116,0.3738,0,0
6870,0.86278659296465,0.374,0,0
6871,0.86278717212791,0.3742,0,0
6872,0.86278775129094,0.3744,0,0
6873,0.86278833045375,0.3746,0,0
6874,0.86278890961633,0.3748,0,0
6875,0.86278948877868,0.375,0,0
6876,0.86279006794081,0.3752,0,0
6877,0.86279064710272,0.3754,0,0
6878,0.8627912262644,0.3756,0,0
6879,0.86279180542585,0.3758,0,0
6880,0.86279238458707,0.376,0,0
6881,0.86279296374807,0.3762,0,0
6882,0.86279354290885,0.3764,0,0
6883,0.8627941220694,0.3766,0,0
6884,0.86279470122972,0.3768,0,0
6885,0.86279528038982,0.377,0,0
6886,0.86279585954969,0.3772,0,0
6887,0.86279643870933,0.3774,0,0
6888,0.86279701786875,0.3776,0,0
6889,0.86279759702794,0.3778,0,0
6890,0.86279817618691,0.378,0,0
6891,0.86279875534565,0.3782,0,0
6892,0.86279933450416,0.3784,0,0
6893,0.86279991366245,0.3786,0,0
6894,0.86280049282052,0.3788,0,0
6895,0.86280107197835,0.379,0,0
6896,0.86280165113597,0.3792,0,0
6897,0.86280223029335,0.3794,0,0
6898,0.86280280945051,0.3796,0,0
6899,0.86280338860744,0.3798,0,0
6900,0.86280396776415,0.38,0,0
6901,0.86280454692063,0.3802,0,0
6902,0.86280512607689,0.3804,0,0
6903,0.86280570523292,0.3806,0,0
6904,0.86280628438872,0.3808,0,0
6905,0.8628068635443,0.381,0,0
6906,0.86280744269965,0.3812,0,0
6907,0.86280802185478,0.3814,0,0
6908,0.86280860100968,0.3816,0,0
6909,0.86280918016435,0.3818,0,0
6910,0.8628097593188,0.382,0,0
6911,0.86281033847302,0.3822,0,0
6912,0.86281091762702,0.3824,0,0
6913,0.86281149678079,0.3826,0,0
6914,0.86281207593433,0.3828,0,0
6915,0.86281265508765,0.383,0,0
6916,0.86281323424074,0.3832,0,0
6917,0.86281381339361,0.3834,0,0
6918,0.86281439254625,0.3836,0,0
6919,0.86281497169867,0.3838,0,0
6920,0.86281555085085,0.384,0,0
6921,0.86281613000282,0.3842,0,0
6922,0.86281670915455,0.3844,0,0
6923,0.86281728830607,0.3846,0,0
6924,0.86281786745735,0.3848,0,0
6925,0.86281844660841,0.385,0,0
6926,0.86281902575924,0.3852,0,0
6927,0.86281960490985,0.3854,0,0
6928,0.86282018406023,0.3856,0,0
6929,0.86282076321039,0.3858,0,0
6930,0.86282134236032,0.386,0,0
6931,0.86282192151002,0.3862,0,0
6932,0.8628225006595,0.3864,0,0
6933,0.86282307980875,0.3866,0,0
6934,0.86282365895778,0.3868,0,0
6935,0.86282423810658,0.387,0,0
6936,0.86282481725515,0.3872,0,0
6937,0.8628253964035,0.3874,0,0
6938,0.86282597555162,0.3876,0,0
6939,0.86282655469952,0.3878,0,0
6940,0.86282713384719,0.388,0,0
6941,0.86282771299464,0.3882,0,0
6942,0.86282829214186,0.3884,0,0
6943,0.86282887128885,0.3886,0,0
6944,0.86282945043562,0.3888,0,0
6945,0.86283002958216,0.389,0,0
6946,0.86283060872847,0.3892,0,0
6947,0.86283118787456,0.3894,0,0
6948,0.86283176702042,0.3896,0,0
6949,0.86283234616606,0.3898,0,0
6950,0.86283292531147,0.39,0,0
6951,0.86283350445666,0.3902,0,0
6952,0.86283408360162,0.3904,0,0
6953,0.86283466274635,0.3906,0,0
6954,0.86283524189086,0.3908,0,0
6955,0.86283582103514,0.391,0,0
6956,0.8628364001792,0.3912,0,0
6957,0.86283697932303,0.3914,0,0
6958,0.86283755846663,0.3916,0,0
6959,0.86283813761001,0.3918,0,0
6960,0.86283871675317,0.392,0,0
6961,0.86283929589609,0.3922,0,0
6962,0.86283987503879,0.3924,0,0
6963,0.86284045418127,0.3926,0,0
6964,0.86284103332352,0.3928,0,0
6965,0.86284161246554,0.393,0,0
6966,0.86284219160734,0.3932,0,0
6967,0.86284277074891,0.3934,0,0
6968,0.86284334989025,0.3936,0,0
6969,0.86284392903137,0.3938,0,0
6970,0.86284450817227,0.394,0,0
6971,0.86284508731294,0.3942,0,0
6972,0.86284566645338,0.3944,0,0
6973,0.86284624559359,0.3946,0,0
6974,0.86284682473358,0.3948,0,0
6975,0.86284740387335,0.395,0,0
6976,0.86284798301289,0.3952,0,0
6977,0.8628485621522,0.3954,0,0
6978,0.86284914129129,0.3956,0,0
6979,0.86284972043015,0.3958,0,0
6980,0.86285029956878,0.396,0,0
6981,0.86285087870719,0.3962,0,0
6982,0.86285145784537,0.3964,0,0
6983,0.86285203698333,0.3966,0,0
6984,0.86285261612106,0.3968,0,0
6985,0.86285319525857,0.397,0,0
6986,0.86285377439585,0.3972,0,0
6987,0.8628543535329,0.3974,0,0
6988,0.86285493266973,0.3976,0,0
6989,0.86285551180633,0.3978,0,0
6990,0.86285609094271,0.398,0,0
6991,0.86285667007886,0.3982,0,0
6992,0.86285724921478,0.3984,0,0
6993,0.86285782835048,0.3986,0,0
6994,0.86285840748595,0.3988,0,0
6995,0.8628589866212,0.399,0,0
6996,0.86285956575622,0.3992,0,0
6997,0.86286014489101,0.3994,0,0
6998,0.86286072402558,0.3996,0,0
6999,0.86286130315992,0.3998,0,0
7000,0.86286188229404,0.4,0,0
7001,0.86286246142793,0.4002,0,0
7002,0.8628630405616,0.4004,0,0
7003,0.86286361969504,0.4006,0,0
7004,0.86286419882825,0.4008,0,0
7005,0.86286477796124,0.401,0,0
7006,0.862865357094,0.4012,0,0
7007,0.86286593622654,0.4014,0,0
7008,0.86286651535885,0.4016,0,0
7009,0.86286709449093,0.4018,0,0
7010,0.86286767362279,0.402,0,0
7011,0.86286825275442,0.4022,0,0
7012,0.86286883188583,0.4024,0,0
7013,0.86286941101701,0.4026,0,0
7014,0.86286999014797,0.4028,0,0
7015,0.8628705692787,0.403,0,0
7016,0.8628711484092,0.4032,0,0
7017,0.86287172753948,0.4034,0,0
7018,0.86287230666953,0.4036,0,0
7019,0.86287288579935,0.4038,0,0
7020,0.86287346492895,0.404,0,0
7021,0.86287404405833,0.4042,0,0
7022,0.86287462318748,0.4044,0,0
7023,0.8628752023164,0.4046,0,0
7024,0.86287578144509,0.4048,0,0
7025,0.86287636057356,0.405,0,0
7026,0.86287693970181,0.4052,0,0
7027,0.86287751882983,0.4054,0,0
7028,0.86287809795762,0.4056,0,0
7029,0.86287867708519,0.4058,0,0
7030,0.86287925621253,0.406,0,0
7031,0.86287983533964,0.4062,0,0
7032,0.86288041446653,0.4064,0,0
7033,0.8628809935932,0.4066,0,0
7034,0.86288157271963,0.4068,0,0
7035,0.86288215184585,0.407,0,0
7036,0.86288273097183,0.4072,0,0
7037,0.86288331009759,0.4074,0,0
7038,0.86288388922313,0.4076,0,0
7039,0.86288446834844,0.4078,0,0
7040,0.86288504747352,0.408,0,0
7041,0.86288562659838,0.4082,0,0
7042,0.86288620572301,0.4084,0,0
7043,0.86288678484741,0.4086,0,0
7044,0.86288736397159,0.4088,0,0
7045,0.86288794309554,0.409,0,0
7046,0.86288852221927,0.4092,0,0
7047,0.86288910134277,0.4094,0,0
7048,0.86288968046605,0.4096,0,0
7049,0.8628902595891,0.4098,0,0
7050,0.86289083871192,0.41,0,0
7051,0.86289141783452,0.4102,0,0
7052,0.86289199695689,0.4104,0,0
7053,0.86289257607904,0.4106,0,0
7054,0.86289315520096,0.4108,0,0
7055,0.86289373432266,0.411,0,0
7056,0.86289431344412,0.4112,0,0
7057,0.86289489256537,0.4114,0,0
7058,0.86289547168638,0.4116,0,0
7059,0.86289605080718,0.4118,0,0
7060,0.86289662992774,0.412,0,0
7061,0.86289720904808,0.4122,0,0
7062,0.8628977881682,0.4124,0,0
7063,0.86289836728808,0.4126,0,0
7064,0.86289894640775,0.4128,0,0
7065,0.86289952552718,0.413,0,0
7066,0.86290010464639,0.4132,0,0
7067,0.86290068376538,0.4134,0,0
7068,0.86290126288414,0.4136,0,0
7069,0.86290184200267,0.4138,0,0
7070,0.86290242112098,0.414,0,0
7071,0.86290300023906,0.4142,0,0
7072,0.86290357935691,0.4144,0,0
7073,0.86290415847454,0.4146,0,0
7074,0.86290473759195,0.4148,0,0
7075,0.86290531670912,0.415,0,0
7076,0.86290589582608,0.4152,0,0
7077,0.8629064749428,0.4154,0,0
7078,0.8629070540593,0.4156,0,0
7079,0.86290763317558,0.4158,0,0
7080,0.86290821229163,0.416,0,0
7081,0.86290879140745,0.4162,0,0
7082,0.86290937052305,0.4164,0,0
7083,0.86290994963842,0.4166,0,0
7084,0.86291052875356,0.4168,0,0
7085,0.86291110786848,0.417,0,0
7086,0.86291168698318,0.4172,0,0
7087,0.86291226609765,0.4174,0,0
7088,0.86291284521189,0.4176,0,0
7089,0.8629134243259,0.4178,0,0
7090,0.86291400343969,0.418,0,0
7091,0.86291458255326,0.4182,0,0
7092,0.8629151616666,0.4184,0,0
7093,0.86291574077971,0.4186,0,0
7094,0.8629163198926,0.4188,0,0
7095,0.86291689900526,0.419,0,0
7096,0.86291747811769,0.4192,0,0
7097,0.8629180572299,0.4194,0,0
7098,0.86291863634189,0.4196,0,0
7099,0.86291921545365,0.4198,0,0
7100,0.86291979456518,0.42,0,0
7101,0.86292037367648,0.4202,0,0
7102,0.86292095278757,0.4204,0,0
7103,0.86292153189842,0.4206,0,0
7104,0.86292211100905,0.4208,0,0
7105,0.86292269011945,0.421,0,0
7106,0.86292326922963,0.4212,0,0
7107,0.86292384833958,0.4214,0,0
7108,0.86292442744931,0.4216,0,0
7109,0.86292500655881,0.4218,0,0
7110,0.86292558566808,0.422,0,0
7111,0.86292616477713,0.4222,0,0
7112,0.86292674388595,0.4224,0,0
7113,0.86292732299455,0.4226,0,0
7114,0.86292790210292,0.4228,0,0
7115,0.86292848121106,0.423,0,0
7116,0.86292906031898,0.4232,0,0
7117,0.86292963942667,0.4234,0,0
7118,0.86293021853414,0.4236,0,0
7119,0.86293079764138,0.4238,0,0
7120,0.8629313767484,0.424,0,0
7121,0.86293195585519,0.4242,0,0
7122,0.86293253496175,0.4244,0,0
7123,0.86293311406809,0.4246,0,0
7124,0.8629336931742,0.4248,0,0
7125,0.86293427228009,0.425,0,0
7126,0.86293485138575,0.4252,0,0
7127,0.86293543049119,0.4254,0,0
7128,0.8629360095964,0.4256,0,0
7129,0.86293658870138,0.4258,0,0
7130,0.86293716780614,0.426,0,0
7131,0.86293774691067,0.4262,0,0
7132,0.86293832601497,0.4264,0,0
7133,0.86293890511905,0.4266,0,0
7134,0.86293948422291,0.4268,0,0
7135,0.86294006332654,0.427,0,0
7136,0.86294064242994,0.4272,0,0
7137,0.86294122153312,0.4274,0,0
7138,0.86294180063607,0.4276,0,0
7139,0.86294237973879,0.4278,0,0
7140,0.86294295884129,0.428,0,0
7141,0.86294353794357,0.4282,0,0
7142,0.86294411704561,0.4284,0,0
7143,0.86294469614744,0.4286,0,0
7144,0.86294527524903,0.4288,0,0
7145,0.8629458543504,0.429,0,0
7146,0.86294643345155,0.4292,0,0
7147,0.86294701255247,0.4294,0,0
7148,0.86294759165316,0.4296,0,0
7149,0.86294817075363,0.4298,0,0
7150,0.86294874985387,0.43,0,0
7151,0.86294932895388,0.4302,0,0
7152,0.86294990805367,0.4304,0,0
7153,0.86295048715324,0.4306,0,0
7154,0.86295106625258,0.4308,0,0
7155,0.86295164535169,0.431,0,0
7156,0.86295222445058,0.4312,0,0
7157,0.86295280354924,0.4314,0,0
7158,0.86295338264767,0.4316,0,0
7159,0.86295396174588,0.4318,0,0
7160,0.86295454084386,0.432,0,0
7161,0.86295511994162,0.4322,0,0
7162,0.86295569903915,0.4324,0,0
7163,0.86295627813646,0.4326,0,0
7164,0.86295685723354,0.4328,0,0
7165,0.86295743633039,0.433,0,0
7166,0.86295801542702,0.4332,0,0
7167,0.86295859452342,0.4334,0,0
7168,0.8629591736196,0.4336,0,0
7169,0.86295975271555,0.4338,0,0
7170,0.86296033181128,0.434,0,0
7171,0.86296091090678,0.4342,0,0
7172,0.86296149000205,0.4344,0,0
7173,0.8629620690971,0.4346,0,0
7174,0.86296264819192,0.4348,0,0
7175,0.86296322728652,0.435,0,0
7176,0.86296380638089,0.4352,0,0
7177,0.86296438547503,0.4354,0,0
7178,0.86296496456895,0.4356,0,0
7179,0.86296554366265,0.4358,0,0
7180,0.86296612275611,0.436,0,0
7181,0.86296670184936,0.4362,0,0
7182,0.86296728094237,0.4364,0,0
7183,0.86296786003516,0.4366,0,0
7184,0.86296843912773,0.4368,0,0
7185,0.86296901822006,0.437,0,0
7186,0.86296959731218,0.4372,0,0
7187,0.86297017640406,0.4374,0,0
7188,0.86297075549573,0.4376,0,0
7189,0.86297133458716,0.4378,0,0
7190,0.86297191367837,0.438,0,0
7191,0.86297249276935,0.4382,0,0
7192,0.86297307186011,0.4384,0,0
7193,0.86297365095064,0.4386,0,0
7194,0.86297423004095,0.4388,0,0
7195,0.86297480913103,0.439,0,0
7196,0.86297538822089,0.4392,0,0
7197,0.86297596731052,0.4394,0,0
7198,0.86297654639992,0.4396,0,0
7199,0.8629771254891,0.4398,0,0
7200,0.86297770457805,0.44,0,0
7201,0.86297828366677,0.4402,0,0
7202,0.86297886275527,0.4404,0,0
7203,0.86297944184355,0.4406,0,0
7204,0.8629800209316,0.4408,0,0
7205,0.86298060001942,0.441,0,0
7206,0.86298117910702,0.4412,0,0
7207,0.86298175819439,0.4414,0,0
7208,0.86298233728153,0.4416,0,0
7209,0.86298291636845,0.4418,0,0
7210,0.86298349545515,0.442,0,0
7211,0.86298407454161,0.4422,0,0
7212,0.86298465362786,0.4424,0,0
7213,0.86298523271387,0.4426,0,0
7214,0.86298581179966,0.4428,0,0
7215,0.86298639088523,0.443,0,0
7216,0.86298696997057,0.4432,0,0
7217,0.86298754905568,0.4434,0,0
7218,0.86298812814057,0.4436,0,0
7219,0.86298870722523,0.4438,0,0
7220,0.86298928630967,0.444,0,0
7221,0.86298986539388,0.4442,0,0
7222,0.86299044447786,0.4444,0,0
7223,0.86299102356162,0.4446,0,0
7224,0.86299160264516,0.4448,0,0
7225,0.86299218172846,0.445,0,0
7226,0.86299276081154,0.4452,0,0
7227,0.8629933398944,0.4454,0,0
7228,0.86299391897703,0.4456,0,0
7229,0.86299449805943,0.4458,0,0
7230,0.86299507714161,0.446,0,0
7231,0.86299565622356,0.4462,0,0
7232,0.86299623530529,0.4464,0,0
7233,0.86299681438679,0.4466,0,0
7234,0.86299739346807,0.4468,0,0
7235,0.86299797254912,0.447,0,0
7236,0.86299855162994,0.4472,0,0
7237,0.86299913071054,0.4474,0,0
7238,0.86299970979091,0.4476,0,0
7239,0.86300028887106,0.4478,0,0
7240,0.86300086795098,0.448,0,0
7241,0.86300144703067,0.4482,0,0
7242,0.86300202611014,0.4484,0,0
7243,0.86300260518939,0.4486,0,0
7244,0.8630031842684,0.4488,0,0
7245,0.8630037633472,0.449,0,0
7246,0.86300434242576,0.4492,0,0
7247,0.8630049215041,0.4494,0,0
7248,0.86300550058222,0.4496,0,0
7249,0.8630060796601,0.4498,0,0
7250,0.86300665873777,0.45,0,0
7251,0.8630072378152,0.4502,0,0
7252,0.86300781689242,0.4504,0,0
7253,0.8630083959694,0.4506,0,0
7254,0.86300897504616,0.4508,0,0
7255,0.8630095541227,0.451,0,0
7256,0.863010133199,0.4512,0,0
7257,0.86301071227509,0.4514,0,0
7258,0.86301129135094,0.4516,0,0
7259,0.86301187042658,0.4518,0,0
7260,0.86301244950198,0.452,0,0
7261,0.86301302857716,0.4522,0,0
7262,0.86301360765211,0.4524,0,0
7263,0.86301418672684,0.4526,0,0
7264,0.86301476580134,0.4528,0,0
7265,0.86301534487562,0.453,0,0
7266,0.86301592394967,0.4532,0,0
7267,0.8630165030235,0.4534,0,0
7268,0.8630170820971,0.4536,0,0
7269,0.86301766117047,0.4538,0,0
7270,0.86301824024362,0.454,0,0
7271,0.86301881931654,0.4542,0,0
7272,0.86301939838924,0.4544,0,0
7273,0.86301997746171,0.4546,0,0
7274,0.86302055653395,0.4548,0,0
7275,0.86302113560597,0.455,0,0
7276,0.86302171467776,0.4552,0,0
7277,0.86302229374933,0.4554,0,0
7278,0.86302287282067,0.4556,0,0
7279,0.86302345189179,0.4558,0,0
7280,0.86302403096268,0.456,0,0
7281,0.86302461003334,0.4562,0,0
7282,0.86302518910378,0.4564,0,0
7283,0.863025768174,0.4566,0,0
7284,0.86302634724398,0.4568,0,0
7285,0.86302692631374,0.457,0,0
7286,0.86302750538328,0.4572,0,0
7287,0.86302808445259,0.4574,0,0
7288,0.86302866352167,0.4576,0,0
7289,0.86302924259053,0.4578,0,0
7290,0.86302982165917,0.458,0,0
7291,0.86303040072757,0.4582,0,0
7292,0.86303097979575,0.4584,0,0
7293,0.86303155886371,0.4586,0,0
7294,0.86303213793144,0.4588,0,0
7295,0.86303271699894,0.459,0,0
7296,0.86303329606622,0.4592,0,0
7297,0.86303387513327,0.4594,0,0
7298,0.8630344542001,0.4596,0,0
7299,0.8630350332667,0.4598,0,0
7300,0.86303561233308,0.46,0,0
7301,0.86303619139923,0.4602,0,0
7302,0.86303677046515,0.4604,0,0
7303,0.86303734953085,0.4606,0,0
7304,0.86303792859632,0.4608,0,0
7305,0.86303850766157,0.461,0,0
7306,0.86303908672659,0.4612,0,0
7307,0.86303966579138,0.4614,0,0
7308,0.86304024485595,0.4616,0,0
7309,0.86304082392029,0.4618,0,0
7310,0.86304140298441,0.462,0,0
7311,0.8630419820483,0.4622,0,0
7312,0.86304256111197,0.4624,0,0
7313,0.86304314017541,0.4626,0,0
7314,0.86304371923863,0.4628,0,0
7315,0.86304429830161,0.463,0,0
7316,0.86304487736438,0.4632,0,0
7317,0.86304545642692,0.4634,0,0
7318,0.86304603548923,0.4636,0,0
7319,0.86304661455131,0.4638,0,0
7320,0.86304719361317,0.464,0,0
7321,0.86304777267481,0.4642,0,0
7322,0.86304835173622,0.4644,0,0
7323,0.8630489307974,0.4646,0,0
7324,0.86304950985836,0.4648,0,0
7325,0.86305008891909,0.465,0,0
7326,0.8630506679796,0.4652,0,0
7327,0.86305124703988,0.4654,0,0
7328,0.86305182609993,0.4656,0,0
7329,0.86305240515976,0.4658,0,0
7330,0.86305298421936,0.466,0,0
7331,0.86305356327874,0.4662,0,0
7332,0.86305414233789,0.4664,0,0
7333,0.86305472139682,0.4666,0,0
7334,0.86305530045552,0.4668,0,0
7335,0.86305587951399,0.467,0,0
7336,0.86305645857224,0.4672,0,0
7337,0.86305703763026,0.4674,0,0
7338,0.86305761668806,0.4676,0,0
7339,0.86305819574563,0.4678,0,0
7340,0.86305877480298,0.468,0,0
7341,0.8630593538601,0.4682,0,0
7342,0.86305993291699,0.4684,0,0
7343,0.86306051197366,0.4686,0,0
7344,0.8630610910301,0.4688,0,0
7345,0.86306167008632,0.469,0,0
7346,0.86306224914231,0.4692,0,0
7347,0.86306282819808,0.4694,0,0
7348,0.86306340725361,0.4696,0,0
7349,0.86306398630893,0.4698,0,0
7350,0.86306456536402,0.47,0,0
7351,0.86306514441888,0.4702,0,0
7352,0.86306572347352,0.4704,0,0
7353,0.86306630252793,0.4706,0,0
7354,0.86306688158211,0.4708,0,0
7355,0.86306746063607,0.471,0,0
7356,0.86306803968981,0.4712,0,0
7357,0.86306861874331,0.4714,0,0
7358,0.8630691977966,0.4716,0,0
7359,0.86306977684965,0.4718,0,0
7360,0.86307035590249,0.472,0,0
7361,0.86307093495509,0.4722,0,0
7362,0.86307151400747,0.4724,0,0
7363,0.86307209305962,0.4726,0,0
7364,0.86307267211155,0.4728,0,0
7365,0.86307325116325,0.473,0,0
7366,0.86307383021473,0.4732,0,0
7367,0.86307440926598,0.4734,0,0
7368,0.86307498831701,0.4736,0,0
7369,0.86307556736781,0.4738,0,0
7370,0.86307614641838,0.474,0,0
7371,0.86307672546873,0.4742,0,0
7372,0.86307730451885,0.4744,0,0
7373,0.86307788356875,0.4746,0,0
7374,0.86307846261842,0.4748,0,0
7375,0.86307904166786,0.475,0,0
7376,0.86307962071708,0.4752,0,0
7377,0.86308019976608,0.4754,0,0
7378,0.86308077881484,0.4756,0,0
7379,0.86308135786339,0.4758,0,0
7380,0.8630819369117,0.476,0,0
7381,0.86308251595979,0.4762,0,0
7382,0.86308309500766,0.4764,0,0
7383,0.8630836740553,0.4766,0,0
7384,0.86308425310271,0.4768,0,0
7385,0.8630848321499,0.477,0,0
7386,0.86308541119686,0.4772,0,0
7387,0.8630859902436,0.4774,0,0
7388,0.86308656929011,0.4776,0,0
7389,0.86308714833639,0.4778,0,0
7390,0.86308772738245,0.478,0,0
7391,0.86308830642829,0.4782,0,0
7392,0.8630888854739,0.4784,0,0
7393,0.86308946451928,0.4786,0,0
7394,0.86309004356443,0.4788,0,0
7395,0.86309062260936,0.479,0,0
7396,0.86309120165407,0.4792,0,0
7397,0.86309178069855,0.4794,0,0
7398,0.8630923597428,0.4796,0,0
7399,0.86309293878683,0.4798,0,0
7400,0.86309351783063,0.48,0,0
7401,0.86309409687421,0.4802,0,0
7402,0.86309467591756,0.4804,0,0
7403,0.86309525496068,0.4806,0,0
7404,0.86309583400358,0.4808,0,0
7405,0.86309641304626,0.481,0,0
7406,0.8630969920887,0.4812,0,0
7407,0.86309757113093,0.4814,0,0
7408,0.86309815017292,0.4816,0,0
7409,0.86309872921469,0.4818,0,0
7410,0.86309930825624,0.482,0,0
7411,0.86309988729756,0.4822,0,0
7412,0.86310046633865,0.4824,0,0
7413,0.86310104537952,0.4826,0,0
7414,0.86310162442016,0.4828,0,0
7415,0.86310220346058,0.483,0,0
7416,0.86310278250077,0.4832,0,0
7417,0.86310336154073,0.4834,0,0
7418,0.86310394058047,0.4836,0,0
7419,0.86310451961999,0.4838,0,0
7420,0.86310509865927,0.484,0,0
7421,0.86310567769834,0.4842,0,0
7422,0.86310625673717,0.4844,0,0
7423,0.86310683577578,0.4846,0,0
7424,0.86310741481417,0.4848,0,0
7425,0.86310799385233,0.485,0,0
7426,0.86310857289026,0.4852,0,0
7427,0.86310915192797,0.4854,0,0
7428,0.86310973096545,0.4856,0,0
7429,0.86311031000271,0.4858,0,0
7430,0.86311088903974,0.486,0,0
7431,0.86311146807654,0.4862,0,0
7432,0.86311204711312,0.4864,0,0
7433,0.86311262614948,0.4866,0,0
7434,0.86311320518561,0.4868,0,0
7435,0.86311378422151,0.487,0,0
7436,0.86311436325718,0.4872,0,0
7437,0.86311494229264,0.4874,0,0
7438,0.86311552132786,0.4876,0,0
7439,0.86311610036286,0.4878,0,0
7440,0.86311667939763,0.488,0,0
7441,0.86311725843218,0.4882,0,0
7442,0.8631178374665,0.4884,0,0
7443,0.8631184165006,0.4886,0,0
7444,0.86311899553447,0.4888,0,0
7445,0.86311957456812,0.489,0,0
7446,0.86312015360154,0.4892,0,0
7447,0.86312073263473,0.4894,0,0
7448,0.8631213116677,0.4896,0,0
7449,0.86312189070044,0.4898,0,0
7450,0.86312246973296,0.49,0,0
7451,0.86312304876525,0.4902,0,0
7452,0.86312362779731,0.4904,0,0
7453,0.86312420682915,0.4906,0,0
7454,0.86312478586077,0.4908,0,0
7455,0.86312536489216,0.491,0,0
7456,0.86312594392332,0.4912,0,0
7457,0.86312652295425,0.4914,0,0
7458,0.86312710198497,0.4916,0,0
7459,0.86312768101545,0.4918,0,0
7460,0.86312826004571,0.492,0,0
7461,0.86312883907574,0.4922,0,0
7462,0.86312941810555,0.4924,0,0
7463,0.86312999713514,0.4926,0,0
7464,0.86313057616449,0.4928,0,0
7465,0.86313115519362,0.493,0,0
7466,0.86313173422253,0.4932,0,0
7467,0.86313231325121,0.4934,0,0
7468,0.86313289227966,0.4936,0,0
7469,0.86313347130789,0.4938,0,0
7470,0.86313405033589,0.494,0,0
7471,0.86313462936367,0.4942,0,0
7472,0.86313520839122,0.4944,0,0
7473,0.86313578741855,0.4946,0,0
7474,0.86313636644565,0.4948,0,0
7475,0.86313694547252,0.495,0,0
7476,0.86313752449917,0.4952,0,0
7477,0.86313810352559,0.4954,0,0
7478,0.86313868255179,0.4956,0,0
7479,0.86313926157776,0.4958,0,0
7480,0.86313984060351,0.496,0,0
7481,0.86314041962903,0.4962,0,0
7482,0.86314099865432,0.4964,0,0
7483,0.86314157767939,0.4966,0,0
7484,0.86314215670423,0.4968,0,0
7485,0.86314273572885,0.497,0,0
7486,0.86314331475324,0.4972,0,0
7487,0.86314389377741,0.4974,0,0
7488,0.86314447280135,0.4976,0,0
7489,0.86314505182506,0.4978,0,0
7490,0.86314563084855,0.498,0,0
7491,0.86314620987181,0.4982,0,0
7492,0.86314678889485,0.4984,0,0
7493,0.86314736791766,0.4986,0,0
7494,0.86314794694025,0.4988,0,0
7495,0.86314852596261,0.499,0,0
7496,0.86314910498474,0.4992,0,0
7497,0.86314968400665,0.4994,0,0
7498,0.86315026302834,0.4996,0,0
7499,0.86315084204979,0.4998,0,0
7500,0.86315142107102,0.5,0,0
7501,0.86315200009203,0.5002,0,0
7502,0.86315257911281,0.5004,0,0
7503,0.86315315813337,0.5006,0,0
7504,0.86315373715369,0.5008,0,0
7505,0.8631543161738,0.501,0,0
7506,0.86315489519368,0.5012,0,0
7507,0.86315547421333,0.5014,0,0
7508,0.86315605323275,0.5016,0,0
7509,0.86315663225195,0.5018,0,0
7510,0.86315721127093,0.502,0,0
7511,0.86315779028968,0.5022,0,0
7512,0.8631583693082,0.5024,0,0
7513,0.8631589483265,0.5026,0,0
7514,0.86315952734457,0.5028,0,0
7515,0.86316010636242,0.503,0,0
7516,0.86316068538004,0.5032,0,0
7517,0.86316126439743,0.5034,0,0
7518,0.8631618434146,0.5036,0,0
7519,0.86316242243155,0.5038,0,0
7520,0.86316300144827,0.504,0,0
7521,0.86316358046476,0.5042,0,0
7522,0.86316415948102,0.5044,0,0
7523,0.86316473849707,0.5046,0,0
7524,0.86316531751288,0.5048,0,0
7525,0.86316589652847,0.505,0,0
7526,0.86316647554383,0.5052,0,0
7527,0.86316705455897,0.5054,0,0
7528,0.86316763357389,0.5056,0,0
7529,0.86316821258857,0.5058,0,0
7530,0.86316879160303,0.506,0,0
7531,0.86316937061727,0.5062,0,0
7532,0.86316994963128,0.5064,0,0
7533,0.86317052864506,0.5066,0,0
7534,0.86317110765862,0.5068,0,0
7535,0.86317168667195,0.507,0,0
7536,0.86317226568506,0.5072,0,0
7537,0.86317284469794,0.5074,0,0
7538,0.8631734237106,0.5076,0,0
7539,0.86317400272303,0.5078,0,0
7540,0.86317458173523,0.508,0,0
7541,0.86317516074721,0.5082,0,0
7542,0.86317573975896,0.5084,0,0
7543,0.86317631877049,0.5086,0,0
7544,0.86317689778179,0.5088,0,0
7545,0.86317747679287,0.509,0,0
7546,0.86317805580372,0.5092,0,0
7547,0.86317863481434,0.5094,0,0
7548,0.86317921382474,0.5096,0,0
7549,0.86317979283492,0.5098,0,0
7550,0.86318037184486,0.51,0,0
7551,0.86318095085459,0.5102,0,0
7552,0.86318152986408,0.5104,0,0
7553,0.86318210887335,0.5106,0,0
7554,0.8631826878824,0.5108,0,0
7555,0.86318326689122,0.511,0,0
7556,0.86318384589981,0.5112,0,0
7557,0.86318442490818,0.5114,0,0
7558,0.86318500391632,0.5116,0,0
7559,0.86318558292424,0.5118,0,0
7560,0.86318616193193,0.512,0,0
7561,0.86318674093939,0.5122,0,0
7562,0.86318731994663,0.5124,0,0
7563,0.86318789895364,0.5126,0,0
7564,0.86318847796043,0.5128,0,0
7565,0.86318905696699,0.513,0,0
7566,0.86318963597333,0.5132,0,0
7567,0.86319021497944,0.5134,0,0
7568,0.86319079398533,0.5136,0,0
7569,0.86319137299099,0.5138,0,0
7570,0.86319195199642,0.514,0,0
7571,0.86319253100163,0.5142,0,0
7572,0.86319311000661,0.5144,0,0
7573,0.86319368901137,0.5146,0,0
7574,0.8631942680159,0.5148,0,0
7575,0.86319484702021,0.515,0,0
7576,0.86319542602429,0.5152,0,0
7577,0.86319600502814,0.5154,0,0
7578,0.86319658403177,0.5156,0,0
7579,0.86319716303517,0.5158,0,0
7580,0.86319774203835,0.516,0,0
7581,0.8631983210413,0.5162,0,0
7582,0.86319890004402,0.5164,0,0
7583,0.86319947904652,0.5166,0,0
7584,0.8632000580488,0.5168,0,0
7585,0.86320063705085,0.517,0,0
7586,0.86320121605267,0.5172,0,0
7587,0.86320179505427,0.5174,0,0
7588,0.86320237405564,0.5176,0,0
7589,0.86320295305679,0.5178,0,0
7590,0.86320353205771,0.518,0,0
7591,0.8632041110584,0.5182,0,0
7592,0.86320469005887,0.5184,0,0
7593,0.86320526905911,0.5186,0,0
7594,0.86320584805913,0.5188,0,0
7595,0.86320642705892,0.519,0,0
7596,0.86320700605849,0.5192,0,0
7597,0.86320758505783,0.5194,0,0
7598,0.86320816405695,0.5196,0,0
7599,0.86320874305584,0.5198,0,0
7600,0.8632093220545,0.52,0,0
7601,0.86320990105294,0.5202,0,0
7602,0.86321048005115,0.5204,0,0
7603,0.86321105904914,0.5206,0,0
7604,0.8632116380469,0.5208,0,0
7605,0.86321221704443,0.521,0,0
7606,0.86321279604174,0.5212,0,0
7607,0.86321337503883,0.5214,0,0
7608,0.86321395403568,0.5216,0,0
7609,0.86321453303232,0.5218,0,0
7610,0.86321511202872,0.522,0,0
7611,0.8632156910249,0.5222,0,0
7612,0.86321627002086,0.5224,0,0
7613,0.86321684901659,0.5226,0,0
7614,0.86321742801209,0.5228,0,0
7615,0.86321800700737,0.523,0,0
7616,0.86321858600243,0.5232,0,0
7617,0.86321916499725,0.5234,0,0
7618,0.86321974399186,0.5236,0,0
7619,0.86322032298623,0.5238,0,0
7620,0.86322090198038,0.524,0,0
7621,0.86322148097431,0.5242,0,0
7622,0.863222059968,0.5244,0,0
7623,0.86322263896148,0.5246,0,0
7624,0.86322321795473,0.5248,0,0
7625,0.86322379694775,0.525,0,0
7626,0.86322437594054,0.5252,0,0
7627,0.86322495493311,0.5254,0,0
7628,0.86322553392546,0.5256,0,0
7629,0.86322611291758,0.5258,0,0
7630,0.86322669190947,0.526,0,0
7631,0.86322727090114,0.5262,0,0
7632,0.86322784989258,0.5264,0,0
7633,0.8632284288838,0.5266,0,0
7634,0.86322900787479,0.5268,0,0
7635,0.86322958686555,0.527,0,0
7636,0.86323016585609,0.5272,0,0
7637,0.86323074484641,0.5274,0,0
7638,0.8632313238365,0.5276,0,0
7639,0.86323190282636,0.5278,0,0
7640,0.863232481816,0.528,0,0
7641,0.86323306080541,0.5282,0,0
7642,0.86323363979459,0.5284,0,0
7643,0.86323421878355,0.5286,0,0
7644,0.86323479777229,0.5288,0,0
7645,0.8632353767608,0.529,0,0
7646,0.86323595574908,0.5292,0,0
7647,0.86323653473714,0.5294,0,0
7648,0.86323711372497,0.5296,0,0
7649,0.86323769271257,0.5298,0,0
7650,0.86323827169995,0.53,0,0
7651,0.86323885068711,0.5302,0,0
7652,0.86323942967404,0.5304,0,0
7653,0.86324000866074,0.5306,0,0
7654,0.86324058764722,0.5308,0,0
7655,0.86324116663347,0.531,0,0
7656,0.8632417456195,0.5312,0,0
7657,0.8632423246053,0.5314,0,0
7658,0.86324290359087,0.5316,0,0
7659,0.86324348257622,0.5318,0,0
7660,0.86324406156134,0.532,0,0
7661,0.86324464054624,0.5322,0,0
7662,0.86324521953091,0.5324,0,0
7663,0.86324579851536,0.5326,0,0
7664,0.86324637749958,0.5328,0,0
7665,0.86324695648358,0.533,0,0
7666,0.86324753546735,0.5332,0,0
7667,0.86324811445089,0.5334,0,0
7668,0.86324869343421,0.5336,0,0
7669,0.8632492724173,0.5338,0,0
7670,0.86324985140017,0.534,0,0
7671,0.86325043038281,0.5342,0,0
7672,0.86325100936522,0.5344,0,0
7673,0.86325158834741,0.5346,0,0
7674,0.86325216732938,0.5348,0,0
7675,0.86325274631112,0.535,0,0
7676,0.86325332529263,0.5352,0,0
7677,0.86325390427392,0.5354,0,0
7678,0.86325448325498,0.5356,0,0
7679,0.86325506223582,0.5358,0,0
7680,0.86325564121643,0.536,0,0
7681,0.86325622019681,0.5362,0,0
7682,0.86325679917697,0.5364,0,0
7683,0.8632573781569,0.5366,0,0
7684,0.86325795713661,0.5368,0,0
7685,0.86325853611609,0.537,0,0
7686,0.86325911509535,0.5372,0,0
7687,0.86325969407438,0.5374,0,0
7688,0.86326027305318,0.5376,0,0
7689,0.86326085203176,0.5378,0,0
7690,0.86326143101012,0.538,0,0
7691,0.86326200998825,0.5382,0,0
7692,0.86326258896615,0.5384,0,0
7693,0.86326316794382,0.5386,0,0
7694,0.86326374692128,0.5388,0,0
7695,0.8632643258985,0.539,0,0
7696,0.8632649048755,0.5392,0,0
7697,0.86326548385227,0.5394,0,0
7698,0.86326606282882,0.5396,0,0
7699,0.86326664180515,0.5398,0,0
7700,0.86326722078124,0.54,0,0
7701,0.86326779975711,0.5402,0,0
7702,0.86326837873276,0.5404,0,0
7703,0.86326895770818,0.5406,0,0
7704,0.86326953668338,0.5408,0,0
7705,0.86327011565834,0.541,0,0
7706,0.86327069463309,0.5412,0,0
7707,0.8632712736076,0.5414,0,0
7708,0.8632718525819,0.5416,0,0
7709,0.86327243155596,0.5418,0,0
7710,0.8632730105298,0.542,0,0
7711,0.86327358950342,0.5422,0,0
7712,0.86327416847681,0.5424,0,0
7713,0.86327474744997,0.5426,0,0
7714,0.86327532642291,0.5428,0,0
7715,0.86327590539562,0.543,0,0
7716,0.86327648436811,0.5432,0,0
7717,0.86327706334037,0.5434,0,0
7718,0.8632776423124,0.5436,0,0
7719,0.86327822128421,0.5438,0,0
7720,0.8632788002558,0.544,0,0
7721,0.86327937922716,0.5442,0,0
7722,0.86327995819829,0.5444,0,0
7723,0.86328053716919,0.5446,0,0
7724,0.86328111613988,0.5448,0,0
7725,0.86328169511033,0.545,0,0
7726,0.86328227408056,0.5452,0,0
7727,0.86328285305057,0.5454,0,0
7728,0.86328343202034,0.5456,0,0
7729,0.8632840109899,0.5458,0,0
7730,0.86328458995922,0.546,0,0
7731,0.86328516892833,0.5462,0,0
7732,0.8632857478972,0.5464,0,0
7733,0.86328632686585,0.5466,0,0
7734,0.86328690583428,0.5468,0,0
7735,0.86328748480248,0.547,0,0
7736,0.86328806377045,0.5472,0,0
7737,0.8632886427382,0.5474,0,0
7738,0.86328922170572,0.5476,0,0
7739,0.86328980067302,0.5478,0,0
7740,0.86329037964009,0.548,0,0
7741,0.86329095860693,0.5482,0,0
7742,0.86329153757355,0.5484,0,0
7743,0.86329211653995,0.5486,0,0
7744,0.86329269550611,0.5488,0,0
7745,0.86329327447206,0.549,0,0
7746,0.86329385343777,0.5492,0,0
7747,0.86329443240326,0.5494,0,0
7748,0.86329501136853,0.5496,0,0
7749,0.86329559033357,0.5498,0,0
7750,0.86329616929838,0.55,0,0
7751,0.86329674826297,0.5502,0,0
7752,0.86329732722734,0.5504,0,0
7753,0.86329790619147,0.5506,0,0
7754,0.86329848515538,0.5508,0,0
7755,0.86329906411907,0.551,0,0
7756,0.86329964308253,0.5512,0,0
7757,0.86330022204576,0.5514,0,0
7758,0.86330080100877,0.5516,0,0
7759,0.86330137997156,0.5518,0,0
7760,0.86330195893411,0.552,0,0
7761,0.86330253789645,0.5522,0,0
7762,0.86330311685855,0.5524,0,0
7763,0.86330369582043,0.5526,0,0
7764,0.86330427478209,0.5528,0,0
7765,0.86330485374352,0.553,0,0
7766,0.86330543270472,0.5532,0,0
7767,0.8633060116657,0.5534,0,0
7768,0.86330659062645,0.5536,0,0
7769,0.86330716958698,0.5538,0,0
7770,0.86330774854728,0.554,0,0
7771,0.86330832750736,0.5542,0,0
7772,0.86330890646721,0.5544,0,0
7773,0.86330948542683,0.5546,0,0
7774,0.86331006438623,0.5548,0,0
7775,0.8633106433454,0.555,0,0
7776,0.86331122230435,0.5552,0,0
7777,0.86331180126307,0.5554,0,0
7778,0.86331238022157,0.5556,0,0
7779,0.86331295917984,0.5558,0,0
7780,0.86331353813788,0.556,0,0
7781,0.8633141170957,0.5562,0,0
7782,0.86331469605329,0.5564,0,0
7783,0.86331527501066,0.5566,0,0
7784,0.8633158539678,0.5568,0,0
7785,0.86331643292472,0.557,0,0
7786,0.86331701188141,0.5572,0,0
7787,0.86331759083787,0.5574,0,0
7788,0.86331816979411,0.5576,0,0
7789,0.86331874875013,0.5578,0,0
7790,0.86331932770591,0.558,0,0
7791,0.86331990666148,0.5582,0,0
7792,0.86332048561681,0.5584,0,0
7793,0.86332106457192,0.5586,0,0
7794,0.86332164352681,0.5588,0,0
7795,0.86332222248147,0.559,0,0
7796,0.8633228014359,0.5592,0,0
7797,0.86332338039011,0.5594,0,0
7798,0.86332395934409,0.5596,0,0
7799,0.86332453829785,0.5598,0,0
7800,0.86332511725138,0.56,0,0
7801,0.86332569620469,0.5602,0,0
7802,0.86332627515777,0.5604,0,0
7803,0.86332685411062,0.5606,0,0
7804,0.86332743306325,0.5608,0,0
7805,0.86332801201566,0.561,0,0
7806,0.86332859096783,0.5612,0,0
7807,0.86332916991979,0.5614,0,0
7808,0.86332974887151,0.5616,0,0
7809,0.86333032782301,0.5618,0,0
7810,0.86333090677429,0.562,0,0
7811,0.86333148572534,0.5622,0,0
7812,0.86333206467616,0.5624,0,0
7813,0.86333264362676,0.5626,0,0
7814,0.86333322257713,0.5628,0,0
7815,0.86333380152728,0.563,0,0
7816,0.8633343804772,0.5632,0,0
7817,0.86333495942689,0.5634,0,0
7818,0.86333553837636,0.5636,0,0
7819,0.86333611732561,0.5638,0,0
7820,0.86333669627463,0.564,0,0
7821,0.86333727522342,0.5642,0,0
7822,0.86333785417199,0.5644,0,0
7823,0.86333843312033,0.5646,0,0
7824,0.86333901206844,0.5648,0,0
7825,0.86333959101633,0.565,0,0
7826,0.863340169964,0.5652,0,0
7827,0.86334074891144,0.5654,0,0
7828,0.86334132785865,0.5656,0,0
7829,0.86334190680564,0.5658,0,0
7830,0.8633424857524,0.566,0,0
7831,0.86334306469894,0.5662,0,0
7832,0.86334364364525,0.5664,0,0
7833,0.86334422259133,0.5666,0,0
7834,0.86334480153719,0.5668,0,0
7835,0.86334538048282,0.567,0,0
7836,0.86334595942823,0.5672,0,0
7837,0.86334653837341,0.5674,0,0
7838,0.86334711731837,0.5676,0,0
7839,0.8633476962631,0.5678,0,0
7840,0.86334827520761,0.568,0,0
7841,0.86334885415189,0.5682,0,0
7842,0.86334943309594,0.5684,0,0
7843,0.86335001203977,0.5686,0,0
7844,0.86335059098337,0.5688,0,0
7845,0.86335116992675,0.569,0,0
7846,0.8633517488699,0.5692,0,0
7847,0.86335232781283,0.5694,0,0
7848,0.86335290675553,0.5696,0,0
7849,0.863353485698,0.5698,0,0
7850,0.86335406464025,0.57,0,0
7851,0.86335464358227,0.5702,0,0
7852,0.86335522252407,0.5704,0,0
7853,0.86335580146564,0.5706,0,0
7854,0.86335638040699,0.5708,0,0
7855,0.86335695934811,0.571,0,0
7856,0.863357538289,0.5712,0,0
7857,0.86335811722967,0.5714,0,0
7858,0.86335869617012,0.5716,0,0
7859,0.86335927511033,0.5718,0,0
7860,0.86335985405033,0.572,0,0
7861,0.86336043299009,0.5722,0,0
7862,0.86336101192963,0.5724,0,0
7863,0.86336159086895,0.5726,0,0
7864,0.86336216980804,0.5728,0,0
7865,0.8633627487469,0.573,0,0
7866,0.86336332768554,0.5732,0,0
7867,0.86336390662395,0.5734,0,0
7868,0.86336448556214,0.5736,0,0
7869,0.8633650645001,0.5738,0,0
7870,0.86336564343784,0.574,0,0
7871,0.86336622237535,0.5742,0,0
7872,0.86336680131263,0.5744,0,0
7873,0.86336738024969,0.5746,0,0
7874,0.86336795918653,0.5748,0,0
7875,0.86336853812313,0.575,0,0
7876,0.86336911705952,0.5752,0,0
7877,0.86336969599567,0.5754,0,0
7878,0.8633702749316,0.5756,0,0
7879,0.86337085386731,0.5758,0,0
7880,0.86337143280279,0.576,0,0
7881,0.86337201173804,0.5762,0,0
7882,0.86337259067307,0.5764,0,0
7883,0.86337316960787,0.5766,0,0
7884,0.86337374854245,0.5768,0,0
7885,0.8633743274768,0.577,0,0
7886,0.86337490641092,0.5772,0,0
7887,0.86337548534482,0.5774,0,0
7888,0.8633760642785,0.5776,0,0
7889,0.86337664321195,0.5778,0,0
7890,0.86337722214517,0.578,0,0
7891,0.86337780107817,0.5782,0,0
7892,0.86337838001094,0.5784,0,0
7893,0.86337895894348,0.5786,0,0
7894,0.8633795378758,0.5788,0,0
7895,0.8633801168079,0.579,0,0
7896,0.86338069573977,0.5792,0,0
7897,0.86338127467141,0.5794,0,0
7898,0.86338185360283,0.5796,0,0
7899,0.86338243253402,0.5798,0,0
7900,0.86338301146498,0.58,0,0
7901,0.86338359039573,0.5802,0,0
7902,0.86338416932624,0.5804,0,0
7903,0.86338474825653,0.5806,0,0
7904,0.86338532718659,0.5808,0,0
7905,0.86338590611643,0.581,0,0
7906,0.86338648504604,0.5812,0,0
7907,0.86338706397543,0.5814,0,0
7908,0.86338764290459,0.5816,0,0
7909,0.86338822183353,0.5818,0,0
7910,0.86338880076224,0.582,0,0
7911,0.86338937969072,0.5822,0,0
7912,0.86338995861898,0.5824,0,0
7913,0.86339053754701,0.5826,0,0
7914,0.86339111647482,0.5828,0,0
7915,0.8633916954024,0.583,0,0
7916,0.86339227432975,0.5832,0,0
7917,0.86339285325688,0.5834,0,0
7918,0.86339343218379,0.5836,0,0
7919,0.86339401111047,0.5838,0,0
7920,0.86339459003692,0.584,0,0
7921,0.86339516896315,0.5842,0,0
7922,0.86339574788915,0.5844,0,0
7923,0.86339632681493,0.5846,0,0
7924,0.86339690574048,0.5848,0,0
7925,0.8633974846658,0.585,0,0
7926,0.8633980635909,0.5852,0,0
7927,0.86339864251578,0.5854,0,0
7928,0.86339922144042,0.5856,0,0
7929,0.86339980036485,0.5858,0,0
7930,0.86340037928904,0.586,0,0
7931,0.86340095821301,0.5862,0,0
7932,0.86340153713676,0.5864,0,0
7933,0.86340211606028,0.5866,0,0
7934,0.86340269498357,0.5868,0,0
7935,0.86340327390664,0.587,0,0
7936,0.86340385282948,0.5872,0,0
7937,0.8634044317521,0.5874,0,0
7938,0.86340501067449,0.5876,0,0
7939,0.86340558959666,0.5878,0,0
7940,0.8634061685186,0.588,0,0
7941,0.86340674744031,0.5882,0,0
7942,0.8634073263618,0.5884,0,0
7943,0.86340790528306,0.5886,0,0
7944,0.8634084842041,0.5888,0,0
7945,0.86340906312491,0.589,0,0
7946,0.8634096420455,0.5892,0,0
7947,0.86341022096586,0.5894,0,0
7948,0.86341079988599,0.5896,0,0
7949,0.8634113788059,0.5898,0,0
7950,0.86341195772559,0.59,0,0
7951,0.86341253664504,0.5902,0,0
7952,0.86341311556428,0.5904,0,0
7953,0.86341369448328,0.5906,0,0
7954,0.86341427340206,0.5908,0,0
7955,0.86341485232062,0.591,0,0
7956,0.86341543123895,0.5912,0,0
7957,0.86341601015705,0.5914,0,0
7958,0.86341658907493,0.5916,0,0
7959,0.86341716799258,0.5918,0,0
7960,0.86341774691001,0.592,0,0
7961,0.86341832582721,0.5922,0,0
7962,0.86341890474419,0.5924,0,0
7963,0.86341948366094,0.5926,0,0
7964,0.86342006257746,0.5928,0,0
7965,0.86342064149376,0.593,0,0
7966,0.86342122040983,0.5932,0,0
7967,0.86342179932568,0.5934,0,0
7968,0.8634223782413,0.5936,0,0
7969,0.8634229571567,0.5938,0,0
7970,0.86342353607187,0.594,0,0
7971,0.86342411498681,0.5942,0,0
7972,0.86342469390153,0.5944,0,0
7973,0.86342527281603,0.5946,0,0
7974,0.86342585173029,0.5948,0,0
7975,0.86342643064434,0.595,0,0
7976,0.86342700955815,0.5952,0,0
7977,0.86342758847174,0.5954,0,0
7978,0.86342816738511,0.5956,0,0
7979,0.86342874629825,0.5958,0,0
7980,0.86342932521116,0.596,0,0
7981,0.86342990412385,0.5962,0,0
7982,0.86343048303631,0.5964,0,0
7983,0.86343106194855,0.5966,0,0
7984,0.86343164086056,0.5968,0,0
7985,0.86343221977235,0.597,0,0
7986,0.86343279868391,0.5972,0,0
7987,0.86343337759524,0.5974,0,0
7988,0.86343395650635,0.5976,0,0
7989,0.86343453541723,0.5978,0,0
7990,0.86343511432789,0.598,0,0
7991,0.86343569323832,0.5982,0,0
7992,0.86343627214853,0.5984,0,0
7993,0.86343685105851,0.5986,0,0
7994,0.86343742996826,0.5988,0,0
7995,0.86343800887779,0.599,0,0
7996,0.8634385877871,0.5992,0,0
7997,0.86343916669617,0.5994,0,0
7998,0.86343974560503,0.5996,0,0
7999,0.86344032451365,0.5998,0,0
8000,0.86344090342205,0.6,0,0
8001,0.86344148233023,0.6002,0,0
8002,0.86344206123818,0.6004,0,0
8003,0.8634426401459,0.6006,0,0
8004,0.8634432190534,0.6008,0,0
8005,0.86344379796067,0.601,0,0
8006,0.86344437686772,0.6012,0,0
8007,0.86344495577454,0.6014,0,0
8008,0.86344553468113,0.6016,0,0
8009,0.8634461135875,0.6018,0,0
8010,0.86344669249365,0.602,0,0
8011,0.86344727139957,0.6022,0,0
8012,0.86344785030526,0.6024,0,0
8013,0.86344842921073,0.6026,0,0
8014,0.86344900811597,0.6028,0,0
8015,0.86344958702098,0.603,0,0
8016,0.86345016592577,0.6032,0,0
8017,0.86345074483034,0.6034,0,0
8018,0.86345132373468,0.6036,0,0
8019,0.86345190263879,0.6038,0,0
8020,0.86345248154268,0.604,0,0
8021,0.86345306044634,0.6042,0,0
8022,0.86345363934978,0.6044,0,0
8023,0.86345421825299,0.6046,0,0
8024,0.86345479715597,0.6048,0,0
8025,0.86345537605873,0.605,0,0
8026,0.86345595496126,0.6052,0,0
8027,0.86345653386357,0.6054,0,0
8028,0.86345711276565,0.6056,0,0
8029,0.86345769166751,0.6058,0,0
8030,0.86345827056914,0.606,0,0
8031,0.86345884947055,0.6062,0,0
8032,0.86345942837173,0.6064,0,0
8033,0.86346000727268,0.6066,0,0
8034,0.86346058617341,0.6068,0,0
8035,0.86346116507391,0.607,0,0
8036,0.86346174397419,0.6072,0,0
8037,0.86346232287424,0.6074,0,0
8038,0.86346290177407,0.6076,0,0
8039,0.86346348067367,0.6078,0,0
8040,0.86346405957304,0.608,0,0
8041,0.86346463847219,0.6082,0,0
8042,0.86346521737111,0.6084,0,0
8043,0.86346579626981,0.6086,0,0
8044,0.86346637516828,0.6088,0,0
8045,0.86346695406653,0.609,0,0
8046,0.86346753296455,0.6092,0,0
8047,0.86346811186234,0.6094,0,0
8048,0.86346869075991,0.6096,0,0
8049,0.86346926965725,0.6098,0,0
8050,0.86346984855437,0.61,0,0
8051,0.86347042745126,0.6102,0,0
8052,0.86347100634793,0.6104,0,0
8053,0.86347158524437,0.6106,0,0
8054,0.86347216414059,0.6108,0,0
8055,0.86347274303657,0.611,0,0
8056,0.86347332193234,0.6112,0,0
8057,0.86347390082788,0.6114,0,0
8058,0.86347447972319,0.6116,0,0
8059,0.86347505861828,0.6118,0,0
8060,0.86347563751314,0.612,0,0
8061,0.86347621640777,0.6122,0,0
8062,0.86347679530218,0.6124,0,0
8063,0.86347737419637,0.6126,0,0
8064,0.86347795309032,0.6128,0,0
8065,0.86347853198406,0.613,0,0
8066,0.86347911087756,0.6132,0,0
8067,0.86347968977085,0.6134,0,0
8068,0.8634802686639,0.6136,0,0
8069,0.86348084755673,0.6138,0,0
8070,0.86348142644934,0.614,0,0
8071,0.86348200534171,0.6142,0,0
8072,0.86348258423387,0.6144,0,0
8073,0.8634831631258,0.6146,0,0
8074,0.8634837420175,0.6148,0,0
8075,0.86348432090897,0.615,0,0
8076,0.86348489980022,0.6152,0,0
8077,0.86348547869125,0.6154,0,0
8078,0.86348605758205,0.6156,0,0
8079,0.86348663647262,0.6158,0,0
8080,0.86348721536297,0.616,0,0
8081,0.86348779425309,0.6162,0,0
8082,0.86348837314299,0.6164,0,0
8083,0.86348895203266,0.6166,0,0
8084,0.8634895309221,0.6168,0,0
8085,0.86349010981132,0.617,0,0
8086,0.86349068870032,0.6172,0,0
8087,0.86349126758908,0.6174,0,0
8088,0.86349184647763,0.6176,0,0
8089,0.86349242536594,0.6178,0,0
8090,0.86349300425403,0.618,0,0
8091,0.8634935831419,0.6182,0,0
8092,0.86349416202954,0.6184,0,0
8093,0.86349474091695,0.6186,0,0
8094,0.86349531980414,0.6188,0,0
8095,0.8634958986911,0.619,0,0
8096,0.86349647757784,0.6192,0,0
8097,0.86349705646435,0.6194,0,0
8098,0.86349763535064,0.6196,0,0
8099,0.8634982142367,0.6198,0,0
8100,0.86349879312253,0.62,0,0
8101,0.86349937200814,0.6202,0,0
8102,0.86349995089353,0.6204,0,0
8103,0.86350052977868,0.6206,0,0
8104,0.86350110866361,0.6208,0,0
8105,0.86350168754832,0.621,0,0
8106,0.8635022664328,0.6212,0,0
8107,0.86350284531706,0.6214,0,0
8108,0.86350342420108,0.6216,0,0
8109,0.86350400308489,0.6218,0,0
8110,0.86350458196847,0.622,0,0
8111,0.86350516085182,0.6222,0,0
8112,0.86350573973494,0.6224,0,0
8113,0.86350631861785,0.6226,0,0
8114,0.86350689750052,0.6228,0,0
8115,0.86350747638297,0.623,0,0
8116,0.86350805526519,0.6232,0,0
8117,0.86350863414719,0.6234,0,0
8118,0.86350921302896,0.6236,0,0
8119,0.86350979191051,0.6238,0,0
8120,0.86351037079183,0.624,0,0
8121,0.86351094967293,0.6242,0,0
8122,0.8635115285538,0.6244,0,0
8123,0.86351210743444,0.6246,0,0
8124,0.86351268631486,0.6248,0,0
8125,0.86351326519505,0.625,0,0
8126,0.86351384407502,0.6252,0,0
8127,0.86351442295476,0.6254,0,0
8128,0.86351500183428,0.6256,0,0
8129,0.86351558071357,0.6258,0,0
8130,0.86351615959263,0.626,0,0
8131,0.86351673847147,0.6262,0,0
8132,0.86351731735008,0.6264,0,0
8133,0.86351789622847,0.6266,0,0
8134,0.86351847510663,0.6268,0,0
8135,0.86351905398457,0.627,0,0
8136,0.86351963286228,0.6272,0,0
8137,0.86352021173976,0.6274,0,0
8138,0.86352079061702,0.6276,0,0
8139,0.86352136949405,0.6278,0,0
8140,0.86352194837086,0.628,0,0
8141,0.86352252724744,0.6282,0,0
8142,0.8635231061238,0.6284,0,0
8143,0.86352368499993,0.6286,0,0
8144,0.86352426387583,0.6288,0,0
8145,0.86352484275151,0.629,0,0
8146,0.86352542162697,0.6292,0,0
8147,0.86352600050219,0.6294,0,0
8148,0.8635265793772,0.6296,0,0
8149,0.86352715825197,0.6298,0,0
8150,0.86352773712652,0.63,0,0
8151,0.86352831600085,0.6302,0,0
8152,0.86352889487495,0.6304,0,0
8153,0.86352947374882,0.6306,0,0
8154,0.86353005262247,0.6308,0,0
8155,0.86353063149589,0.631,0,0
8156,0.86353121036909,0.6312,0,0
8157,0.86353178924206,0.6314,0,0
8158,0.8635323681148,0.6316,0,0
8159,0.86353294698732,0.6318,0,0
8160,0.86353352585962,0.632,0,0
8161,0.86353410473169,0.6322,0,0
8162,0.86353468360353,0.6324,0,0
8163,0.86353526247515,0.6326,0,0
8164,0.86353584134654,0.6328,0,0
8165,0.8635364202177,0.633,0,0
8166,0.86353699908864,0.6332,0,0
8167,0.86353757795936,0.6334,0,0
8168,0.86353815682985,0.6336,0,0
8169,0.86353873570011,0.6338,0,0
8170,0.86353931457015,0.634,0,0
8171,0.86353989343996,0.6342,0,0
8172,0.86354047230954,0.6344,0,0
8173,0.8635410511789,0.6346,0,0
8174,0.86354163004804,0.6348,0,0
8175,0.86354220891695,0.635,0,0
8176,0.86354278778563,0.6352,0,0
8177,0.86354336665409,0.6354,0,0
8178,0.86354394552232,0.6356,0,0
8179,0.86354452439032,0.6358,0,0
8180,0.8635451032581,0.636,0,0
8181,0.86354568212566,0.6362,0,0
8182,0.86354626099299,0.6364,0,0
8183,0.86354683986009,0.6366,0,0
8184,0.86354741872697,0.6368,0,0
8185,0.86354799759362,0.637,0,0
8186,0.86354857646005,0.6372,0,0
8187,0.86354915532625,0.6374,0,0
8188,0.86354973419222,0.6376,0,0
8189,0.86355031305797,0.6378,0,0
8190,0.8635508919235,0.638,0,0
8191,0.86355147078879,0.6382,0,0
8192,0.86355204965387,0.6384,0,0
8193,0.86355262851871,0.6386,0,0
8194,0.86355320738333,0.6388,0,0
8195,0.86355378624773,0.639,0,0
8196,0.8635543651119,0.6392,0,0
8197,0.86355494397584,0.6394,0,0
8198,0.86355552283956,0.6396,0,0
8199,0.86355610170305,0.6398,0,0
8200,0.86355668056632,0.64,0,0
8201,0.86355725942936,0.6402,0,0
8202,0.86355783829217,0.6404,0,0
8203,0.86355841715476,0.6406,0,0
8204,0.86355899601713,0.6408,0,0
8205,0.86355957487927,0.641,0,0
8206,0.86356015374118,0.6412,0,0
8207,0.86356073260287,0.6414,0,0
8208,0.86356131146433,0.6416,0,0
8209,0.86356189032556,0.6418,0,0
8210,0.86356246918657,0.642,0,0
8211,0.86356304804736,0.6422,0,0
8212,0.86356362690791,0.6424,0,0
8213,0.86356420576825,0.6426,0,0
8214,0.86356478462835,0.6428,0,0
8215,0.86356536348824,0.643,0,0
8216,0.86356594234789,0.6432,0,0
8217,0.86356652120732,0.6434,0,0
8218,0.86356710006653,0.6436,0,0
8219,0.8635676789255,0.6438,0,0
8220,0.86356825778426,0.644,0,0
8221,0.86356883664278,0.6442,0,0
8222,0.86356941550109,0.6444,0,0
8223,0.86356999435916,0.6446,0,0
8224,0.86357057321701,0.6448,0,0
8225,0.86357115207464,0.645,0,0
8226,0.86357173093204,0.6452,0,0
8227,0.86357230978921,0.6454,0,0
8228,0.86357288864616,0.6456,0,0
8229,0.86357346750288,0.6458,0,0
8230,0.86357404635937,0.646,0,0
8231,0.86357462521564,0.6462,0,0
8232,0.86357520407169,0.6464,0,0
8233,0.86357578292751,0.6466,0,0
8234,0.8635763617831,0.6468,0,0
8235,0.86357694063847,0.647,0,0
8236,0.86357751949361,0.6472,0,0
8237,0.86357809834853,0.6474,0,0
8238,0.86357867720322,0.6476,0,0
8239,0.86357925605768,0.6478,0,0
8240,0.86357983491192,0.648,0,0
8241,0.86358041376594,0.6482,0,0
8242,0.86358099261972,0.6484,0,0
8243,0.86358157147328,0.6486,0,0
8244,0.86358215032662,0.6488,0,0
8245,0.86358272917973,0.649,0,0
8246,0.86358330803262,0.6492,0,0
8247,0.86358388688528,0.6494,0,0
8248,0.86358446573771,0.6496,0,0
8249,0.86358504458992,0.6498,0,0
8250,0.8635856234419,0.65,0,0
8251,0.86358620229366,0.6502,0,0
8252,0.86358678114519,0.6504,0,0
8253,0.86358735999649,0.6506,0,0
8254,0.86358793884757,0.6508,0,0
8255,0.86358851769842,0.651,0,0
8256,0.86358909654905,0.6512,0,0
8257,0.86358967539945,0.6514,0,0
8258,0.86359025424963,0.6516,0,0
8259,0.86359083309958,0.6518,0,0
8260,0.86359141194931,0.652,0,0
8261,0.86359199079881,0.6522,0,0
8262,0.86359256964808,0.6524,0,0
8263,0.86359314849713,0.6526,0,0
8264,0.86359372734595,0.6528,0,0
8265,0.86359430619455,0.653,0,0
8266,0.86359488504292,0.6532,0,0
8267,0.86359546389106,0.6534,0,0
8268,0.86359604273898,0.6536,0,0
8269,0.86359662158668,0.6538,0,0
8270,0.86359720043415,0.654,0,0
8271,0.86359777928139,0.6542,0,0
8272,0.86359835812841,0.6544,0,0
8273,0.8635989369752,0.6546,0,0
8274,0.86359951582176,0.6548,0,0
8275,0.8636000946681,0.655,0,0
8276,0.86360067351422,0.6552,0,0
8277,0.8636012523601,0.6554,0,0
8278,0.86360183120577,0.6556,0,0
8279,0.8636024100512,0.6558,0,0
8280,0.86360298889641,0.656,0,0
8281,0.8636035677414,0.6562,0,0
8282,0.86360414658616,0.6564,0,0
8283,0.86360472543069,0.6566,0,0
8284,0.863605304275,0.6568,0,0
8285,0.86360588311908,0.657,0,0
8286,0.86360646196294,0.6572,0,0
8287,0.86360704080657,0.6574,0,0
8288,0.86360761964998,0.6576,0,0
8289,0.86360819849316,0.6578,0,0
8290,0.86360877733611,0.658,0,0
8291,0.86360935617884,0.6582,0,0
8292,0.86360993502134,0.6584,0,0
8293,0.86361051386362,0.6586,0,0
8294,0.86361109270567,0.6588,0,0
8295,0.8636116715475,0.659,0,0
8296,0.8636122503891,0.6592,0,0
8297,0.86361282923047,0.6594,0,0
8298,0.86361340807162,0.6596,0,0
8299,0.86361398691254,0.6598,0,0
8300,0.86361456575324,0.66,0,0
8301,0.86361514459371,0.6602,0,0
8302,0.86361572343396,0.6604,0,0
8303,0.86361630227398,0.6606,0,0
8304,0.86361688111377,0.6608,0,0
8305,0.86361745995334,0.661,0,0
8306,0.86361803879268,0.6612,0,0
8307,0.8636186176318,0.6614,0,0
8308,0.86361919647069,0.6616,0,0
8309,0.86361977530936,0.6618,0,0
8310,0.8636203541478,0.662,0,0
8311,0.86362093298601,0.6622,0,0
8312,0.863621511824,0.6624,0,0
8313,0.86362209066176,0.6626,0,0
8314,0.8636226694993,0.6628,0,0
8315,0.86362324833661,0.663,0,0
8316,0.8636238271737,0.6632,0,0
8317,0.86362440601056,0.6634,0,0
8318,0.86362498484719,0.6636,0,0
8319,0.8636255636836,0.6638,0,0
8320,0.86362614251978,0.664,0,0
8321,0.86362672135574,0.6642,0,0
8322,0.86362730019147,0.6644,0,0
8323,0.86362787902698,0.6646,0,0
8324,0.86362845786226,0.6648,0,0
8325,0.86362903669731,0.665,0,0
8326,0.86362961553214,0.6652,0,0
8327,0.86363019436674,0.6654,0,0
8328,0.86363077320112,0.6656,0,0
8329,0.86363135203527,0.6658,0,0
8330,0.8636319308692,0.666,0,0
8331,0.8636325097029,0.6662,0,0
8332,0.86363308853637,0.6664,0,0
8333,0.86363366736962,0.6666,0,0
8334,0.86363424620264,0.6668,0,0
8335,0.86363482503544,0.667,0,0
8336,0.86363540386801,0.6672,0,0
8337,0.86363598270036,0.6674,0,0
8338,0.86363656153248,0.6676,0,0
8339,0.86363714036437,0.6678,0,0
8340,0.86363771919604,0.668,0,0
8341,0.86363829802748,0.6682,0,0
8342,0.8636388768587,0.6684,0,0
8343,0.86363945568969,0.6686,0,0
8344,0.86364003452046,0.6688,0,0
8345,0.863640613351,0.669,0,0
8346,0.86364119218131,0.6692,0,0
8347,0.8636417710114,0.6694,0,0
8348,0.86364234984126,0.6696,0,0
8349,0.8636429286709,0.6698,0,0
8350,0.86364350750031,0.67,0,0
8351,0.86364408632949,0.6702,0,0
8352,0.86364466515845,0.6704,0,0
8353,0.86364524398719,0.6706,0,0
8354,0.8636458228157,0.6708,0,0
8355,0.86364640164398,0.671,0,0
8356,0.86364698047204,0.6712,0,0
8357,0.86364755929987,0.6714,0,0
8358,0.86364813812747,0.6716,0,0
8359,0.86364871695485,0.6718,0,0
8360,0.86364929578201,0.672,0,0
8361,0.86364987460894,0.6722,0,0
8362,0.86365045343564,0.6724,0,0
8363,0.86365103226212,0.6726,0,0
8364,0.86365161108837,0.6728,0,0
8365,0.86365218991439,0.673,0,0
8366,0.86365276874019,0.6732,0,0
8367,0.86365334756577,0.6734,0,0
8368,0.86365392639111,0.6736,0,0
8369,0.86365450521624,0.6738,0,0
8370,0.86365508404113,0.674,0,0
8371,0.8636556628658,0.6742,0,0
8372,0.86365624169025,0.6744,0,0
8373,0.86365682051447,0.6746,0,0
8374,0.86365739933846,0.6748,0,0
8375,0.86365797816223,0.675,0,0
8376,0.86365855698577,0.6752,0,0
8377,0.86365913580909,0.6754,0,0
8378,0.86365971463218,0.6756,0,0
8379,0.86366029345505,0.6758,0,0
8380,0.86366087227769,0.676,0,0
8381,0.8636614511001,0.6762,0,0
8382,0.86366202992229,0.6764,0,0
8383,0.86366260874425,0.6766,0,0
8384,0.86366318756599,0.6768,0,0
8385,0.8636637663875,0.677,0,0
8386,0.86366434520878,0.6772,0,0
8387,0.86366492402984,0.6774,0,0
8388,0.86366550285068,0.6776,0,0
8389,0.86366608167129,0.6778,0,0
8390,0.86366666049167,0.678,0,0
8391,0.86366723931182,0.6782,0,0
8392,0.86366781813175,0.6784,0,0
8393,0.86366839695146,0.6786,0,0
8394,0.86366897577094,0.6788,0,0
8395,0.86366955459019,0.679,0,0
8396,0.86367013340922,0.6792,0,0
8397,0.86367071222802,0.6794,0,0
8398,0.8636712910466,0.6796,0,0
8399,0.86367186986495,0.6798,0,0
8400,0.86367244868308,0.68,0,0
8401,0.86367302750097,0.6802,0,0
8402,0.86367360631865,0.6804,0,0
8403,0.8636741851361,0.6806,0,0
8404,0.86367476395332,0.6808,0,0
8405,0.86367534277031,0.681,0,0
8406,0.86367592158708,0.6812,0,0
8407,0.86367650040363,0.6814,0,0
8408,0.86367707921995,0.6816,0,0
8409,0.86367765803604,0.6818,0,0
8410,0.86367823685191,0.682,0,0
8411,0.86367881566755,0.6822,0,0
8412,0.86367939448297,0.6824,0,0
8413,0.86367997329816,0.6826,0,0
8414,0.86368055211312,0.6828,0,0
8415,0.86368113092786,0.683,0,0
8416,0.86368170974237,0.6832,0,0
8417,0.86368228855666,0.6834,0,0
8418,0.86368286737072,0.6836,0,0
8419,0.86368344618456,0.6838,0,0
8420,0.86368402499817,0.684,0,0
8421,0.86368460381155,0.6842,0,0
8422,0.86368518262471,0.6844,0,0
8423,0.86368576143764,0.6846,0,0
8424,0.86368634025035,0.6848,0,0
8425,0.86368691906283,0.685,0,0
8426,0.86368749787509,0.6852,0,0
8427,0.86368807668712,0.6854,0,0
8428,0.86368865549892,0.6856,0,0
8429,0.8636892343105,0.6858,0,0
8430,0.86368981312185,0.686,0,0
8431,0.86369039193298,0.6862,0,0
8432,0.86369097074388,0.6864,0,0
8433,0.86369154955456,0.6866,0,0
8434,0.86369212836501,0.6868,0,0
8435,0.86369270717523,0.687,0,0
8436,0.86369328598523,0.6872,0,0
8437,0.863693864795,0.6874,0,0
8438,0.86369444360455,0.6876,0,0
8439,0.86369502241387,0.6878,0,0
8440,0.86369560122297,0.688,0,0
8441,0.86369618003183,0.6882,0,0
8442,0.86369675884048,0.6884,0,0
8443,0.8636973376489,0.6886,0,0
8444,0.86369791645709,0.6888,0,0
8445,0.86369849526506,0.689,0,0
8446,0.8636990740728,0.6892,0,0
8447,0.86369965288031,0.6894,0,0
8448,0.8637002316876,0.6896,0,0
8449,0.86370081049466,0.6898,0,0
8450,0.8637013893015,0.69,0,0
8451,0.86370196810811,0.6902,0,0
8452,0.8637025469145,0.6904,0,0
8453,0.86370312572066,0.6906,0,0
8454,0.8637037045266,0.6908,0,0
8455,0.8637042833323,0.691,0,0
8456,0.86370486213779,0.6912,0,0
8457,0.86370544094304,0.6914,0,0
8458,0.86370601974808,0.6916,0,0
8459,0.86370659855288,0.6918,0,0
8460,0.86370717735746,0.692,0,0
8461,0.86370775616182,0.6922,0,0
8462,0.86370833496595,0.6924,0,0
8463,0.86370891376985,0.6926,0,0
8464,0.86370949257353,0.6928,0,0
8465,0.86371007137698,0.693,0,0
8466,0.8637106501802,0.6932,0,0
8467,0.8637112289832,0.6934,0,0
8468,0.86371180778598,0.6936,0,0
8469,0.86371238658853,0.6938,0,0
8470,0.86371296539085,0.694,0,0
8471,0.86371354419295,0.6942,0,0
8472,0.86371412299482,0.6944,0,0
8473,0.86371470179646,0.6946,0,0
8474,0.86371528059788,0.6948,0,0
8475,0.86371585939908,0.695,0,0
8476,0.86371643820004,0.6952,0,0
8477,0.86371701700079,0.6954,0,0
8478,0.8637175958013,0.6956,0,0
8479,0.86371817460159,0.6958,0,0
8480,0.86371875340166,0.696,0,0
8481,0.8637193322015,0.6962,0,0
8482,0.86371991100111,0.6964,0,0
8483,0.8637204898005,0.6966,0,0
8484,0.86372106859966,0.6968,0,0
8485,0.8637216473986,0.697,0,0
8486,0.86372222619731,0.6972,0,0
8487,0.86372280499579,0.6974,0,0
8488,0.86372338379405,0.6976,0,0
8489,0.86372396259209,0.6978,0,0
8490,0.86372454138989,0.698,0,0
8491,0.86372512018747,0.6982,0,0
8492,0.86372569898483,0.6984,0,0
8493,0.86372627778196,0.6986,0,0
8494,0.86372685657886,0.6988,0,0
8495,0.86372743537554,0.699,0,0
8496,0.863728014172,0.6992,0,0
8497,0.86372859296822,0.6994,0,0
8498,0.86372917176422,0.6996,0,0
8499,0.86372975056,0.6998,0,0
8500,0.86373032935555,0.7,0,0
8501,0.86373090815087,0.7002,0,0
8502,0.86373148694597,0.7004,0,0
8503,0.86373206574084,0.7006,0,0
8504,0.86373264453549,0.7008,0,0
8505,0.86373322332991,0.701,0,0
8506,0.86373380212411,0.7012,0,0
8507,0.86373438091808,0.7014,0,0
8508,0.86373495971182,0.7016,0,0
8509,0.86373553850534,0.7018,0,0
8510,0.86373611729863,0.702,0,0
8511,0.8637366960917,0.7022,0,0
8512,0.86373727488454,0.7024,0,0
8513,0.86373785367715,0.7026,0,0
8514,0.86373843246954,0.7028,0,0
8515,0.8637390112617,0.703,0,0
8516,0.86373959005364,0.7032,0,0
8517,0.86374016884535,0.7034,0,0
8518,0.86374074763684,0.7036,0,0
8519,0.8637413264281,0.7038,0,0
8520,0.86374190521913,0.704,0,0
8521,0.86374248400994,0.7042,0,0
8522,0.86374306280052,0.7044,0,0
8523,0.86374364159088,0.7046,0,0
8524,0.86374422038101,0.7048,0,0
8525,0.86374479917092,0.705,0,0
8526,0.8637453779606,0.7052,0,0
8527,0.86374595675005,0.7054,0,0
8528,0.86374653553928,0.7056,0,0
8529,0.86374711432828,0.7058,0,0
8530,0.86374769311706,0.706,0,0
8531,0.86374827190561,0.7062,0,0
8532,0.86374885069393,0.7064,0,0
8533,0.86374942948203,0.7066,0,0
8534,0.86375000826991,0.7068,0,0
8535,0.86375058705755,0.707,0,0
8536,0.86375116584498,0.7072,0,0
8537,0.86375174463217,0.7074,0,0
8538,0.86375232341914,0.7076,0,0
8539,0.86375290220589,0.7078,0,0
8540,0.86375348099241,0.708,0,0
8541,0.8637540597787,0.7082,0,0
8542,0.86375463856477,0.7084,0,0
8543,0.86375521735061,0.7086,0,0
8544,0.86375579613622,0.7088,0,0
8545,0.86375637492161,0.709,0,0
8546,0.86375695370678,0.7092,0,0
8547,0.86375753249172,0.7094,0,0
8548,0.86375811127643,0.7096,0,0
8549,0.86375869006091,0.7098,0,0
8550,0.86375926884518,0.71,0,0
8551,0.86375984762921,0.7102,0,0
8552,0.86376042641302,0.7104,0,0
8553,0.8637610051966,0.7106,0,0
8554,0.86376158397996,0.7108,0,0
8555,0.86376216276309,0.711,0,0
8556,0.863762741546,0.7112,0,0
8557,0.86376332032868,0.7114,0,0
8558,0.86376389911113,0.7116,0,0
8559,0.86376447789336,0.7118,0,0
8560,0.86376505667537,0.712,0,0
8561,0.86376563545714,0.7122,0,0
8562,0.8637662142387,0.7124,0,0
8563,0.86376679302002,0.7126,0,0
8564,0.86376737180112,0.7128,0,0
8565,0.86376795058199,0.713,0,0
8566,0.86376852936264,0.7132,0,0
8567,0.86376910814307,0.7134,0,0
8568,0.86376968692326,0.7136,0,0
8569,0.86377026570323,0.7138,0,0
8570,0.86377084448298,0.714,0,0
8571,0.8637714232625,0.7142,0,0
8572,0.86377200204179,0.7144,0,0
8573,0.86377258082086,0.7146,0,0
8574,0.8637731595997,0.7148,0,0
8575,0.86377373837832,0.715,0,0
8576,0.86377431715671,0.7152,0,0
8577,0.86377489593487,0.7154,0,0
8578,0.86377547471281,0.7156,0,0
8579,0.86377605349052,0.7158,0,0
8580,0.86377663226801,0.716,0,0
8581,0.86377721104527,0.7162,0,0
8582,0.86377778982231,0.7164,0,0
8583,0.86377836859912,0.7166,0,0
8584,0.8637789473757,0.7168,0,0
8585,0.86377952615206,0.717,0,0
8586,0.86378010492819,0.7172,0,0
8587,0.8637806837041,0.7174,0,0
8588,0.86378126247978,0.7176,0,0
8589,0.86378184125523,0.7178,0,0
8590,0.86378242003046,0.718,0,0
8591,0.86378299880547,0.7182,0,0
8592,0.86378357758024,0.7184,0,0
8593,0.8637841563548,0.7186,0,0
8594,0.86378473512912,0.7188,0,0
8595,0.86378531390322,0.719,0,0
8596,0.8637858926771,0.7192,0,0
8597,0.86378647145074,0.7194,0,0
8598,0.86378705022417,0.7196,0,0
8599,0.86378762899736,0.7198,0,0
8600,0.86378820777034,0.72,0,0
8601,0.86378878654308,0.7202,0,0
8602,0.8637893653156,0.7204,0,0
8603,0.86378994408789,0.7206,0,0
8604,0.86379052285996,0.7208,0,0
8605,0.8637911016318,0.721,0,0
8606,0.86379168040342,0.7212,0,0
8607,0.86379225917481,0.7214,0,0
8608,0.86379283794597,0.7216,0,0
8609,0.86379341671691,0.7218,0,0
8610,0.86379399548763,0.722,0,0
8611,0.86379457425811,0.7222,0,0
8612,0.86379515302838,0.7224,0,0
8613,0.86379573179841,0.7226,0,0
8614,0.86379631056822,0.7228,0,0
8615,0.8637968893378,0.723,0,0
8616,0.86379746810716,0.7232,0,0
8617,0.86379804687629,0.7234,0,0
8618,0.8637986256452,0.7236,0,0
8619,0.86379920441388,0.7238,0,0
8620,0.86379978318234,0.724,0,0
8621,0.86380036195057,0.7242,0,0
8622,0.86380094071857,0.7244,0,0
8623,0.86380151948635,0.7246,0,0
8624,0.8638020982539,0.7248,0,0
8625,0.86380267702122,0.725,0,0
8626,0.86380325578832,0.7252,0,0
8627,0.8638038345552,0.7254,0,0
8628,0.86380441332185,0.7256,0,0
8629,0.86380499208827,0.7258,0,0
8630,0.86380557085447,0.726,0,0
8631,0.86380614962044,0.7262,0,0
8632,0.86380672838618,0.7264,0,0
8633,0.8638073071517,0.7266,0,0
8634,0.86380788591699,0.7268,0,0
8635,0.86380846468206,0.727,0,0
8636,0.8638090434469,0.7272,0,0
8637,0.86380962221152,0.7274,0,0
8638,0.86381020097591,0.7276,0,0
8639,0.86381077974008,0.7278,0,0
8640,0.86381135850401,0.728,0,0
8641,0.86381193726773,0.7282,0,0
8642,0.86381251603121,0.7284,0,0
8643,0.86381309479447,0.7286,0,0
8644,0.86381367355751,0.7288,0,0
8645,0.86381425232032,0.729,0,0
8646,0.8638148310829,0.7292,0,0
8647,0.86381540984526,0.7294,0,0
8648,0.86381598860739,0.7296,0,0
8649,0.8638165673693,0.7298,0,0
8650,0.86381714613098,0.73,0,0
8651,0.86381772489243,0.7302,0,0
8652,0.86381830365366,0.7304,0,0
8653,0.86381888241466,0.7306,0,0
8654,0.86381946117544,0.7308,0,0
8655,0.86382003993599,0.731,0,0
8656,0.86382061869632,0.7312,0,0
8657,0.86382119745642,0.7314,0,0
8658,0.86382177621629,0.7316,0,0
8659,0.86382235497594,0.7318,0,0
8660,0.86382293373536,0.732,0,0
8661,0.86382351249456,0.7322,0,0
8662,0.86382409125353,0.7324,0,0
8663,0.86382467001227,0.7326,0,0
8664,0.86382524877079,0.7328,0,0
8665,0.86382582752908,0.733,0,0
8666,0.86382640628715,0.7332,0,0
8667,0.86382698504499,0.7334,0,0
8668,0.86382756380261,0.7336,0,0
8669,0.86382814256,0.7338,0,0
8670,0.86382872131716,0.734,0,0
8671,0.8638293000741,0.7342,0,0
8672,0.86382987883081,0.7344,0,0
8673,0.8638304575873,0.7346,0,0
8674,0.86383103634356,0.7348,0,0
8675,0.86383161509959,0.735,0,0
8676,0.8638321938554,0.7352,0,0
8677,0.86383277261098,0.7354,0,0
8678,0.86383335136634,0.7356,0,0
8679,0.86383393012147,0.7358,0,0
8680,0.86383450887638,0.736,0,0
8681,0.86383508763106,0.7362,0,0
8682,0.86383566638551,0.7364,0,0
8683,0.86383624513974,0.7366,0,0
8684,0.86383682389374,0.7368,0,0
8685,0.86383740264752,0.737,0,0
8686,0.86383798140107,0.7372,0,0
8687,0.86383856015439,0.7374,0,0
8688,0.86383913890749,0.7376,0,0
8689,0.86383971766036,0.7378,0,0
8690,0.86384029641301,0.738,0,0
8691,0.86384087516543,0.7382,0,0
8692,0.86384145391762,0.7384,0,0
8693,0.86384203266959,0.7386,0,0
8694,0.86384261142134,0.7388,0,0
8695,0.86384319017286,0.739,0,0
8696,0.86384376892415,0.7392,0,0
8697,0.86384434767521,0.7394,0,0
8698,0.86384492642605,0.7396,0,0
8699,0.86384550517667,0.7398,0,0
8700,0.86384608392706,0.74,0,0
8701,0.86384666267722,0.7402,0,0
8702,0.86384724142716,0.7404,0,0
8703,0.86384782017687,0.7406,0,0
8704,0.86384839892635,0.7408,0,0
8705,0.86384897767561,0.741,0,0
8706,0.86384955642464,0.7412,0,0
8707,0.86385013517345,0.7414,0,0
8708,0.86385071392203,0.7416,0,0
8709,0.86385129267039,0.7418,0,0
8710,0.86385187141852,0.742,0,0
8711,0.86385245016642,0.7422,0,0
8712,0.8638530289141,0.7424,0,0
8713,0.86385360766155,0.7426,0,0
8714,0.86385418640878,0.7428,0,0
8715,0.86385476515578,0.743,0,0
8716,0.86385534390256,0.7432,0,0
8717,0.8638559226491,0.7434,0,0
8718,0.86385650139543,0.7436,0,0
8719,0.86385708014152,0.7438,0,0
8720,0.8638576588874,0.744,0,0
8721,0.86385823763304,0.7442,0,0
8722,0.86385881637846,0.7444,0,0
8723,0.86385939512365,0.7446,0,0
8724,0.86385997386862,0.7448,0,0
8725,0.86386055261336,0.745,0,0
8726,0.86386113135788,0.7452,0,0
8727,0.86386171010217,0.7454,0,0
8728,0.86386228884624,0.7456,0,0
8729,0.86386286759007,0.7458,0,0
8730,0.86386344633369,0.746,0,0
8731,0.86386402507707,0.7462,0,0
8732,0.86386460382024,0.7464,0,0
8733,0.86386518256317,0.7466,0,0
8734,0.86386576130588,0.7468,0,0
8735,0.86386634004836,0.747,0,0
8736,0.86386691879062,0.7472,0,0
8737,0.86386749753265,0.7474,0,0
8738,0.86386807627446,0.7476,0,0
8739,0.86386865501604,0.7478,0,0
8740,0.86386923375739,0.748,0,0
8741,0.86386981249852,0.7482,0,0
8742,0.86387039123942,0.7484,0,0
8743,0.8638709699801,0.7486,0,0
8744,0.86387154872055,0.7488,0,0
8745,0.86387212746078,0.749,0,0
8746,0.86387270620077,0.7492,0,0
8747,0.86387328494055,0.7494,0,0
8748,0.86387386368009,0.7496,0,0
8749,0.86387444241942,0.7498,0,0
8750,0.86387502115851,0.75,0,0
8751,0.86387559989738,0.7502,0,0
8752,0.86387617863602,0.7504,0,0
8753,0.86387675737444,0.7506,0,0
8754,0.86387733611263,0.7508,0,0
8755,0.8638779148506,0.751,0,0
8756,0.86387849358834,0.7512,0,0
8757,0.86387907232586,0.7514,0,0
8758,0.86387965106314,0.7516,0,0
8759,0.86388022980021,0.7518,0,0
8760,0.86388080853704,0.752,0,0
8761,0.86388138727365,0.7522,0,0
8762,0.86388196601004,0.7524,0,0
8763,0.8638825447462,0.7526,0,0
8764,0.86388312348213,0.7528,0,0
8765,0.86388370221784,0.753,0,0
8766,0.86388428095332,0.7532,0,0
8767,0.86388485968858,0.7534,0,0
8768,0.86388543842361,0.7536,0,0
8769,0.86388601715841,0.7538,0,0
8770,0.86388659589299,0.754,0,0
8771,0.86388717462734,0.7542,0,0
8772,0.86388775336147,0.7544,0,0
8773,0.86388833209537,0.7546,0,0
8774,0.86388891082904,0.7548,0,0
8775,0.86388948956249,0.755,0,0
8776,0.86389006829571,0.7552,0,0
8777,0.86389064702871,0.7554,0,0
8778,0.86389122576148,0.7556,0,0
8779,0.86389180449402,0.7558,0,0
8780,0.86389238322634,0.756,0,0
8781,0.86389296195844,0.7562,0,0
8782,0.8638935406903,0.7564,0,0
8783,0.86389411942195,0.7566,0,0
8784,0.86389469815336,0.7568,0,0
8785,0.86389527688455,0.757,0,0
8786,0.86389585561551,0.7572,0,0
8787,0.86389643434625,0.7574,0,0
8788,0.86389701307676,0.7576,0,0
8789,0.86389759180705,0.7578,0,0
8790,0.86389817053711,0.758,0,0
8791,0.86389874926694,0.7582,0,0
8792,0.86389932799655,0.7584,0,0
8793,0.86389990672594,0.7586,0,0
8794,0.86390048545509,0.7588,0,0
8795,0.86390106418402,0.759,0,0
8796,0.86390164291273,0.7592,0,0
8797,0.86390222164121,0.7594,0,0
8798,0.86390280036946,0.7596,0,0
8799,0.86390337909749,0.7598,0,0
8800,0.86390395782529,0.76,0,0
8801,0.86390453655286,0.7602,0,0
8802,0.86390511528021,0.7604,0,0
8803,0.86390569400734,0.7606,0,0
8804,0.86390627273423,0.7608,0,0
8805,0.86390685146091,0.761,0,0
8806,0.86390743018735,0.7612,0,0
8807,0.86390800891357,0.7614,0,0
8808,0.86390858763957,0.7616,0,0
8809,0.86390916636534,0.7618,0,0
8810,0.86390974509088,0.762,0,0
8811,0.86391032381619,0.7622,0,0
8812,0.86391090254128,0.7624,0,0
8813,0.86391148126615,0.7626,0,0
8814,0.86391205999079,0.7628,0,0
8815,0.8639126387152,0.763,0,0
8816,0.86391321743939,0.7632,0,0
8817,0.86391379616335,0.7634,0,0
8818,0.86391437488708,0.7636,0,0
8819,0.86391495361059,0.7638,0,0
8820,0.86391553233388,0.764,0,0
8821,0.86391611105693,0.7642,0,0
8822,0.86391668977977,0.7644,0,0
8823,0.86391726850237,0.7646,0,0
8824,0.86391784722475,0.7648,0,0
8825,0.8639184259469,0.765,0,0
8826,0.86391900466883,0.7652,0,0
8827,0.86391958339053,0.7654,0,0
8828,0.86392016211201,0.7656,0,0
8829,0.86392074083326,0.7658,0,0
8830,0.86392131955429,0.766,0,0
8831,0.86392189827508,0.7662,0,0
8832,0.86392247699566,0.7664,0,0
8833,0.863923055716,0.7666,0,0
8834,0.86392363443612,0.7668,0,0
8835,0.86392421315602,0.767,0,0
8836,0.86392479187569,0.7672,0,0
8837,0.86392537059513,0.7674,0,0
8838,0.86392594931435,0.7676,0,0
8839,0.86392652803334,0.7678,0,0
8840,0.8639271067521,0.768,0,0
8841,0.86392768547064,0.7682,0,0
8842,0.86392826418896,0.7684,0,0
8843,0.86392884290704,0.7686,0,0
8844,0.8639294216249,0.7688,0,0
8845,0.86393000034254,0.769,0,0
8846,0.86393057905995,0.7692,0,0
8847,0.86393115777713,0.7694,0,0
8848,0.86393173649409,0.7696,0,0
8849,0.86393231521082,0.7698,0,0
8850,0.86393289392733,0.77,0,0
8851,0.86393347264361,0.7702,0,0
8852,0.86393405135966,0.7704,0,0
8853,0.86393463007549,0.7706,0,0
8854,0.86393520879109,0.7708,0,0
8855,0.86393578750647,0.771,0,0
8856,0.86393636622162,0.7712,0,0
8857,0.86393694493654,0.7714,0,0
8858,0.86393752365124,0.7716,0,0
8859,0.86393810236572,0.7718,0,0
8860,0.86393868107996,0.772,0,0
8861,0.86393925979398,0.7722,0,0
8862,0.86393983850778,0.7724,0,0
8863,0.86394041722135,0.7726,0,0
8864,0.86394099593469,0.7728,0,0
8865,0.86394157464781,0.773,0,0
8866,0.8639421533607,0.7732,0,0
8867,0.86394273207336,0.7734,0,0
8868,0.8639433107858,0.7736,0,0
8869,0.86394388949802,0.7738,0,0
8870,0.86394446821,0.774,0,0
8871,0.86394504692176,0.7742,0,0
8872,0.8639456256333,0.7744,0,0
8873,0.86394620434461,0.7746,0,0
8874,0.86394678305569,0.7748,0,0
8875,0.86394736176655,0.775,0,0
8876,0.86394794047718,0.7752,0,0
8877,0.86394851918759,0.7754,0,0
8878,0.86394909789777,0.7756,0,0
8879,0.86394967660772,0.7758,0,0
8880,0.86395025531745,0.776,0,0
8881,0.86395083402695,0.7762,0,0
8882,0.86395141273623,0.7764,0,0
8883,0.86395199144528,0.7766,0,0
8884,0.8639525701541,0.7768,0,0
8885,0.8639531488627,0.777,0,0
8886,0.86395372757108,0.7772,0,0
8887,0.86395430627922,0.7774,0,0
8888,0.86395488498714,0.7776,0,0
8889,0.86395546369484,0.7778,0,0
8890,0.86395604240231,0.778,0,0
8891,0.86395662110955,0.7782,0,0
8892,0.86395719981657,0.7784,0,0
8893,0.86395777852336,0.7786,0,0
8894,0.86395835722992,0.7788,0,0
8895,0.86395893593626,0.779,0,0
8896,0.86395951464237,0.7792,0,0
8897,0.86396009334826,0.7794,0,0
8898,0.86396067205392,0.7796,0,0
8899,0.86396125075936,0.7798,0,0
8900,0.86396182946457,0.78,0,0
8901,0.86396240816955,0.7802,0,0
8902,0.86396298687431,0.7804,0,0
8903,0.86396356557884,0.7806,0,0
8904,0.86396414428314,0.7808,0,0
8905,0.86396472298722,0.781,0,0
8906,0.86396530169108,0.7812,0,0
8907,0.86396588039471,0.7814,0,0
8908,0.86396645909811,0.7816,0,0
8909,0.86396703780128,0.7818,0,0
8910,0.86396761650423,0.782,0,0
8911,0.86396819520696,0.7822,0,0
8912,0.86396877390945,0.7824,0,0
8913,0.86396935261173,0.7826,0,0
8914,0.86396993131377,0.7828,0,0
8915,0.86397051001559,0.783,0,0
8916,0.86397108871719,0.7832,0,0
8917,0.86397166741856,0.7834,0,0
8918,0.8639722461197,0.7836,0,0
8919,0.86397282482061,0.7838,0,0
8920,0.8639734035213,0.784,0,0
8921,0.86397398222177,0.7842,0,0
8922,0.86397456092201,0.7844,0,0
8923,0.86397513962202,0.7846,0,0
8924,0.86397571832181,0.7848,0,0
8925,0.86397629702137,0.785,0,0
8926,0.8639768757207,0.7852,0,0
8927,0.86397745441981,0.7854,0,0
8928,0.86397803311869,0.7856,0,0
8929,0.86397861181735,0.7858,0,0
8930,0.86397919051578,0.786,0,0
8931,0.86397976921398,0.7862,0,0
8932,0.86398034791196,0.7864,0,0
8933,0.86398092660972,0.7866,0,0
8934,0.86398150530724,0.7868,0,0
8935,0.86398208400454,0.787,0,0
8936,0.86398266270162,0.7872,0,0
8937,0.86398324139847,0.7874,0,0
8938,0.86398382009509,0.7876,0,0
8939,0.86398439879149,0.7878,0,0
8940,0.86398497748766,0.788,0,0
8941,0.8639855561836,0.7882,0,0
8942,0.86398613487932,0.7884,0,0
8943,0.86398671357482,0.7886,0,0
8944,0.86398729227008,0.7888,0,0
8945,0.86398787096512,0.789,0,0
8946,0.86398844965994,0.7892,0,0
8947,0.86398902835453,0.7894,0,0
8948,0.86398960704889,0.7896,0,0
8949,0.86399018574303,0.7898,0,0
8950,0.86399076443694,0.79,0,0
8951,0.86399134313063,0.7902,0,0
8952,0.86399192182409,0.7904,0,0
8953,0.86399250051732,0.7906,0,0
8954,0.86399307921033,0.7908,0,0
8955,0.86399365790311,0.791,0,0
8956,0.86399423659566,0.7912,0,0
8957,0.86399481528799,0.7914,0,0
8958,0.8639953939801,0.7916,0,0
8959,0.86399597267197,0.7918,0,0
8960,0.86399655136363,0.792,0,0
8961,0.86399713005505,0.7922,0,0
8962,0.86399770874625,0.7924,0,0
8963,0.86399828743722,0.7926,0,0
8964,0.86399886612797,0.7928,0,0
8965,0.86399944481849,0.793,0,0
8966,0.86400002350879,0.7932,0,0
8967,0.86400060219886,0.7934,0,0
8968,0.8640011808887,0.7936,0,0
8969,0.86400175957832,0.7938,0,0
8970,0.86400233826771,0.794,0,0
8971,0.86400291695688,0.7942,0,0
8972,0.86400349564582,0.7944,0,0
8973,0.86400407433453,0.7946,0,0
8974,0.86400465302302,0.7948,0,0
8975,0.86400523171128,0.795,0,0
8976,0.86400581039932,0.7952,0,0
8977,0.86400638908713,0.7954,0,0
8978,0.86400696777471,0.7956,0,0
8979,0.86400754646207,0.7958,0,0
8980,0.8640081251492,0.796,0,0
8981,0.86400870383611,0.7962,0,0
8982,0.86400928252279,0.7964,0,0
8983,0.86400986120924,0.7966,0,0
8984,0.86401043989547,0.7968,0,0
8985,0.86401101858147,0.797,0,0
8986,0.86401159726725,0.7972,0,0
8987,0.8640121759528,0.7974,0,0
8988,0.86401275463812,0.7976,0,0
8989,0.86401333332322,0.7978,0,0
8990,0.86401391200809,0.798,0,0
8991,0.86401449069274,0.7982,0,0
8992,0.86401506937716,0.7984,0,0
8993,0.86401564806135,0.7986,0,0
8994,0.86401622674532,0.7988,0,0
8995,0.86401680542906,0.799,0,0
8996,0.86401738411258,0.7992,0,0
8997,0.86401796279587,0.7994,0,0
8998,0.86401854147893,0.7996,0,0
8999,0.86401912016177,0.7998,0,0
9000,0.86401969884438,0.8,0,0
9001,0.86402027752677,0.8002,0,0
9002,0.86402085620893,0.8004,0,0
9003,0.86402143489086,0.8006,0,0
9004,0.86402201357257,0.8008,0,0
9005,0.86402259225405,0.801,0,0
9006,0.86402317093531,0.8012,0,0
9007,0.86402374961634,0.8014,0,0
9008,0.86402432829714,0.8016,0,0
9009,0.86402490697772,0.8018,0,0
9010,0.86402548565807,0.802,0,0
9011,0.8640260643382,0.8022,0,0
9012,0.8640266430181,0.8024,0,0
9013,0.86402722169777,0.8026,0,0
9014,0.86402780037722,0.8028,0,0
9015,0.86402837905644,0.803,0,0
9016,0.86402895773544,0.8032,0,0
9017,0.86402953641421,0.8034,0,0
9018,0.86403011509275,0.8036,0,0
9019,0.86403069377107,0.8038,0,0
9020,0.86403127244916,0.804,0,0
9021,0.86403185112703,0.8042,0,0
9022,0.86403242980467,0.8044,0,0
9023,0.86403300848208,0.8046,0,0
9024,0.86403358715927,0.8048,0,0
9025,0.86403416583623,0.805,0,0
9026,0.86403474451297,0.8052,0,0
9027,0.86403532318948,0.8054,0,0
9028,0.86403590186576,0.8056,0,0
9029,0.86403648054182,0.8058,0,0
9030,0.86403705921765,0.806,0,0
9031,0.86403763789326,0.8062,0,0
9032,0.86403821656864,0.8064,0,0
9033,0.86403879524379,0.8066,0,0
9034,0.86403937391872,0.8068,0,0
9035,0.86403995259342,0.807,0,0
9036,0.86404053126789,0.8072,0,0
9037,0.86404110994214,0.8074,0,0
9038,0.86404168861617,0.8076,0,0
9039,0.86404226728996,0.8078,0,0
9040,0.86404284596354,0.808,0,0
9041,0.86404342463688,0.8082,0,0
9042,0.86404400331,0.8084,0,0
9043,0.86404458198289,0.8086,0,0
9044,0.86404516065556,0.8088,0,0
9045,0.864045739328,0.809,0,0
9046,0.86404631800022,0.8092,0,0
9047,0.86404689667221,0.8094,0,0
9048,0.86404747534397,0.8096,0,0
9049,0.86404805401551,0.8098,0,0
9050,0.86404863268682,0.81,0,0
9051,0.8640492113579,0.8102,0,0
9052,0.86404979002876,0.8104,0,0
9053,0.8640503686994,0.8106,0,0
9054,0.8640509473698,0.8108,0,0
9055,0.86405152603999,0.811,0,0
9056,0.86405210470994,0.8112,0,0
9057,0.86405268337967,0.8114,0,0
9058,0.86405326204917,0.8116,0,0
9059,0.86405384071845,0.8118,0,0
9060,0.8640544193875,0.812,0,0
9061,0.86405499805633,0.8122,0,0
9062,0.86405557672492,0.8124,0,0
9063,0.8640561553933,0.8126,0,0
9064,0.86405673406144,0.8128,0,0
9065,0.86405731272936,0.813,0,0
9066,0.86405789139706,0.8132,0,0
9067,0.86405847006453,0.8134,0,0
9068,0.86405904873177,0.8136,0,0
9069,0.86405962739879,0.8138,0,0
9070,0.86406020606558,0.814,0,0
9071,0.86406078473214,0.8142,0,0
9072,0.86406136339848,0.8144,0,0
9073,0.86406194206459,0.8146,0,0
9074,0.86406252073048,0.8148,0,0
9075,0.86406309939614,0.815,0,0
9076,0.86406367806157,0.8152,0,0
9077,0.86406425672678,0.8154,0,0
9078,0.86406483539177,0.8156,0,0
9079,0.86406541405652,0.8158,0,0
9080,0.86406599272105,0.816,0,0
9081,0.86406657138536,0.8162,0,0
9082,0.86406715004943,0.8164,0,0
9083,0.86406772871329,0.8166,0,0
9084,0.86406830737691,0.8168,0,0
9085,0.86406888604031,0.817,0,0
9086,0.86406946470349,0.8172,0,0
9087,0.86407004336643,0.8174,0,0
9088,0.86407062202915,0.8176,0,0
9089,0.86407120069165,0.8178,0,0
9090,0.86407177935392,0.818,0,0
9091,0.86407235801596,0.8182,0,0
9092,0.86407293667778,0.8184,0,0
9093,0.86407351533937,0.8186,0,0
9094,0.86407409400074,0.8188,0,0
9095,0.86407467266188,0.819,0,0
9096,0.86407525132279,0.8192,0,0
9097,0.86407582998348,0.8194,0,0
9098,0.86407640864394,0.8196,0,0
9099,0.86407698730417,0.8198,0,0
9100,0.86407756596418,0.82,0,0
9101,0.86407814462397,0.8202,0,0
9102,0.86407872328352,0.8204,0,0
9103,0.86407930194285,0.8206,0,0
9104,0.86407988060196,0.8208,0,0
9105,0.86408045926084,0.821,0,0
9106,0.86408103791949,0.8212,0,0
9107,0.86408161657792,0.8214,0,0
9108,0.86408219523612,0.8216,0,0
9109,0.86408277389409,0.8218,0,0
9110,0.86408335255184,0.822,0,0
9111,0.86408393120936,0.8222,0,0
9112,0.86408450986666,0.8224,0,0
9113,0.86408508852373,0.8226,0,0
9114,0.86408566718057,0.8228,0,0
9115,0.86408624583719,0.823,0,0
9116,0.86408682449358,0.8232,0,0
9117,0.86408740314975,0.8234,0,0
9118,0.86408798180569,0.8236,0,0
9119,0.8640885604614,0.8238,0,0
9120,0.86408913911689,0.824,0,0
9121,0.86408971777215,0.8242,0,0
9122,0.86409029642719,0.8244,0,0
9123,0.864090875082,0.8246,0,0
9124,0.86409145373658,0.8248,0,0
9125,0.86409203239094,0.825,0,0
9126,0.86409261104507,0.8252,0,0
9127,0.86409318969898,0.8254,0,0
9128,0.86409376835266,0.8256,0,0
9129,0.86409434700611,0.8258,0,0
9130,0.86409492565933,0.826,0,0
9131,0.86409550431234,0.8262,0,0
9132,0.86409608296511,0.8264,0,0
9133,0.86409666161766,0.8266,0,0
9134,0.86409724026998,0.8268,0,0
9135,0.86409781892208,0.827,0,0
9136,0.86409839757395,0.8272,0,0
9137,0.86409897622559,0.8274,0,0
9138,0.86409955487701,0.8276,0,0
9139,0.8641001335282,0.8278,0,0
9140,0.86410071217917,0.828,0,0
9141,0.86410129082991,0.8282,0,0
9142,0.86410186948043,0.8284,0,0
9143,0.86410244813071,0.8286,0,0
9144,0.86410302678077,0.8288,0,0
9145,0.86410360543061,0.829,0,0
9146,0.86410418408022,0.8292,0,0
9147,0.8641047627296,0.8294,0,0
9148,0.86410534137876,0.8296,0,0
9149,0.86410592002769,0.8298,0,0
9150,0.8641064986764,0.83,0,0
9151,0.86410707732488,0.8302,0,0
9152,0.86410765597313,0.8304,0,0
9153,0.86410823462116,0.8306,0,0
9154,0.86410881326896,0.8308,0,0
9155,0.86410939191653,0.831,0,0
9156,0.86410997056388,0.8312,0,0
9157,0.864110549211,0.8314,0,0
9158,0.8641111278579,0.8316,0,0
9159,0.86411170650457,0.8318,0,0
9160,0.86411228515102,0.832,0,0
9161,0.86411286379723,0.8322,0,0
9162,0.86411344244323,0.8324,0,0
9163,0.86411402108899,0.8326,0,0
9164,0.86411459973453,0.8328,0,0
9165,0.86411517837985,0.833,0,0
9166,0.86411575702493,0.8332,0,0
9167,0.8641163356698,0.8334,0,0
9168,0.86411691431443,0.8336,0,0
9169,0.86411749295884,0.8338,0,0
9170,0.86411807160303,0.834,0,0
9171,0.86411865024698,0.8342,0,0
9172,0.86411922889071,0.8344,0,0
9173,0.86411980753422,0.8346,0,0
9174,0.8641203861775,0.8348,0,0
9175,0.86412096482055,0.835,0,0
9176,0.86412154346338,0.8352,0,0
9177,0.86412212210598,0.8354,0,0
9178,0.86412270074835,0.8356,0,0
9179,0.8641232793905,0.8358,0,0
9180,0.86412385803242,0.836,0,0
9181,0.86412443667412,0.8362,0,0
9182,0.86412501531559,0.8364,0,0
9183,0.86412559395683,0.8366,0,0
9184,0.86412617259785,0.8368,0,0
9185,0.86412675123864,0.837,0,0
9186,0.86412732987921,0.8372,0,0
9187,0.86412790851955,0.8374,0,0
9188,0.86412848715966,0.8376,0,0
9189,0.86412906579955,0.8378,0,0
9190,0.86412964443921,0.838,0,0
9191,0.86413022307865,0.8382,0,0
9192,0.86413080171786,0.8384,0,0
9193,0.86413138035684,0.8386,0,0
9194,0.8641319589956,0.8388,0,0
9195,0.86413253763413,0.839,0,0
9196,0.86413311627243,0.8392,0,0
9197,0.86413369491051,0.8394,0,0
9198,0.86413427354836,0.8396,0,0
9199,0.86413485218599,0.8398,0,0
9200,0.86413543082339,0.84,0,0
9201,0.86413600946056,0.8402,0,0
9202,0.86413658809751,0.8404,0,0
9203,0.86413716673423,0.8406,0,0
9204,0.86413774537073,0.8408,0,0
9205,0.864138324007,0.841,0,0
9206,0.86413890264304,0.8412,0,0
9207,0.86413948127886,0.8414,0,0
9208,0.86414005991445,0.8416,0,0
9209,0.86414063854981,0.8418,0,0
9210,0.86414121718495,0.842,0,0
9211,0.86414179581986,0.8422,0,0
9212,0.86414237445455,0.8424,0,0
9213,0.86414295308901,0.8426,0,0
9214,0.86414353172325,0.8428,0,0
9215,0.86414411035725,0.843,0,0
9216,0.86414468899104,0.8432,0,0
9217,0.86414526762459,0.8434,0,0
9218,0.86414584625792,0.8436,0,0
9219,0.86414642489103,0.8438,0,0
9220,0.8641470035239,0.844,0,0
9221,0.86414758215655,0.8442,0,0
9222,0.86414816078898,0.8444,0,0
9223,0.86414873942118,0.8446,0,0
9224,0.86414931805315,0.8448,0,0
9225,0.8641498966849,0.845,0,0
9226,0.86415047531642,0.8452,0,0
9227,0.86415105394771,0.8454,0,0
9228,0.86415163257878,0.8456,0,0
9229,0.86415221120962,0.8458,0,0
9230,0.86415278984024,0.846,0,0
9231,0.86415336847063,0.8462,0,0
9232,0.8641539471008,0.8464,0,0
9233,0.86415452573073,0.8466,0,0
9234,0.86415510436044,0.8468,0,0
9235,0.86415568298993,0.847,0,0
9236,0.86415626161919,0.8472,0,0
9237,0.86415684024822,0.8474,0,0
9238,0.86415741887703,0.8476,0,0
9239,0.86415799750561,0.8478,0,0
9240,0.86415857613397,0.848,0,0
9241,0.86415915476209,0.8482,0,0
9242,0.86415973339,0.8484,0,0
9243,0.86416031201767,0.8486,0,0
9244,0.86416089064512,0.8488,0,0
9245,0.86416146927235,0.849,0,0
9246,0.86416204789934,0.8492,0,0
9247,0.86416262652612,0.8494,0,0
9248,0.86416320515266,0.8496,0,0
9249,0.86416378377898,0.8498,0,0
9250,0.86416436240507,0.85,0,0
9251,0.86416494103094,0.8502,0,0
9252,0.86416551965658,0.8504,0,0
9253,0.864166098282,0.8506,0,0
9254,0.86416667690719,0.8508,0,0
9255,0.86416725553215,0.851,0,0
9256,0.86416783415688,0.8512,0,0
9257,0.86416841278139,0.8514,0,0
9258,0.86416899140568,0.8516,0,0
9259,0.86416957002974,0.8518,0,0
9260,0.86417014865357,0.852,0,0
9261,0.86417072727717,0.8522,0,0
9262,0.86417130590055,0.8524,0,0
9263,0.86417188452371,0.8526,0,0
9264,0.86417246314663,0.8528,0,0
9265,0.86417304176933,0.853,0,0
9266,0.86417362039181,0.8532,0,0
9267,0.86417419901406,0.8534,0,0
9268,0.86417477763608,0.8536,0,0
9269,0.86417535625788,0.8538,0,0
9270,0.86417593487945,0.854,0,0
9271,0.86417651350079,0.8542,0,0
9272,0.86417709212191,0.8544,0,0
9273,0.8641776707428,0.8546,0,0
9274,0.86417824936346,0.8548,0,0
9275,0.8641788279839,0.855,0,0
9276,0.86417940660412,0.8552,0,0
9277,0.8641799852241,0.8554,0,0
9278,0.86418056384386,0.8556,0,0
9279,0.8641811424634,0.8558,0,0
9280,0.86418172108271,0.856,0,0
9281,0.86418229970179,0.8562,0,0
9282,0.86418287832065,0.8564,0,0
9283,0.86418345693928,0.8566,0,0
9284,0.86418403555768,0.8568,0,0
9285,0.86418461417586,0.857,0,0
9286,0.86418519279381,0.8572,0,0
9287,0.86418577141153,0.8574,0,0
9288,0.86418635002903,0.8576,0,0
9289,0.8641869286463,0.8578,0,0
9290,0.86418750726335,0.858,0,0
9291,0.86418808588017,0.8582,0,0
9292,0.86418866449677,0.8584,0,0
9293,0.86418924311313,0.8586,0,0
9294,0.86418982172928,0.8588,0,0
9295,0.86419040034519,0.859,0,0
9296,0.86419097896088,0.8592,0,0
9297,0.86419155757634,0.8594,0,0
9298,0.86419213619158,0.8596,0,0
9299,0.86419271480659,0.8598,0,0
9300,0.86419329342138,0.86,0,0
9301,0.86419387203594,0.8602,0,0
9302,0.86419445065027,0.8604,0,0
9303,0.86419502926437,0.8606,0,0
9304,0.86419560787826,0.8608,0,0
9305,0.86419618649191,0.861,0,0
9306,0.86419676510534,0.8612,0,0
9307,0.86419734371854,0.8614,0,0
9308,0.86419792233151,0.8616,0,0
9309,0.86419850094426,0.8618,0,0
9310,0.86419907955679,0.862,0,0
9311,0.86419965816908,0.8622,0,0
9312,0.86420023678115,0.8624,0,0
9313,0.864200815393,0.8626,0,0
9314,0.86420139400462,0.8628,0,0
9315,0.86420197261601,0.863,0,0
9316,0.86420255122717,0.8632,0,0
9317,0.86420312983811,0.8634,0,0
9318,0.86420370844883,0.8636,0,0
9319,0.86420428705931,0.8638,0,0
9320,0.86420486566957,0.864,0,0
9321,0.86420544427961,0.8642,0,0
9322,0.86420602288942,0.8644,0,0
9323,0.864206601499,0.8646,0,0
9324,0.86420718010836,0.8648,0,0
9325,0.86420775871749,0.865,0,0
9326,0.86420833732639,0.8652,0,0
9327,0.86420891593507,0.8654,0,0
9328,0.86420949454352,0.8656,0,0
9329,0.86421007315174,0.8658,0,0
9330,0.86421065175974,0.866,0,0
9331,0.86421123036752,0.8662,0,0
9332,0.86421180897506,0.8664,0,0
9333,0.86421238758238,0.8666,0,0
9334,0.86421296618948,0.8668,0,0
9335,0.86421354479634,0.867,0,0
9336,0.86421412340299,0.8672,0,0
9337,0.8642147020094,0.8674,0,0
9338,0.86421528061559,0.8676,0,0
9339,0.86421585922155,0.8678,0,0
9340,0.86421643782729,0.868,0,0
9341,0.8642170164328,0.8682,0,0
9342,0.86421759503809,0.8684,0,0
9343,0.86421817364314,0.8686,0,0
9344,0.86421875224798,0.8688,0,0
9345,0.86421933085258,0.869,0,0
9346,0.86421990945696,0.8692,0,0
9347,0.86422048806111,0.8694,0,0
9348,0.86422106666504,0.8696,0,0
9349,0.86422164526874,0.8698,0,0
9350,0.86422222387222,0.87,0,0
9351,0.86422280247547,0.8702,0,0
9352,0.86422338107849,0.8704,0,0
9353,0.86422395968128,0.8706,0,0
9354,0.86422453828385,0.8708,0,0
9355,0.8642251168862,0.871,0,0
9356,0.86422569548831,0.8712,0,0
9357,0.86422627409021,0.8714,0,0
9358,0.86422685269187,0.8716,0,0
9359,0.86422743129331,0.8718,0,0
9360,0.86422800989452,0.872,0,0
9361,0.86422858849551,0.8722,0,0
9362,0.86422916709627,0.8724,0,0
9363,0.8642297456968,0.8726,0,0
9364,0.86423032429711,0.8728,0,0
9365,0.86423090289719,0.873,0,0
9366,0.86423148149705,0.8732,0,0
9367,0.86423206009668,0.8734,0,0
9368,0.86423263869608,0.8736,0,0
9369,0.86423321729525,0.8738,0,0
9370,0.8642337958942,0.874,0,0
9371,0.86423437449293,0.8742,0,0
9372,0.86423495309143,0.8744,0,0
9373,0.8642355316897,0.8746,0,0
9374,0.86423611028774,0.8748,0,0
9375,0.86423668888556,0.875,0,0
9376,0.86423726748315,0.8752,0,0
9377,0.86423784608052,0.8754,0,0
9378,0.86423842467766,0.8756,0,0
9379,0.86423900327458,0.8758,0,0
9380,0.86423958187126,0.876,0,0
9381,0.86424016046772,0.8762,0,0
9382,0.86424073906396,0.8764,0,0
9383,0.86424131765997,0.8766,0,0
9384,0.86424189625575,0.8768,0,0
9385,0.86424247485131,0.877,0,0
9386,0.86424305344664,0.8772,0,0
9387,0.86424363204174,0.8774,0,0
9388,0.86424421063662,0.8776,0,0
9389,0.86424478923127,0.8778,0,0
9390,0.8642453678257,0.878,0,0
9391,0.8642459464199,0.8782,0,0
9392,0.86424652501387,0.8784,0,0
9393,0.86424710360762,0.8786,0,0
9394,0.86424768220114,0.8788,0,0
9395,0.86424826079443,0.879,0,0
9396,0.8642488393875,0.8792,0,0
9397,0.86424941798034,0.8794,0,0
9398,0.86424999657296,0.8796,0,0
9399,0.86425057516535,0.8798,0,0
9400,0.86425115375751,0.88,0,0
9401,0.86425173234945,0.8802,0,0
9402,0.86425231094116,0.8804,0,0
9403,0.86425288953264,0.8806,0,0
9404,0.8642534681239,0.8808,0,0
9405,0.86425404671493,0.881,0,0
9406,0.86425462530574,0.8812,0,0
9407,0.86425520389631,0.8814,0,0
9408,0.86425578248667,0.8816,0,0
9409,0.86425636107679,0.8818,0,0
9410,0.86425693966669,0.882,0,0
9411,0.86425751825637,0.8822,0,0
9412,0.86425809684582,0.8824,0,0
9413,0.86425867543504,0.8826,0,0
9414,0.86425925402403,0.8828,0,0
9415,0.8642598326128,0.883,0,0
9416,0.86426041120134,0.8832,0,0
9417,0.86426098978966,0.8834,0,0
9418,0.86426156837775,0.8836,0,0
9419,0.86426214696562,0.8838,0,0
9420,0.86426272555325,0.884,0,0
9421,0.86426330414066,0.8842,0,0
9422,0.86426388272785,0.8844,0,0
9423,0.86426446131481,0.8846,0,0
9424,0.86426503990154,0.8848,0,0
9425,0.86426561848805,0.885,0,0
9426,0.86426619707433,0.8852,0,0
9427,0.86426677566038,0.8854,0,0
9428,0.86426735424621,0.8856,0,0
9429,0.86426793283181,0.8858,0,0
9430,0.86426851141719,0.886,0,0
9431,0.86426909000233,0.8862,0,0
9432,0.86426966858726,0.8864,0,0
9433,0.86427024717195,0.8866,0,0
9434,0.86427082575642,0.8868,0,0
9435,0.86427140434067,0.887,0,0
9436,0.86427198292468,0.8872,0,0
9437,0.86427256150847,0.8874,0,0
9438,0.86427314009204,0.8876,0,0
9439,0.86427371867538,0.8878,0,0
9440,0.86427429725849,0.888,0,0
9441,0.86427487584138,0.8882,0,0
9442,0.86427545442404,0.8884,0,0
9443,0.86427603300647,0.8886,0,0
9444,0.86427661158868,0.8888,0,0
9445,0.86427719017066,0.889,0,0
9446,0.86427776875241,0.8892,0,0
9447,0.86427834733394,0.8894,0,0
9448,0.86427892591524,0.8896,0,0
9449,0.86427950449632,0.8898,0,0
9450,0.86428008307717,0.89,0,0
9451,0.86428066165779,0.8902,0,0
9452,0.86428124023819,0.8904,0,0
9453,0.86428181881836,0.8906,0,0
9454,0.8642823973983,0.8908,0,0
9455,0.86428297597802,0.891,0,0
9456,0.86428355455751,0.8912,0,0
9457,0.86428413313678,0.8914,0,0
9458,0.86428471171582,0.8916,0,0
9459,0.86428529029463,0.8918,0,0
9460,0.86428586887322,0.892,0,0
9461,0.86428644745158,0.8922,0,0
9462,0.86428702602971,0.8924,0,0
9463,0.86428760460762,0.8926,0,0
9464,0.8642881831853,0.8928,0,0
9465,0.86428876176275,0.893,0,0
9466,0.86428934033998,0.8932,0,0
9467,0.86428991891699,0.8934,0,0
9468,0.86429049749376,0.8936,0,0
9469,0.86429107607031,0.8938,0,0
9470,0.86429165464663,0.894,0,0
9471,0.86429223322273,0.8942,0,0
9472,0.8642928117986,0.8944,0,0
9473,0.86429339037425,0.8946,0,0
9474,0.86429396894967,0.8948,0,0
9475,0.86429454752486,0.895,0,0
9476,0.86429512609982,0.8952,0,0
9477,0.86429570467456,0.8954,0,0
9478,0.86429628324908,0.8956,0,0
9479,0.86429686182336,0.8958,0,0
9480,0.86429744039742,0.896,0,0
9481,0.86429801897126,0.8962,0,0
9482,0.86429859754487,0.8964,0,0
9483,0.86429917611825,0.8966,0,0
9484,0.8642997546914,0.8968,0,0
9485,0.86430033326433,0.897,0,0
9486,0.86430091183703,0.8972,0,0
9487,0.86430149040951,0.8974,0,0
9488,0.86430206898176,0.8976,0,0
9489,0.86430264755378,0.8978,0,0
9490,0.86430322612558,0.898,0,0
9491,0.86430380469715,0.8982,0,0
9492,0.8643043832685,0.8984,0,0
9493,0.86430496183962,0.8986,0,0
9494,0.86430554041051,0.8988,0,0
9495,0.86430611898117,0.899,0,0
9496,0.86430669755161,0.8992,0,0
9497,0.86430727612183,0.8994,0,0
9498,0.86430785469181,0.8996,0,0
9499,0.86430843326157,0.8998,0,0
9500,0.86430901183111,0.9,0,0
9501,0.86430959040041,0.9002,0,0
9502,0.8643101689695,0.9004,0,0
9503,0.86431074753835,0.9006,0,0
9504,0.86431132610698,0.9008,0,0
9505,0.86431190467538,0.901,0,0
9506,0.86431248324356,0.9012,0,0
9507,0.86431306181151,0.9014,0,0
9508,0.86431364037923,0.9016,0,0
9509,0.86431421894673,0.9018,0,0
9510,0.864314797514,0.902,0,0
9511,0.86431537608105,0.9022,0,0
9512,0.86431595464786,0.9024,0,0
9513,0.86431653321446,0.9026,0,0
9514,0.86431711178082,0.9028,0,0
9515,0.86431769034696,0.903,0,0
9516,0.86431826891287,0.9032,0,0
9517,0.86431884747856,0.9034,0,0
9518,0.86431942604402,0.9036,0,0
9519,0.86432000460925,0.9038,0,0
9520,0.86432058317426,0.904,0,0
9521,0.86432116173904,0.9042,0,0
9522,0.8643217403036,0.9044,0,0
9523,0.86432231886793,0.9046,0,0
9524,0.86432289743203,0.9048,0,0
9525,0.86432347599591,0.905,0,0
9526,0.86432405455955,0.9052,0,0
9527,0.86432463312298,0.9054,0,0
9528,0.86432521168617,0.9056,0,0
9529,0.86432579024915,0.9058,0,0
9530,0.86432636881189,0.906,0,0
9531,0.86432694737441,0.9062,0,0
9532,0.8643275259367,0.9064,0,0
9533,0.86432810449876,0.9066,0,0
9534,0.8643286830606,0.9068,0,0
9535,0.86432926162222,0.907,0,0
9536,0.8643298401836,0.9072,0,0
9537,0.86433041874476,0.9074,0,0
9538,0.86433099730569,0.9076,0,0
9539,0.8643315758664,0.9078,0,0
9540,0.86433215442688,0.908,0,0
9541,0.86433273298714,0.9082,0,0
9542,0.86433331154716,0.9084,0,0
9543,0.86433389010697,0.9086,0,0
9544,0.86433446866654,0.9088,0,0
9545,0.86433504722589,0.909,0,0
9546,0.86433562578501,0.9092,0,0
9547,0.86433620434391,0.9094,0,0
9548,0.86433678290258,0.9096,0,0
9549,0.86433736146102,0.9098,0,0
9550,0.86433794001924,0.91,0,0
9551,0.86433851857723,0.9102,0,0
9552,0.864339097135,0.9104,0,0
9553,0.86433967569253,0.9106,0,0
9554,0.86434025424985,0.9108,0,0
9555,0.86434083280693,0.911,0,0
9556,0.86434141136379,0.9112,0,0
9557,0.86434198992042,0.9114,0,0
9558,0.86434256847683,0.9116,0,0
9559,0.86434314703301,0.9118,0,0
9560,0.86434372558896,0.912,0,0
9561,0.86434430414469,0.9122,0,0
9562,0.86434488270019,0.9124,0,0
9563,0.86434546125546,0.9126,0,0
9564,0.86434603981051,0.9128,0,0
9565,0.86434661836533,0.913,0,0
9566,0.86434719691993,0.9132,0,0
9567,0.8643477754743,0.9134,0,0
9568,0.86434835402844,0.9136,0,0
9569,0.86434893258236,0.9138,0,0
9570,0.86434951113605,0.914,0,0
9571,0.86435008968951,0.9142,0,0
9572,0.86435066824275,0.9144,0,0
9573,0.86435124679576,0.9146,0,0
9574,0.86435182534854,0.9148,0,0
9575,0.8643524039011,0.915,0,0
9576,0.86435298245343,0.9152,0,0
9577,0.86435356100554,0.9154,0,0
9578,0.86435413955742,0.9156,0,0
9579,0.86435471810907,0.9158,0,0
9580,0.8643552966605,0.916,0,0
9581,0.8643558752117,0.9162,0,0
9582,0.86435645376267,0.9164,0,0
9583,0.86435703231342,0.9166,0,0
9584,0.86435761086394,0.9168,0,0
9585,0.86435818941423,0.917,0,0
9586,0.8643587679643,0.9172,0,0
9587,0.86435934651414,0.9174,0,0
9588,0.86435992506376,0.9176,0,0
9589,0.86436050361314,0.9178,0,0
9590,0.86436108216231,0.918,0,0
9591,0.86436166071124,0.9182,0,0
9592,0.86436223925995,0.9184,0,0
9593,0.86436281780843,0.9186,0,0
9594,0.86436339635669,0.9188,0,0
9595,0.86436397490472,0.919,0,0
9596,0.86436455345253,0.9192,0,0
9597,0.8643651320001,0.9194,0,0
9598,0.86436571054745,0.9196,0,0
9599,0.86436628909458,0.9198,0,0
9600,0.86436686764148,0.92,0,0
9601,0.86436744618815,0.9202,0,0
9602,0.8643680247346,0.9204,0,0
9603,0.86436860328081,0.9206,0,0
9604,0.86436918182681,0.9208,0,0
9605,0.86436976037257,0.921,0,0
9606,0.86437033891811,0.9212,0,0
9607,0.86437091746343,0.9214,0,0
9608,0.86437149600851,0.9216,0,0
9609,0.86437207455338,0.9218,0,0
9610,0.86437265309801,0.922,0,0
9611,0.86437323164242,0.9222,0,0
9612,0.8643738101866,0.9224,0,0
9613,0.86437438873055,0.9226,0,0
9614,0.86437496727428,0.9228,0,0
9615,0.86437554581779,0.923,0,0
9616,0.86437612436106,0.9232,0,0
9617,0.86437670290411,0.9234,0,0
9618,0.86437728144693,0.9236,0,0
9619,0.86437785998953,0.9238,0,0
9620,0.8643784385319,0.924,0,0
9621,0.86437901707405,0.9242,0,0
9622,0.86437959561596,0.9244,0,0
9623,0.86438017415765,0.9246,0,0
9624,0.86438075269912,0.9248,0,0
9625,0.86438133124036,0.925,0,0
9626,0.86438190978137,0.9252,0,0
9627,0.86438248832216,0.9254,0,0
9628,0.86438306686271,0.9256,0,0
9629,0.86438364540305,0.9258,0,0
9630,0.86438422394315,0.926,0,0
9631,0.86438480248303,0.9262,0,0
9632,0.86438538102269,0.9264,0,0
9633,0.86438595956211,0.9266,0,0
9634,0.86438653810131,0.9268,0,0
9635,0.86438711664029,0.927,0,0
9636,0.86438769517904,0.9272,0,0
9637,0.86438827371756,0.9274,0,0
9638,0.86438885225585,0.9276,0,0
9639,0.86438943079392,0.9278,0,0
9640,0.86439000933176,0.928,0,0
9641,0.86439058786938,0.9282,0,0
9642,0.86439116640677,0.9284,0,0
9643,0.86439174494393,0.9286,0,0
9644,0.86439232348087,0.9288,0,0
9645,0.86439290201758,0.929,0,0
9646,0.86439348055406,0.9292,0,0
9647,0.86439405909032,0.9294,0,0
9648,0.86439463762635,0.9296,0,0
9649,0.86439521616215,0.9298,0,0
9650,0.86439579469773,0.93,0,0
9651,0.86439637323308,0.9302,0,0
9652,0.86439695176821,0.9304,0,0
9653,0.86439753030311,0.9306,0,0
9654,0.86439810883778,0.9308,0,0
9655,0.86439868737222,0.931,0,0
9656,0.86439926590644,0.9312,0,0
9657,0.86439984444044,0.9314,0,0
9658,0.8644004229742,0.9316,0,0
9659,0.86440100150774,0.9318,0,0
9660,0.86440158004105,0.932,0,0
9661,0.86440215857414,0.9322,0,0
9662,0.864402737107,0.9324,0,0
9663,0.86440331563964,0.9326,0,0
9664,0.86440389417204,0.9328,0,0
9665,0.86440447270423,0.933,0,0
9666,0.86440505123618,0.9332,0,0
9667,0.86440562976791,0.9334,0,0
9668,0.86440620829941,0.9336,0,0
9669,0.86440678683069,0.9338,0,0
9670,0.86440736536174,0.934,0,0
9671,0.86440794389256,0.9342,0,0
9672,0.86440852242315,0.9344,0,0
9673,0.86440910095352,0.9346,0,0
9674,0.86440967948367,0.9348,0,0
9675,0.86441025801358,0.935,0,0
9676,0.86441083654327,0.9352,0,0
9677,0.86441141507274,0.9354,0,0
9678,0.86441199360198,0.9356,0,0
9679,0.86441257213099,0.9358,0,0
9680,0.86441315065977,0.936,0,0
9681,0.86441372918833,0.9362,0,0
9682,0.86441430771666,0.9364,0,0
9683,0.86441488624477,0.9366,0,0
9684,0.86441546477265,0.9368,0,0
9685,0.8644160433003,0.937,0,0
9686,0.86441662182772,0.9372,0,0
9687,0.86441720035492,0.9374,0,0
9688,0.8644177788819,0.9376,0,0
9689,0.86441835740864,0.9378,0,0
9690,0.86441893593516,0.938,0,0
9691,0.86441951446146,0.9382,0,0
9692,0.86442009298752,0.9384,0,0
9693,0.86442067151336,0.9386,0,0
9694,0.86442125003898,0.9388,0,0
9695,0.86442182856437,0.939,0,0
9696,0.86442240708953,0.9392,0,0
9697,0.86442298561446,0.9394,0,0
9698,0.86442356413917,0.9396,0,0
9699,0.86442414266365,0.9398,0,0
9700,0.86442472118791,0.94,0,0
9701,0.86442529971194,0.9402,0,0
9702,0.86442587823574,0.9404,0,0
9703,0.86442645675932,0.9406,0,0
9704,0.86442703528266,0.9408,0,0
9705,0.86442761380579,0.941,0,0
9706,0.86442819232868,0.9412,0,0
9707,0.86442877085135,0.9414,0,0
9708,0.8644293493738,0.9416,0,0
9709,0.86442992789602,0.9418,0,0
9710,0.86443050641801,0.942,0,0
9711,0.86443108493977,0.9422,0,0
9712,0.86443166346131,0.9424,0,0
9713,0.86443224198262,0.9426,0,0
9714,0.8644328205037,0.9428,0,0
9715,0.86443339902456,0.943,0,0
9716,0.8644339775452,0.9432,0,0
9717,0.8644345560656,0.9434,0,0
9718,0.86443513458578,0.9436,0,0
9719,0.86443571310573,0.9438,0,0
9720,0.86443629162546,0.944,0,0
9721,0.86443687014496,0.9442,0,0
9722,0.86443744866423,0.9444,0,0
9723,0.86443802718328,0.9446,0,0
9724,0.8644386057021,0.9448,0,0
9725,0.86443918422069,0.945,0,0
9726,0.86443976273906,0.9452,0,0
9727,0.8644403412572,0.9454,0,0
9728,0.86444091977511,0.9456,0,0
9729,0.8644414982928,0.9458,0,0
9730,0.86444207681026,0.946,0,0
9731,0.8644426553275,0.9462,0,0
9732,0.8644432338445,0.9464,0,0
9733,0.86444381236128,0.9466,0,0
9734,0.86444439087784,0.9468,0,0
9735,0.86444496939417,0.947,0,0
9736,0.86444554791027,0.9472,0,0
9737,0.86444612642615,0.9474,0,0
9738,0.8644467049418,0.9476,0,0
9739,0.86444728345722,0.9478,0,0
9740,0.86444786197241,0.948,0,0
9741,0.86444844048738,0.9482,0,0
9742,0.86444901900213,0.9484,0,0
9743,0.86444959751664,0.9486,0,0
9744,0.86445017603093,0.9488,0,0
9745,0.864450754545,0.949,0,0
9746,0.86445133305884,0.9492,0,0
9747,0.86445191157245,0.9494,0,0
9748,0.86445249008583,0.9496,0,0
9749,0.86445306859899,0.9498,0,0
9750,0.86445364711192,0.95,0,0
9751,0.86445422562462,0.9502,0,0
9752,0.8644548041371,0.9504,0,0
9753,0.86445538264935,0.9506,0,0
9754,0.86445596116138,0.9508,0,0
9755,0.86445653967318,0.951,0,0
9756,0.86445711818475,0.9512,0,0
9757,0.86445769669609,0.9514,0,0
9758,0.86445827520721,0.9516,0,0
9759,0.86445885371811,0.9518,0,0
9760,0.86445943222877,0.952,0,0
9761,0.86446001073921,0.9522,0,0
9762,0.86446058924943,0.9524,0,0
9763,0.86446116775941,0.9526,0,0
9764,0.86446174626917,0.9528,0,0
9765,0.86446232477871,0.953,0,0
9766,0.86446290328801,0.9532,0,0
9767,0.86446348179709,0.9534,0,0
9768,0.86446406030595,0.9536,0,0
9769,0.86446463881457,0.9538,0,0
9770,0.86446521732298,0.954,0,0
9771,0.86446579583115,0.9542,0,0
9772,0.8644663743391,0.9544,0,0
9773,0.86446695284682,0.9546,0,0
9774,0.86446753135431,0.9548,0,0
9775,0.86446810986158,0.955,0,0
9776,0.86446868836862,0.9552,0,0
9777,0.86446926687544,0.9554,0,0
9778,0.86446984538203,0.9556,0,0
9779,0.86447042388839,0.9558,0,0
9780,0.86447100239453,0.956,0,0
9781,0.86447158090044,0.9562,0,0
9782,0.86447215940612,0.9564,0,0
9783,0.86447273791157,0.9566,0,0
9784,0.8644733164168,0.9568,0,0
9785,0.86447389492181,0.957,0,0
9786,0.86447447342658,0.9572,0,0
9787,0.86447505193113,0.9574,0,0
9788,0.86447563043546,0.9576,0,0
9789,0.86447620893955,0.9578,0,0
9790,0.86447678744343,0.958,0,0
9791,0.86447736594707,0.9582,0,0
9792,0.86447794445049,0.9584,0,0
9793,0.86447852295368,0.9586,0,0
9794,0.86447910145664,0.9588,0,0
9795,0.86447967995938,0.959,0,0
9796,0.86448025846189,0.9592,0,0
9797,0.86448083696418,0.9594,0,0
9798,0.86448141546623,0.9596,0,0
9799,0.86448199396807,0.9598,0,0
9800,0.86448257246967,0.96,0,0
9801,0.86448315097105,0.9602,0,0
9802,0.8644837294722,0.9604,0,0
9803,0.86448430797313,0.9606,0,0
9804,0.86448488647382,0.9608,0,0
9805,0.8644854649743,0.961,0,0
9806,0.86448604347454,0.9612,0,0
9807,0.86448662197456,0.9614,0,0
9808,0.86448720047436,0.9616,0,0
9809,0.86448777897392,0.9618,0,0
9810,0.86448835747326,0.962,0,0
9811,0.86448893597237,0.9622,0,0
9812,0.86448951447126,0.9624,0,0
9813,0.86449009296992,0.9626,0,0
9814,0.86449067146835,0.9628,0,0
9815,0.86449124996656,0.963,0,0
9816,0.86449182846454,0.9632,0,0
9817,0.86449240696229,0.9634,0,0
9818,0.86449298545982,0.9636,0,0
9819,0.86449356395712,0.9638,0,0
9820,0.8644941424542,0.964,0,0
9821,0.86449472095104,0.9642,0,0
9822,0.86449529944767,0.9644,0,0
9823,0.86449587794406,0.9646,0,0
9824,0.86449645644023,0.9648,0,0
9825,0.86449703493617,0.965,0,0
9826,0.86449761343188,0.9652,0,0
9827,0.86449819192737,0.9654,0,0
9828,0.86449877042263,0.9656,0,0
9829,0.86449934891767,0.9658,0,0
9830,0.86449992741248,0.966,0,0
9831,0.86450050590706,0.9662,0,0
9832,0.86450108440141,0.9664,0,0
9833,0.86450166289554,0.9666,0,0
9834,0.86450224138945,0.9668,0,0
9835,0.86450281988312,0.967,0,0
9836,0.86450339837657,0.9672,0,0
9837,0.86450397686979,0.9674,0,0
9838,0.86450455536279,0.9676,0,0
9839,0.86450513385556,0.9678,0,0
9840,0.8645057123481,0.968,0,0
9841,0.86450629084042,0.9682,0,0
9842,0.86450686933251,0.9684,0,0
9843,0.86450744782437,0.9686,0,0
9844,0.86450802631601,0.9688,0,0
9845,0.86450860480742,0.969,0,0
9846,0.8645091832986,0.9692,0,0
9847,0.86450976178956,0.9694,0,0
9848,0.86451034028029,0.9696,0,0
9849,0.86451091877079,0.9698,0,0
9850,0.86451149726107,0.97,0,0
9851,0.86451207575112,0.9702,0,0
9852,0.86451265424094,0.9704,0,0
9853,0.86451323273054,0.9706,0,0
9854,0.86451381121991,0.9708,0,0
9855,0.86451438970906,0.971,0,0
9856,0.86451496819797,0.9712,0,0
9857,0.86451554668666,0.9714,0,0
9858,0.86451612517513,0.9716,0,0
9859,0.86451670366337,0.9718,0,0
9860,0.86451728215138,0.972,0,0
9861,0.86451786063916,0.9722,0,0
9862,0.86451843912672,0.9724,0,0
9863,0.86451901761405,0.9726,0,0
9864,0.86451959610116,0.9728,0,0
9865,0.86452017458804,0.973,0,0
9866,0.86452075307469,0.9732,0,0
9867,0.86452133156111,0.9734,0,0
9868,0.86452191004731,0.9736,0,0
9869,0.86452248853328,0.9738,0,0
9870,0.86452306701903,0.974,0,0
9871,0.86452364550455,0.9742,0,0
9872,0.86452422398984,0.9744,0,0
9873,0.86452480247491,0.9746,0,0
9874,0.86452538095975,0.9748,0,0
9875,0.86452595944436,0.975,0,0
9876,0.86452653792874,0.9752,0,0
9877,0.8645271164129,0.9754,0,0
9878,0.86452769489684,0.9756,0,0
9879,0.86452827338054,0.9758,0,0
9880,0.86452885186402,0.976,0,0
9881,0.86452943034727,0.9762,0,0
9882,0.8645300088303,0.9764,0,0
9883,0.8645305873131,0.9766,0,0
9884,0.86453116579567,0.9768,0,0
9885,0.86453174427802,0.977,0,0
9886,0.86453232276014,0.9772,0,0
9887,0.86453290124203,0.9774,0,0
9888,0.8645334797237,0.9776,0,0
9889,0.86453405820514,0.9778,0,0
9890,0.86453463668635,0.978,0,0
9891,0.86453521516734,0.9782,0,0
9892,0.8645357936481,0.9784,0,0
9893,0.86453637212863,0.9786,0,0
9894,0.86453695060894,0.9788,0,0
9895,0.86453752908902,0.979,0,0
9896,0.86453810756887,0.9792,0,0
9897,0.8645386860485,0.9794,0,0
9898,0.8645392645279,0.9796,0,0
9899,0.86453984300708,0.9798,0,0
9900,0.86454042148602,0.98,0,0
9901,0.86454099996474,0.9802,0,0
9902,0.86454157844324,0.9804,0,0
9903,0.8645421569215,0.9806,0,0
9904,0.86454273539955,0.9808,0,0
9905,0.86454331387736,0.981,0,0
9906,0.86454389235495,0.9812,0,0
9907,0.86454447083231,0.9814,0,0
9908,0.86454504930944,0.9816,0,0
9909,0.86454562778635,0.9818,0,0
9910,0.86454620626303,0.982,0,0
9911,0.86454678473949,0.9822,0,0
9912,0.86454736321571,0.9824,0,0
9913,0.86454794169171,0.9826,0,0
9914,0.86454852016749,0.9828,0,0
9915,0.86454909864304,0.983,0,0
9916,0.86454967711836,0.9832,0,0
9917,0.86455025559345,0.9834,0,0
9918,0.86455083406832,0.9836,0,0
9919,0.86455141254296,0.9838,0,0
9920,0.86455199101738,0.984,0,0
9921,0.86455256949157,0.9842,0,0
9922,0.86455314796553,0.9844,0,0
9923,0.86455372643926,0.9846,0,0
9924,0.86455430491277,0.9848,0,0
9925,0.86455488338605,0.985,0,0
9926,0.86455546185911,0.9852,0,0
9927,0.86455604033194,0.9854,0,0
9928,0.86455661880454,0.9856,0,0
9929,0.86455719727691,0.9858,0,0
9930,0.86455777574906,0.986,0,0
9931,0.86455835422098,0.9862,0,0
9932,0.86455893269268,0.9864,0,0
9933,0.86455951116415,0.9866,0,0
9934,0.86456008963539,0.9868,0,0
9935,0.8645606681064,0.987,0,0
9936,0.86456124657719,0.9872,0,0
9937,0.86456182504776,0.9874,0,0
9938,0.86456240351809,0.9876,0,0
9939,0.8645629819882,0.9878,0,0
9940,0.86456356045808,0.988,0,0
9941,0.86456413892774,0.9882,0,0
9942,0.86456471739717,0.9884,0,0
9943,0.86456529586637,0.9886,0,0
9944,0.86456587433534,0.9888,0,0
9945,0.86456645280409,0.989,0,0
9946,0.86456703127261,0.9892,0,0
9947,0.86456760974091,0.9894,0,0
9948,0.86456818820898,0.9896,0,0
9949,0.86456876667682,0.9898,0,0
9950,0.86456934514444,0.99,0,0
9951,0.86456992361183,0.9902,0,0
9952,0.86457050207899,0.9904,0,0
9953,0.86457108054592,0.9906,0,0
9954,0.86457165901263,0.9908,0,0
9955,0.86457223747911,0.991,0,0
9956,0.86457281594537,0.9912,0,0
9957,0.8645733944114,0.9914,0,0
9958,0.8645739728772,0.9916,0,0
9959,0.86457455134278,0.9918,0,0
9960,0.86457512980813,0.992,0,0
9961,0.86457570827325,0.9922,0,0
9962,0.86457628673814,0.9924,0,0
9963,0.86457686520281,0.9926,0,0
9964,0.86457744366726,0.9928,0,0
9965,0.86457802213147,0.993,0,0
9966,0.86457860059546,0.9932,0,0
9967,0.86457917905922,0.9934,0,0
9968,0.86457975752276,0.9936,0,0
9969,0.86458033598607,0.9938,0,0
9970,0.86458091444915,0.994,0,0
9971,0.86458149291201,0.9942,0,0
9972,0.86458207137464,0.9944,0,0
9973,0.86458264983704,0.9946,0,0
9974,0.86458322829921,0.9948,0,0
9975,0.86458380676116,0.995,0,0
9976,0.86458438522288,0.9952,0,0
9977,0.86458496368438,0.9954,0,0
9978,0.86458554214565,0.9956,0,0
9979,0.86458612060669,0.9958,0,0
9980,0.86458669906751,0.996,0,0
9981,0.8645872775281,0.9962,0,0
9982,0.86458785598846,0.9964,0,0
9983,0.86458843444859,0.9966,0,0
9984,0.8645890129085,0.9968,0,0
9985,0.86458959136818,0.997,0,0
9986,0.86459016982765,0.9972,0,0
9987,0.86459074828685,0.9974,0,0
9988,0.86459132674598,0.9976,0,0
9989,0.86459190520413,0.9978,0,0
9990,0.86459248366566,0.998,0,0
9991,0.86459306210983,0.9982,0,0
9992,0.86459364063511,0.9984,0,0
9993,0.86459421877404,0.9986,0,0
9994,0.8645947987458,0.9988,0,0
9995,0.86459537001514,0.999,0,0
9996,0.86459598259663,0.9992,0,0
9997,0.86459639905372,0.9994,0,0
9998,0.86459774657992,0.9996,0,0
15004,0.86458826233069,0.9997,0,0
15010,0.86452733685667,0.99975,0,0
9999,0.86411622032521,0.9998,0,0
15008,0.86130358681522,0.99985,0,0
15001,0.84205906219622,0.9999,0,0
15020,0.8101634976746,0.999925,0,0
15026,0.78130634736647,0.9999375,0,0
15009,0.73785473187445,0.99995,0,0
15025,0.672192660285,0.9999625,0,0
15016,0.57280505231552,0.999975,0,0
15023,0.42224272859984,0.9999875,0,0
10000,0.1940161858461,1,0,0
