cp,id,x,y,z
0.51023187841662,5000,0,0,0
0.36670674601514,15027,1.25e-05,0,0
0.27932178841441,15018,2.5e-05,0,0
0.19658850048435,15012,5e-05,0,0
0.16648982127279,15022,7.5e-05,0,0
0.15446203438801,15003,0.0001,0,0
0.14748695167226,15013,0.00015,0,0
0.14648325685338,5001,0.0002,0,0
0.14633651524982,15014,0.00025,0,0
0.14631468697238,15006,0.0003,0,0
0.14631120943402,5002,0.0004,0,0
0.1463115421296,5003,0.0006,0,0
0.14631154170008,5004,0.0008,0,0
0.14631161140766,5005,0.001,0,0
0.14631166634836,5006,0.0012,0,0
0.14631172439811,5007,0.0014,0,0
0.14631178179325,5008,0.0016,0,0
0.1463118393262,5009,0.0018,0,0
0.14631189683011,5010,0.002,0,0
0.14631195434012,5011,0.0022,0,0
0.14631201184884,5012,0.0024,0,0
0.14631206935781,5013,0.0026,0,0
0.14631212686671,5014,0.0028,0,0
0.1463121843756,5015,0.003,0,0
0.14631224188448,5016,0.0032,0,0
0.14631229939335,5017,0.0034,0,0
0.14631235690221,5018,0.0036,0,0
0.14631241441105,5019,0.0038,0,0
0.14631247191987,5020,0.004,0,0
0.14631252942869,5021,0.0042,0,0
0.14631258693749,5022,0.0044,0,0
0.14631264444627,5023,0.0046,0,0
0.14631270195504,5024,0.0048,0,0
0.1463127594638,5025,0.005,0,0
0.14631281697255,5026,0.0052,0,0
0.14631287448128,5027,0.0054,0,0
0.14631293199,5028,0.0056,0,0
0.1463129894987,5029,0.0058,0,0
0.14631304700739,5030,0.006,0,0
0.14631310451607,5031,0.0062,0,0
0.14631316202473,5032,0.0064,0,0
0.14631321953338,5033,0.0066,0,0
0.14631327704202,5034,0.0068,0,0
0.14631333455064,5035,0.007,0,0
0.14631339205925,5036,0.0072,0,0
0.14631344956784,5037,0.0074,0,0
0.14631350707642,5038,0.0076,0,0
0.14631356458499,5039,0.0078,0,0
0.14631362209355,5040,0.008,0,0
0.14631367960209,5041,0.0082,0,0
0.14631373711061,5042,0.0084,0,0
0.14631379461913,5043,0.0086,0,0
0.14631385212763,5044,0.0088,0,0
0.14631390963611,5045,0.009,0,0
0.14631396714458,5046,0.0092,0,0
0.14631402465304,5047,0.0094,0,0
0.14631408216149,5048,0.0096,0,0
0.14631413966992,5049,0.0098,0,0
0.14631419717834,5050,0.01,0,0
0.14631425468674,5051,0.0102,0,0
0.14631431219513,5052,0.0104,0,0
0.14631436970351,5053,0.0106,0,0
0.14631442721187,5054,0.0108,0,0
0.14631448472022,5055,0.011,0,0
0.14631454222856,5056,0.0112,0,0
0.14631459973688,5057,0.0114,0,0
0.14631465724519,5058,0.0116,0,0
0.14631471475348,5059,0.0118,0,0
0.14631477226176,5060,0.012,0,0
0.14631482977003,5061,0.0122,0,0
0.14631488727829,5062,0.0124,0,0
0.14631494478653,5063,0.0126,0,0
0.14631500229475,5064,0.0128,0,0
0.14631505980297,5065,0.013,0,0
0.14631511731117,5066,0.0132,0,0
0.14631517481935,5067,0.0134,0,0
0.14631523232753,5068,0.0136,0,0
0.14631528983568,5069,0.0138,0,0
0.14631534734383,5070,0.014,0,0
0.14631540485196,5071,0.0142,0,0
0.14631546236008,5072,0.0144,0,0
0.14631551986818,5073,0.0146,0,0
0.14631557737627,5074,0.0148,0,0
0.14631563488435,5075,0.015,0,0
0.14631569239242,5076,0.0152,0,0
0.14631574990047,5077,0.0154,0,0
0.1463158074085,5078,0.0156,0,0
0.14631586491652,5079,0.0158,0,0
0.14631592242453,5080,0.016,0,0
0.14631597993253,5081,0.0162,0,0
0.14631603744051,5082,0.0164,0,0
0.14631609494848,5083,0.0166,0,0
0.14631615245643,5084,0.0168,0,0
0.14631620996438,5085,0.017,0,0
0.1463162674723,5086,0.0172,0,0
0.14631632498022,5087,0.0174,0,0
0.14631638248812,5088,0.0176,0,0
0.146316439996,5089,0.0178,0,0
0.14631649750388,5090,0.018,0,0
0.14631655501174,5091,0.0182,0,0
0.14631661251958,5092,0.0184,0,0
0.14631667002741,5093,0.0186,0,0
0.14631672753523,5094,0.0188,0,0
0.14631678504304,5095,0.019,0,0
0.14631684255083,5096,0.0192,0,0
0.14631690005861,5097,0.0194,0,0
0.14631695756637,5098,0.0196,0,0
0.14631701507412,5099,0.0198,0,0
0.14631707258186,5100,0.02,0,0
0.14631713008958,5101,0.0202,0,0
0.14631718759729,5102,0.0204,0,0
0.14631724510499,5103,0.0206,0,0
0.14631730261267,5104,0.0208,0,0
0.14631736012034,5105,0.021,0,0
0.146317417628,5106,0.0212,0,0
0.14631747513564,5107,0.0214,0,0
0.14631753264327,5108,0.0216,0,0
0.14631759015088,5109,0.0218,0,0
0.14631764765848,5110,0.022,0,0
0.14631770516607,5111,0.0222,0,0
0.14631776267365,5112,0.0224,0,0
0.14631782018121,5113,0.0226,0,0
0.14631787768875,5114,0.0228,0,0
0.14631793519629,5115,0.023,0,0
0.14631799270381,5116,0.0232,0,0
0.14631805021131,5117,0.0234,0,0
0.14631810771881,5118,0.0236,0,0
0.14631816522628,5119,0.0238,0,0
0.14631822273375,5120,0.024,0,0
0.1463182802412,5121,0.0242,0,0
0.14631833774864,5122,0.0244,0,0
0.14631839525607,5123,0.0246,0,0
0.14631845276348,5124,0.0248,0,0
0.14631851027087,5125,0.025,0,0
0.14631856777826,5126,0.0252,0,0
0.14631862528563,5127,0.0254,0,0
0.14631868279299,5128,0.0256,0,0
0.14631874030033,5129,0.0258,0,0
0.14631879780766,5130,0.026,0,0
0.14631885531497,5131,0.0262,0,0
0.14631891282228,5132,0.0264,0,0
0.14631897032957,5133,0.0266,0,0
0.14631902783684,5134,0.0268,0,0
0.1463190853441,5135,0.027,0,0
0.14631914285135,5136,0.0272,0,0
0.14631920035859,5137,0.0274,0,0
0.14631925786581,5138,0.0276,0,0
0.14631931537302,5139,0.0278,0,0
0.14631937288021,5140,0.028,0,0
0.14631943038739,5141,0.0282,0,0
0.14631948789456,5142,0.0284,0,0
0.14631954540171,5143,0.0286,0,0
0.14631960290885,5144,0.0288,0,0
0.14631966041598,5145,0.029,0,0
0.14631971792309,5146,0.0292,0,0
0.14631977543019,5147,0.0294,0,0
0.14631983293727,5148,0.0296,0,0
0.14631989044435,5149,0.0298,0,0
0.1463199479514,5150,0.03,0,0
0.14632000545845,5151,0.0302,0,0
0.14632006296548,5152,0.0304,0,0
0.1463201204725,5153,0.0306,0,0
0.1463201779795,5154,0.0308,0,0
0.14632023548649,5155,0.031,0,0
0.14632029299347,5156,0.0312,0,0
0.14632035050043,5157,0.0314,0,0
0.14632040800738,5158,0.0316,0,0
0.14632046551432,5159,0.0318,0,0
0.14632052302124,5160,0.032,0,0
0.14632058052815,5161,0.0322,0,0
0.14632063803505,5162,0.0324,0,0
0.14632069554193,5163,0.0326,0,0
0.1463207530488,5164,0.0328,0,0
0.14632081055566,5165,0.033,0,0
0.1463208680625,5166,0.0332,0,0
0.14632092556932,5167,0.0334,0,0
0.14632098307614,5168,0.0336,0,0
0.14632104058294,5169,0.0338,0,0
0.14632109808973,5170,0.034,0,0
0.1463211555965,5171,0.0342,0,0
0.14632121310326,5172,0.0344,0,0
0.14632127061001,5173,0.0346,0,0
0.14632132811674,5174,0.0348,0,0
0.14632138562346,5175,0.035,0,0
0.14632144313017,5176,0.0352,0,0
0.14632150063686,5177,0.0354,0,0
0.14632155814354,5178,0.0356,0,0
0.14632161565021,5179,0.0358,0,0
0.14632167315686,5180,0.036,0,0
0.1463217306635,5181,0.0362,0,0
0.14632178817012,5182,0.0364,0,0
0.14632184567673,5183,0.0366,0,0
0.14632190318333,5184,0.0368,0,0
0.14632196068992,5185,0.037,0,0
0.14632201819649,5186,0.0372,0,0
0.14632207570304,5187,0.0374,0,0
0.14632213320959,5188,0.0376,0,0
0.14632219071612,5189,0.0378,0,0
0.14632224822264,5190,0.038,0,0
0.14632230572914,5191,0.0382,0,0
0.14632236323563,5192,0.0384,0,0
0.14632242074211,5193,0.0386,0,0
0.14632247824857,5194,0.0388,0,0
0.14632253575502,5195,0.039,0,0
0.14632259326145,5196,0.0392,0,0
0.14632265076787,5197,0.0394,0,0
0.14632270827428,5198,0.0396,0,0
0.14632276578068,5199,0.0398,0,0
0.14632282328706,5200,0.04,0,0
0.14632288079343,5201,0.0402,0,0
0.14632293829978,5202,0.0404,0,0
0.14632299580612,5203,0.0406,0,0
0.14632305331245,5204,0.0408,0,0
0.14632311081877,5205,0.041,0,0
0.14632316832507,5206,0.0412,0,0
0.14632322583135,5207,0.0414,0,0
0.14632328333763,5208,0.0416,0,0
0.14632334084389,5209,0.0418,0,0
0.14632339835013,5210,0.042,0,0
0.14632345585637,5211,0.0422,0,0
0.14632351336259,5212,0.0424,0,0
0.14632357086879,5213,0.0426,0,0
0.14632362837498,5214,0.0428,0,0
0.14632368588116,5215,0.043,0,0
0.14632374338733,5216,0.0432,0,0
0.14632380089348,5217,0.0434,0,0
0.14632385839962,5218,0.0436,0,0
0.14632391590574,5219,0.0438,0,0
0.14632397341185,5220,0.044,0,0
0.14632403091795,5221,0.0442,0,0
0.14632408842404,5222,0.0444,0,0
0.14632414593011,5223,0.0446,0,0
0.14632420343617,5224,0.0448,0,0
0.14632426094221,5225,0.045,0,0
0.14632431844824,5226,0.0452,0,0
0.14632437595426,5227,0.0454,0,0
0.14632443346026,5228,0.0456,0,0
0.14632449096625,5229,0.0458,0,0
0.14632454847223,5230,0.046,0,0
0.14632460597819,5231,0.0462,0,0
0.14632466348414,5232,0.0464,0,0
0.14632472099007,5233,0.0466,0,0
0.146324778496,5234,0.0468,0,0
0.14632483600191,5235,0.047,0,0
0.1463248935078,5236,0.0472,0,0
0.14632495101368,5237,0.0474,0,0
0.14632500851955,5238,0.0476,0,0
0.14632506602541,5239,0.0478,0,0
0.14632512353125,5240,0.048,0,0
0.14632518103708,5241,0.0482,0,0
0.14632523854289,5242,0.0484,0,0
0.14632529604869,5243,0.0486,0,0
0.14632535355448,5244,0.0488,0,0
0.14632541106025,5245,0.049,0,0
0.14632546856601,5246,0.0492,0,0
0.14632552607176,5247,0.0494,0,0
0.14632558357749,5248,0.0496,0,0
0.14632564108321,5249,0.0498,0,0
0.14632569858892,5250,0.05,0,0
0.14632575609461,5251,0.0502,0,0
0.14632581360029,5252,0.0504,0,0
0.14632587110596,5253,0.0506,0,0
0.14632592861161,5254,0.0508,0,0
0.14632598611725,5255,0.051,0,0
0.14632604362288,5256,0.0512,0,0
0.14632610112849,5257,0.0514,0,0
0.14632615863409,5258,0.0516,0,0
0.14632621613967,5259,0.0518,0,0
0.14632627364524,5260,0.052,0,0
0.1463263311508,5261,0.0522,0,0
0.14632638865635,5262,0.0524,0,0
0.14632644616188,5263,0.0526,0,0
0.1463265036674,5264,0.0528,0,0
0.1463265611729,5265,0.053,0,0
0.14632661867839,5266,0.0532,0,0
0.14632667618387,5267,0.0534,0,0
0.14632673368933,5268,0.0536,0,0
0.14632679119478,5269,0.0538,0,0
0.14632684870022,5270,0.054,0,0
0.14632690620564,5271,0.0542,0,0
0.14632696371105,5272,0.0544,0,0
0.14632702121645,5273,0.0546,0,0
0.14632707872183,5274,0.0548,0,0
0.1463271362272,5275,0.055,0,0
0.14632719373256,5276,0.0552,0,0
0.1463272512379,5277,0.0554,0,0
0.14632730874323,5278,0.0556,0,0
0.14632736624855,5279,0.0558,0,0
0.14632742375385,5280,0.056,0,0
0.14632748125914,5281,0.0562,0,0
0.14632753876441,5282,0.0564,0,0
0.14632759626968,5283,0.0566,0,0
0.14632765377492,5284,0.0568,0,0
0.14632771128016,5285,0.057,0,0
0.14632776878538,5286,0.0572,0,0
0.14632782629059,5287,0.0574,0,0
0.14632788379578,5288,0.0576,0,0
0.14632794130097,5289,0.0578,0,0
0.14632799880613,5290,0.058,0,0
0.14632805631129,5291,0.0582,0,0
0.14632811381643,5292,0.0584,0,0
0.14632817132156,5293,0.0586,0,0
0.14632822882667,5294,0.0588,0,0
0.14632828633177,5295,0.059,0,0
0.14632834383686,5296,0.0592,0,0
0.14632840134193,5297,0.0594,0,0
0.14632845884699,5298,0.0596,0,0
0.14632851635204,5299,0.0598,0,0
0.14632857385707,5300,0.06,0,0
0.14632863136209,5301,0.0602,0,0
0.1463286888671,5302,0.0604,0,0
0.14632874637209,5303,0.0606,0,0
0.14632880387707,5304,0.0608,0,0
0.14632886138204,5305,0.061,0,0
0.14632891888699,5306,0.0612,0,0
0.14632897639193,5307,0.0614,0,0
0.14632903389685,5308,0.0616,0,0
0.14632909140177,5309,0.0618,0,0
0.14632914890667,5310,0.062,0,0
0.14632920641155,5311,0.0622,0,0
0.14632926391642,5312,0.0624,0,0
0.14632932142128,5313,0.0626,0,0
0.14632937892613,5314,0.0628,0,0
0.14632943643096,5315,0.063,0,0
0.14632949393578,5316,0.0632,0,0
0.14632955144058,5317,0.0634,0,0
0.14632960894537,5318,0.0636,0,0
0.14632966645015,5319,0.0638,0,0
0.14632972395491,5320,0.064,0,0
0.14632978145967,5321,0.0642,0,0
0.1463298389644,5322,0.0644,0,0
0.14632989646913,5323,0.0646,0,0
0.14632995397384,5324,0.0648,0,0
0.14633001147854,5325,0.065,0,0
0.14633006898322,5326,0.0652,0,0
0.14633012648789,5327,0.0654,0,0
0.14633018399255,5328,0.0656,0,0
0.14633024149719,5329,0.0658,0,0
0.14633029900182,5330,0.066,0,0
0.14633035650644,5331,0.0662,0,0
0.14633041401104,5332,0.0664,0,0
0.14633047151563,5333,0.0666,0,0
0.14633052902021,5334,0.0668,0,0
0.14633058652477,5335,0.067,0,0
0.14633064402932,5336,0.0672,0,0
0.14633070153386,5337,0.0674,0,0
0.14633075903838,5338,0.0676,0,0
0.14633081654289,5339,0.0678,0,0
0.14633087404738,5340,0.068,0,0
0.14633093155187,5341,0.0682,0,0
0.14633098905634,5342,0.0684,0,0
0.14633104656079,5343,0.0686,0,0
0.14633110406523,5344,0.0688,0,0
0.14633116156966,5345,0.069,0,0
0.14633121907408,5346,0.0692,0,0
0.14633127657848,5347,0.0694,0,0
0.14633133408287,5348,0.0696,0,0
0.14633139158724,5349,0.0698,0,0
0.14633144909161,5350,0.07,0,0
0.14633150659595,5351,0.0702,0,0
0.14633156410029,5352,0.0704,0,0
0.14633162160461,5353,0.0706,0,0
0.14633167910892,5354,0.0708,0,0
0.14633173661321,5355,0.071,0,0
0.14633179411749,5356,0.0712,0,0
0.14633185162176,5357,0.0714,0,0
0.14633190912602,5358,0.0716,0,0
0.14633196663026,5359,0.0718,0,0
0.14633202413449,5360,0.072,0,0
0.1463320816387,5361,0.0722,0,0
0.1463321391429,5362,0.0724,0,0
0.14633219664709,5363,0.0726,0,0
0.14633225415126,5364,0.0728,0,0
0.14633231165542,5365,0.073,0,0
0.14633236915957,5366,0.0732,0,0
0.1463324266637,5367,0.0734,0,0
0.14633248416782,5368,0.0736,0,0
0.14633254167193,5369,0.0738,0,0
0.14633259917603,5370,0.074,0,0
0.14633265668011,5371,0.0742,0,0
0.14633271418417,5372,0.0744,0,0
0.14633277168823,5373,0.0746,0,0
0.14633282919227,5374,0.0748,0,0
0.14633288669629,5375,0.075,0,0
0.14633294420031,5376,0.0752,0,0
0.14633300170431,5377,0.0754,0,0
0.14633305920829,5378,0.0756,0,0
0.14633311671227,5379,0.0758,0,0
0.14633317421623,5380,0.076,0,0
0.14633323172017,5381,0.0762,0,0
0.1463332892241,5382,0.0764,0,0
0.14633334672802,5383,0.0766,0,0
0.14633340423193,5384,0.0768,0,0
0.14633346173582,5385,0.077,0,0
0.1463335192397,5386,0.0772,0,0
0.14633357674357,5387,0.0774,0,0
0.14633363424742,5388,0.0776,0,0
0.14633369175126,5389,0.0778,0,0
0.14633374925509,5390,0.078,0,0
0.1463338067589,5391,0.0782,0,0
0.1463338642627,5392,0.0784,0,0
0.14633392176648,5393,0.0786,0,0
0.14633397927026,5394,0.0788,0,0
0.14633403677401,5395,0.079,0,0
0.14633409427776,5396,0.0792,0,0
0.14633415178149,5397,0.0794,0,0
0.14633420928521,5398,0.0796,0,0
0.14633426678892,5399,0.0798,0,0
0.14633432429261,5400,0.08,0,0
0.14633438179629,5401,0.0802,0,0
0.14633443929995,5402,0.0804,0,0
0.1463344968036,5403,0.0806,0,0
0.14633455430724,5404,0.0808,0,0
0.14633461181087,5405,0.081,0,0
0.14633466931448,5406,0.0812,0,0
0.14633472681808,5407,0.0814,0,0
0.14633478432166,5408,0.0816,0,0
0.14633484182523,5409,0.0818,0,0
0.14633489932879,5410,0.082,0,0
0.14633495683234,5411,0.0822,0,0
0.14633501433587,5412,0.0824,0,0
0.14633507183939,5413,0.0826,0,0
0.14633512934289,5414,0.0828,0,0
0.14633518684638,5415,0.083,0,0
0.14633524434986,5416,0.0832,0,0
0.14633530185333,5417,0.0834,0,0
0.14633535935678,5418,0.0836,0,0
0.14633541686022,5419,0.0838,0,0
0.14633547436364,5420,0.084,0,0
0.14633553186705,5421,0.0842,0,0
0.14633558937045,5422,0.0844,0,0
0.14633564687383,5423,0.0846,0,0
0.14633570437721,5424,0.0848,0,0
0.14633576188056,5425,0.085,0,0
0.14633581938391,5426,0.0852,0,0
0.14633587688724,5427,0.0854,0,0
0.14633593439056,5428,0.0856,0,0
0.14633599189386,5429,0.0858,0,0
0.14633604939715,5430,0.086,0,0
0.14633610690043,5431,0.0862,0,0
0.14633616440369,5432,0.0864,0,0
0.14633622190694,5433,0.0866,0,0
0.14633627941018,5434,0.0868,0,0
0.14633633691341,5435,0.087,0,0
0.14633639441662,5436,0.0872,0,0
0.14633645191981,5437,0.0874,0,0
0.146336509423,5438,0.0876,0,0
0.14633656692617,5439,0.0878,0,0
0.14633662442933,5440,0.088,0,0
0.14633668193247,5441,0.0882,0,0
0.1463367394356,5442,0.0884,0,0
0.14633679693872,5443,0.0886,0,0
0.14633685444182,5444,0.0888,0,0
0.14633691194491,5445,0.089,0,0
0.14633696944799,5446,0.0892,0,0
0.14633702695106,5447,0.0894,0,0
0.14633708445411,5448,0.0896,0,0
0.14633714195714,5449,0.0898,0,0
0.14633719946017,5450,0.09,0,0
0.14633725696318,5451,0.0902,0,0
0.14633731446618,5452,0.0904,0,0
0.14633737196916,5453,0.0906,0,0
0.14633742947213,5454,0.0908,0,0
0.14633748697509,5455,0.091,0,0
0.14633754447803,5456,0.0912,0,0
0.14633760198096,5457,0.0914,0,0
0.14633765948388,5458,0.0916,0,0
0.14633771698678,5459,0.0918,0,0
0.14633777448967,5460,0.092,0,0
0.14633783199255,5461,0.0922,0,0
0.14633788949541,5462,0.0924,0,0
0.14633794699826,5463,0.0926,0,0
0.1463380045011,5464,0.0928,0,0
0.14633806200393,5465,0.093,0,0
0.14633811950674,5466,0.0932,0,0
0.14633817700953,5467,0.0934,0,0
0.14633823451232,5468,0.0936,0,0
0.14633829201509,5469,0.0938,0,0
0.14633834951785,5470,0.094,0,0
0.14633840702059,5471,0.0942,0,0
0.14633846452332,5472,0.0944,0,0
0.14633852202604,5473,0.0946,0,0
0.14633857952874,5474,0.0948,0,0
0.14633863703143,5475,0.095,0,0
0.14633869453411,5476,0.0952,0,0
0.14633875203677,5477,0.0954,0,0
0.14633880953942,5478,0.0956,0,0
0.14633886704206,5479,0.0958,0,0
0.14633892454468,5480,0.096,0,0
0.1463389820473,5481,0.0962,0,0
0.14633903954989,5482,0.0964,0,0
0.14633909705248,5483,0.0966,0,0
0.14633915455505,5484,0.0968,0,0
0.1463392120576,5485,0.097,0,0
0.14633926956015,5486,0.0972,0,0
0.14633932706268,5487,0.0974,0,0
0.1463393845652,5488,0.0976,0,0
0.1463394420677,5489,0.0978,0,0
0.14633949957019,5490,0.098,0,0
0.14633955707267,5491,0.0982,0,0
0.14633961457513,5492,0.0984,0,0
0.14633967207758,5493,0.0986,0,0
0.14633972958002,5494,0.0988,0,0
0.14633978708245,5495,0.099,0,0
0.14633984458486,5496,0.0992,0,0
0.14633990208725,5497,0.0994,0,0
0.14633995958964,5498,0.0996,0,0
0.14634001709201,5499,0.0998,0,0
0.14634007459437,5500,0.1,0,0
0.14634013209671,5501,0.1002,0,0
0.14634018959904,5502,0.1004,0,0
0.14634024710136,5503,0.1006,0,0
0.14634030460366,5504,0.1008,0,0
0.14634036210596,5505,0.101,0,0
0.14634041960823,5506,0.1012,0,0
0.1463404771105,5507,0.1014,0,0
0.14634053461275,5508,0.1016,0,0
0.14634059211499,5509,0.1018,0,0
0.14634064961721,5510,0.102,0,0
0.14634070711942,5511,0.1022,0,0
0.14634076462162,5512,0.1024,0,0
0.1463408221238,5513,0.1026,0,0
0.14634087962598,5514,0.1028,0,0
0.14634093712813,5515,0.103,0,0
0.14634099463028,5516,0.1032,0,0
0.14634105213241,5517,0.1034,0,0
0.14634110963453,5518,0.1036,0,0
0.14634116713663,5519,0.1038,0,0
0.14634122463872,5520,0.104,0,0
0.1463412821408,5521,0.1042,0,0
0.14634133964287,5522,0.1044,0,0
0.14634139714492,5523,0.1046,0,0
0.14634145464696,5524,0.1048,0,0
0.14634151214898,5525,0.105,0,0
0.14634156965099,5526,0.1052,0,0
0.14634162715299,5527,0.1054,0,0
0.14634168465498,5528,0.1056,0,0
0.14634174215695,5529,0.1058,0,0
0.14634179965891,5530,0.106,0,0
0.14634185716085,5531,0.1062,0,0
0.14634191466279,5532,0.1064,0,0
0.14634197216471,5533,0.1066,0,0
0.14634202966661,5534,0.1068,0,0
0.1463420871685,5535,0.107,0,0
0.14634214467038,5536,0.1072,0,0
0.14634220217225,5537,0.1074,0,0
0.1463422596741,5538,0.1076,0,0
0.14634231717594,5539,0.1078,0,0
0.14634237467776,5540,0.108,0,0
0.14634243217958,5541,0.1082,0,0
0.14634248968138,5542,0.1084,0,0
0.14634254718316,5543,0.1086,0,0
0.14634260468493,5544,0.1088,0,0
0.14634266218669,5545,0.109,0,0
0.14634271968844,5546,0.1092,0,0
0.14634277719017,5547,0.1094,0,0
0.14634283469189,5548,0.1096,0,0
0.1463428921936,5549,0.1098,0,0
0.14634294969529,5550,0.11,0,0
0.14634300719697,5551,0.1102,0,0
0.14634306469864,5552,0.1104,0,0
0.14634312220029,5553,0.1106,0,0
0.14634317970193,5554,0.1108,0,0
0.14634323720356,5555,0.111,0,0
0.14634329470517,5556,0.1112,0,0
0.14634335220677,5557,0.1114,0,0
0.14634340970836,5558,0.1116,0,0
0.14634346720993,5559,0.1118,0,0
0.14634352471149,5560,0.112,0,0
0.14634358221304,5561,0.1122,0,0
0.14634363971457,5562,0.1124,0,0
0.14634369721609,5563,0.1126,0,0
0.1463437547176,5564,0.1128,0,0
0.14634381221909,5565,0.113,0,0
0.14634386972057,5566,0.1132,0,0
0.14634392722204,5567,0.1134,0,0
0.14634398472349,5568,0.1136,0,0
0.14634404222494,5569,0.1138,0,0
0.14634409972636,5570,0.114,0,0
0.14634415722778,5571,0.1142,0,0
0.14634421472918,5572,0.1144,0,0
0.14634427223057,5573,0.1146,0,0
0.14634432973194,5574,0.1148,0,0
0.1463443872333,5575,0.115,0,0
0.14634444473465,5576,0.1152,0,0
0.14634450223598,5577,0.1154,0,0
0.14634455973731,5578,0.1156,0,0
0.14634461723861,5579,0.1158,0,0
0.14634467473991,5580,0.116,0,0
0.14634473224119,5581,0.1162,0,0
0.14634478974246,5582,0.1164,0,0
0.14634484724371,5583,0.1166,0,0
0.14634490474496,5584,0.1168,0,0
0.14634496224618,5585,0.117,0,0
0.1463450197474,5586,0.1172,0,0
0.1463450772486,5587,0.1174,0,0
0.14634513474979,5588,0.1176,0,0
0.14634519225097,5589,0.1178,0,0
0.14634524975213,5590,0.118,0,0
0.14634530725328,5591,0.1182,0,0
0.14634536475441,5592,0.1184,0,0
0.14634542225554,5593,0.1186,0,0
0.14634547975665,5594,0.1188,0,0
0.14634553725774,5595,0.119,0,0
0.14634559475882,5596,0.1192,0,0
0.14634565225989,5597,0.1194,0,0
0.14634570976095,5598,0.1196,0,0
0.14634576726199,5599,0.1198,0,0
0.14634582476302,5600,0.12,0,0
0.14634588226404,5601,0.1202,0,0
0.14634593976504,5602,0.1204,0,0
0.14634599726603,5603,0.1206,0,0
0.14634605476701,5604,0.1208,0,0
0.14634611226797,5605,0.121,0,0
0.14634616976893,5606,0.1212,0,0
0.14634622726986,5607,0.1214,0,0
0.14634628477079,5608,0.1216,0,0
0.1463463422717,5609,0.1218,0,0
0.14634639977259,5610,0.122,0,0
0.14634645727348,5611,0.1222,0,0
0.14634651477435,5612,0.1224,0,0
0.14634657227521,5613,0.1226,0,0
0.14634662977605,5614,0.1228,0,0
0.14634668727688,5615,0.123,0,0
0.1463467447777,5616,0.1232,0,0
0.14634680227851,5617,0.1234,0,0
0.1463468597793,5618,0.1236,0,0
0.14634691728008,5619,0.1238,0,0
0.14634697478084,5620,0.124,0,0
0.14634703228159,5621,0.1242,0,0
0.14634708978233,5622,0.1244,0,0
0.14634714728306,5623,0.1246,0,0
0.14634720478377,5624,0.1248,0,0
0.14634726228447,5625,0.125,0,0
0.14634731978516,5626,0.1252,0,0
0.14634737728583,5627,0.1254,0,0
0.14634743478649,5628,0.1256,0,0
0.14634749228713,5629,0.1258,0,0
0.14634754978777,5630,0.126,0,0
0.14634760728839,5631,0.1262,0,0
0.14634766478899,5632,0.1264,0,0
0.14634772228959,5633,0.1266,0,0
0.14634777979017,5634,0.1268,0,0
0.14634783729073,5635,0.127,0,0
0.14634789479129,5636,0.1272,0,0
0.14634795229183,5637,0.1274,0,0
0.14634800979235,5638,0.1276,0,0
0.14634806729287,5639,0.1278,0,0
0.14634812479337,5640,0.128,0,0
0.14634818229385,5641,0.1282,0,0
0.14634823979433,5642,0.1284,0,0
0.14634829729479,5643,0.1286,0,0
0.14634835479524,5644,0.1288,0,0
0.14634841229567,5645,0.129,0,0
0.14634846979609,5646,0.1292,0,0
0.1463485272965,5647,0.1294,0,0
0.1463485847969,5648,0.1296,0,0
0.14634864229728,5649,0.1298,0,0
0.14634869979765,5650,0.13,0,0
0.146348757298,5651,0.1302,0,0
0.14634881479834,5652,0.1304,0,0
0.14634887229867,5653,0.1306,0,0
0.14634892979899,5654,0.1308,0,0
0.14634898729929,5655,0.131,0,0
0.14634904479958,5656,0.1312,0,0
0.14634910229986,5657,0.1314,0,0
0.14634915980012,5658,0.1316,0,0
0.14634921730037,5659,0.1318,0,0
0.14634927480061,5660,0.132,0,0
0.14634933230083,5661,0.1322,0,0
0.14634938980104,5662,0.1324,0,0
0.14634944730124,5663,0.1326,0,0
0.14634950480142,5664,0.1328,0,0
0.14634956230159,5665,0.133,0,0
0.14634961980175,5666,0.1332,0,0
0.14634967730189,5667,0.1334,0,0
0.14634973480202,5668,0.1336,0,0
0.14634979230214,5669,0.1338,0,0
0.14634984980224,5670,0.134,0,0
0.14634990730234,5671,0.1342,0,0
0.14634996480241,5672,0.1344,0,0
0.14635002230248,5673,0.1346,0,0
0.14635007980253,5674,0.1348,0,0
0.14635013730257,5675,0.135,0,0
0.14635019480259,5676,0.1352,0,0
0.14635025230261,5677,0.1354,0,0
0.1463503098026,5678,0.1356,0,0
0.14635036730259,5679,0.1358,0,0
0.14635042480256,5680,0.136,0,0
0.14635048230252,5681,0.1362,0,0
0.14635053980247,5682,0.1364,0,0
0.1463505973024,5683,0.1366,0,0
0.14635065480232,5684,0.1368,0,0
0.14635071230223,5685,0.137,0,0
0.14635076980212,5686,0.1372,0,0
0.146350827302,5687,0.1374,0,0
0.14635088480187,5688,0.1376,0,0
0.14635094230172,5689,0.1378,0,0
0.14635099980156,5690,0.138,0,0
0.14635105730139,5691,0.1382,0,0
0.1463511148012,5692,0.1384,0,0
0.146351172301,5693,0.1386,0,0
0.14635122980079,5694,0.1388,0,0
0.14635128730057,5695,0.139,0,0
0.14635134480033,5696,0.1392,0,0
0.14635140230008,5697,0.1394,0,0
0.14635145979981,5698,0.1396,0,0
0.14635151729953,5699,0.1398,0,0
0.14635157479924,5700,0.14,0,0
0.14635163229894,5701,0.1402,0,0
0.14635168979862,5702,0.1404,0,0
0.14635174729829,5703,0.1406,0,0
0.14635180479795,5704,0.1408,0,0
0.14635186229759,5705,0.141,0,0
0.14635191979722,5706,0.1412,0,0
0.14635197729683,5707,0.1414,0,0
0.14635203479644,5708,0.1416,0,0
0.14635209229603,5709,0.1418,0,0
0.1463521497956,5710,0.142,0,0
0.14635220729517,5711,0.1422,0,0
0.14635226479472,5712,0.1424,0,0
0.14635232229426,5713,0.1426,0,0
0.14635237979378,5714,0.1428,0,0
0.14635243729329,5715,0.143,0,0
0.14635249479279,5716,0.1432,0,0
0.14635255229227,5717,0.1434,0,0
0.14635260979175,5718,0.1436,0,0
0.1463526672912,5719,0.1438,0,0
0.14635272479065,5720,0.144,0,0
0.14635278229008,5721,0.1442,0,0
0.1463528397895,5722,0.1444,0,0
0.14635289728891,5723,0.1446,0,0
0.1463529547883,5724,0.1448,0,0
0.14635301228768,5725,0.145,0,0
0.14635306978704,5726,0.1452,0,0
0.1463531272864,5727,0.1454,0,0
0.14635318478574,5728,0.1456,0,0
0.14635324228506,5729,0.1458,0,0
0.14635329978438,5730,0.146,0,0
0.14635335728368,5731,0.1462,0,0
0.14635341478297,5732,0.1464,0,0
0.14635347228224,5733,0.1466,0,0
0.1463535297815,5734,0.1468,0,0
0.14635358728075,5735,0.147,0,0
0.14635364477998,5736,0.1472,0,0
0.14635370227921,5737,0.1474,0,0
0.14635375977841,5738,0.1476,0,0
0.14635381727761,5739,0.1478,0,0
0.14635387477679,5740,0.148,0,0
0.14635393227596,5741,0.1482,0,0
0.14635398977512,5742,0.1484,0,0
0.14635404727426,5743,0.1486,0,0
0.14635410477339,5744,0.1488,0,0
0.1463541622725,5745,0.149,0,0
0.14635421977161,5746,0.1492,0,0
0.1463542772707,5747,0.1494,0,0
0.14635433476977,5748,0.1496,0,0
0.14635439226884,5749,0.1498,0,0
0.14635444976789,5750,0.15,0,0
0.14635450726693,5751,0.1502,0,0
0.14635456476595,5752,0.1504,0,0
0.14635462226496,5753,0.1506,0,0
0.14635467976396,5754,0.1508,0,0
0.14635473726294,5755,0.151,0,0
0.14635479476192,5756,0.1512,0,0
0.14635485226087,5757,0.1514,0,0
0.14635490975982,5758,0.1516,0,0
0.14635496725875,5759,0.1518,0,0
0.14635502475767,5760,0.152,0,0
0.14635508225658,5761,0.1522,0,0
0.14635513975547,5762,0.1524,0,0
0.14635519725435,5763,0.1526,0,0
0.14635525475322,5764,0.1528,0,0
0.14635531225207,5765,0.153,0,0
0.14635536975091,5766,0.1532,0,0
0.14635542724974,5767,0.1534,0,0
0.14635548474855,5768,0.1536,0,0
0.14635554224735,5769,0.1538,0,0
0.14635559974614,5770,0.154,0,0
0.14635565724491,5771,0.1542,0,0
0.14635571474367,5772,0.1544,0,0
0.14635577224242,5773,0.1546,0,0
0.14635582974116,5774,0.1548,0,0
0.14635588723988,5775,0.155,0,0
0.14635594473859,5776,0.1552,0,0
0.14635600223728,5777,0.1554,0,0
0.14635605973597,5778,0.1556,0,0
0.14635611723464,5779,0.1558,0,0
0.14635617473329,5780,0.156,0,0
0.14635623223194,5781,0.1562,0,0
0.14635628973057,5782,0.1564,0,0
0.14635634722918,5783,0.1566,0,0
0.14635640472779,5784,0.1568,0,0
0.14635646222638,5785,0.157,0,0
0.14635651972496,5786,0.1572,0,0
0.14635657722352,5787,0.1574,0,0
0.14635663472207,5788,0.1576,0,0
0.14635669222061,5789,0.1578,0,0
0.14635674971913,5790,0.158,0,0
0.14635680721765,5791,0.1582,0,0
0.14635686471615,5792,0.1584,0,0
0.14635692221463,5793,0.1586,0,0
0.1463569797131,5794,0.1588,0,0
0.14635703721156,5795,0.159,0,0
0.14635709471001,5796,0.1592,0,0
0.14635715220844,5797,0.1594,0,0
0.14635720970686,5798,0.1596,0,0
0.14635726720527,5799,0.1598,0,0
0.14635732470366,5800,0.16,0,0
0.14635738220205,5801,0.1602,0,0
0.14635743970041,5802,0.1604,0,0
0.14635749719877,5803,0.1606,0,0
0.14635755469711,5804,0.1608,0,0
0.14635761219544,5805,0.161,0,0
0.14635766969375,5806,0.1612,0,0
0.14635772719205,5807,0.1614,0,0
0.14635778469034,5808,0.1616,0,0
0.14635784218862,5809,0.1618,0,0
0.14635789968688,5810,0.162,0,0
0.14635795718513,5811,0.1622,0,0
0.14635801468337,5812,0.1624,0,0
0.14635807218159,5813,0.1626,0,0
0.1463581296798,5814,0.1628,0,0
0.146358187178,5815,0.163,0,0
0.14635824467618,5816,0.1632,0,0
0.14635830217435,5817,0.1634,0,0
0.14635835967251,5818,0.1636,0,0
0.14635841717066,5819,0.1638,0,0
0.14635847466879,5820,0.164,0,0
0.14635853216691,5821,0.1642,0,0
0.14635858966501,5822,0.1644,0,0
0.14635864716311,5823,0.1646,0,0
0.14635870466118,5824,0.1648,0,0
0.14635876215925,5825,0.165,0,0
0.1463588196573,5826,0.1652,0,0
0.14635887715534,5827,0.1654,0,0
0.14635893465337,5828,0.1656,0,0
0.14635899215138,5829,0.1658,0,0
0.14635904964939,5830,0.166,0,0
0.14635910714737,5831,0.1662,0,0
0.14635916464535,5832,0.1664,0,0
0.14635922214331,5833,0.1666,0,0
0.14635927964126,5834,0.1668,0,0
0.14635933713919,5835,0.167,0,0
0.14635939463711,5836,0.1672,0,0
0.14635945213502,5837,0.1674,0,0
0.14635950963292,5838,0.1676,0,0
0.1463595671308,5839,0.1678,0,0
0.14635962462867,5840,0.168,0,0
0.14635968212653,5841,0.1682,0,0
0.14635973962437,5842,0.1684,0,0
0.1463597971222,5843,0.1686,0,0
0.14635985462002,5844,0.1688,0,0
0.14635991211782,5845,0.169,0,0
0.14635996961562,5846,0.1692,0,0
0.14636002711339,5847,0.1694,0,0
0.14636008461116,5848,0.1696,0,0
0.14636014210891,5849,0.1698,0,0
0.14636019960665,5850,0.17,0,0
0.14636025710438,5851,0.1702,0,0
0.14636031460209,5852,0.1704,0,0
0.14636037209979,5853,0.1706,0,0
0.14636042959747,5854,0.1708,0,0
0.14636048709515,5855,0.171,0,0
0.14636054459281,5856,0.1712,0,0
0.14636060209045,5857,0.1714,0,0
0.14636065958809,5858,0.1716,0,0
0.14636071708571,5859,0.1718,0,0
0.14636077458332,5860,0.172,0,0
0.14636083208091,5861,0.1722,0,0
0.14636088957849,5862,0.1724,0,0
0.14636094707606,5863,0.1726,0,0
0.14636100457362,5864,0.1728,0,0
0.14636106207116,5865,0.173,0,0
0.14636111956869,5866,0.1732,0,0
0.14636117706621,5867,0.1734,0,0
0.14636123456371,5868,0.1736,0,0
0.1463612920612,5869,0.1738,0,0
0.14636134955868,5870,0.174,0,0
0.14636140705614,5871,0.1742,0,0
0.14636146455359,5872,0.1744,0,0
0.14636152205103,5873,0.1746,0,0
0.14636157954846,5874,0.1748,0,0
0.14636163704587,5875,0.175,0,0
0.14636169454327,5876,0.1752,0,0
0.14636175204065,5877,0.1754,0,0
0.14636180953803,5878,0.1756,0,0
0.14636186703539,5879,0.1758,0,0
0.14636192453273,5880,0.176,0,0
0.14636198203007,5881,0.1762,0,0
0.14636203952739,5882,0.1764,0,0
0.14636209702469,5883,0.1766,0,0
0.14636215452199,5884,0.1768,0,0
0.14636221201927,5885,0.177,0,0
0.14636226951654,5886,0.1772,0,0
0.14636232701379,5887,0.1774,0,0
0.14636238451103,5888,0.1776,0,0
0.14636244200826,5889,0.1778,0,0
0.14636249950548,5890,0.178,0,0
0.14636255700268,5891,0.1782,0,0
0.14636261449987,5892,0.1784,0,0
0.14636267199705,5893,0.1786,0,0
0.14636272949421,5894,0.1788,0,0
0.14636278699136,5895,0.179,0,0
0.1463628444885,5896,0.1792,0,0
0.14636290198562,5897,0.1794,0,0
0.14636295948274,5898,0.1796,0,0
0.14636301697983,5899,0.1798,0,0
0.14636307447692,5900,0.18,0,0
0.14636313197399,5901,0.1802,0,0
0.14636318947105,5902,0.1804,0,0
0.1463632469681,5903,0.1806,0,0
0.14636330446513,5904,0.1808,0,0
0.14636336196215,5905,0.181,0,0
0.14636341945916,5906,0.1812,0,0
0.14636347695615,5907,0.1814,0,0
0.14636353445313,5908,0.1816,0,0
0.1463635919501,5909,0.1818,0,0
0.14636364944705,5910,0.182,0,0
0.146363706944,5911,0.1822,0,0
0.14636376444092,5912,0.1824,0,0
0.14636382193784,5913,0.1826,0,0
0.14636387943474,5914,0.1828,0,0
0.14636393693163,5915,0.183,0,0
0.14636399442851,5916,0.1832,0,0
0.14636405192537,5917,0.1834,0,0
0.14636410942222,5918,0.1836,0,0
0.14636416691906,5919,0.1838,0,0
0.14636422441588,5920,0.184,0,0
0.1463642819127,5921,0.1842,0,0
0.14636433940949,5922,0.1844,0,0
0.14636439690628,5923,0.1846,0,0
0.14636445440305,5924,0.1848,0,0
0.14636451189981,5925,0.185,0,0
0.14636456939656,5926,0.1852,0,0
0.14636462689329,5927,0.1854,0,0
0.14636468439001,5928,0.1856,0,0
0.14636474188672,5929,0.1858,0,0
0.14636479938341,5930,0.186,0,0
0.14636485688009,5931,0.1862,0,0
0.14636491437676,5932,0.1864,0,0
0.14636497187341,5933,0.1866,0,0
0.14636502937006,5934,0.1868,0,0
0.14636508686668,5935,0.187,0,0
0.1463651443633,5936,0.1872,0,0
0.1463652018599,5937,0.1874,0,0
0.14636525935649,5938,0.1876,0,0
0.14636531685307,5939,0.1878,0,0
0.14636537434963,5940,0.188,0,0
0.14636543184618,5941,0.1882,0,0
0.14636548934272,5942,0.1884,0,0
0.14636554683924,5943,0.1886,0,0
0.14636560433576,5944,0.1888,0,0
0.14636566183225,5945,0.189,0,0
0.14636571932874,5946,0.1892,0,0
0.14636577682521,5947,0.1894,0,0
0.14636583432167,5948,0.1896,0,0
0.14636589181812,5949,0.1898,0,0
0.14636594931455,5950,0.19,0,0
0.14636600681097,5951,0.1902,0,0
0.14636606430738,5952,0.1904,0,0
0.14636612180377,5953,0.1906,0,0
0.14636617930015,5954,0.1908,0,0
0.14636623679652,5955,0.191,0,0
0.14636629429288,5956,0.1912,0,0
0.14636635178922,5957,0.1914,0,0
0.14636640928555,5958,0.1916,0,0
0.14636646678186,5959,0.1918,0,0
0.14636652427817,5960,0.192,0,0
0.14636658177446,5961,0.1922,0,0
0.14636663927073,5962,0.1924,0,0
0.146366696767,5963,0.1926,0,0
0.14636675426325,5964,0.1928,0,0
0.14636681175949,5965,0.193,0,0
0.14636686925571,5966,0.1932,0,0
0.14636692675192,5967,0.1934,0,0
0.14636698424812,5968,0.1936,0,0
0.14636704174431,5969,0.1938,0,0
0.14636709924048,5970,0.194,0,0
0.14636715673664,5971,0.1942,0,0
0.14636721423279,5972,0.1944,0,0
0.14636727172892,5973,0.1946,0,0
0.14636732922504,5974,0.1948,0,0
0.14636738672115,5975,0.195,0,0
0.14636744421725,5976,0.1952,0,0
0.14636750171333,5977,0.1954,0,0
0.1463675592094,5978,0.1956,0,0
0.14636761670545,5979,0.1958,0,0
0.14636767420149,5980,0.196,0,0
0.14636773169752,5981,0.1962,0,0
0.14636778919354,5982,0.1964,0,0
0.14636784668954,5983,0.1966,0,0
0.14636790418554,5984,0.1968,0,0
0.14636796168151,5985,0.197,0,0
0.14636801917748,5986,0.1972,0,0
0.14636807667343,5987,0.1974,0,0
0.14636813416937,5988,0.1976,0,0
0.14636819166529,5989,0.1978,0,0
0.14636824916121,5990,0.198,0,0
0.14636830665711,5991,0.1982,0,0
0.14636836415299,5992,0.1984,0,0
0.14636842164887,5993,0.1986,0,0
0.14636847914473,5994,0.1988,0,0
0.14636853664057,5995,0.199,0,0
0.14636859413641,5996,0.1992,0,0
0.14636865163223,5997,0.1994,0,0
0.14636870912804,5998,0.1996,0,0
0.14636876662384,5999,0.1998,0,0
0.14636882411962,6000,0.2,0,0
0.14636888161539,6001,0.2002,0,0
0.14636893911114,6002,0.2004,0,0
0.14636899660689,6003,0.2006,0,0
0.14636905410262,6004,0.2008,0,0
0.14636911159834,6005,0.201,0,0
0.14636916909404,6006,0.2012,0,0
0.14636922658973,6007,0.2014,0,0
0.14636928408541,6008,0.2016,0,0
0.14636934158108,6009,0.2018,0,0
0.14636939907673,6010,0.202,0,0
0.14636945657237,6011,0.2022,0,0
0.146369514068,6012,0.2024,0,0
0.14636957156361,6013,0.2026,0,0
0.14636962905921,6014,0.2028,0,0
0.1463696865548,6015,0.203,0,0
0.14636974405037,6016,0.2032,0,0
0.14636980154594,6017,0.2034,0,0
0.14636985904149,6018,0.2036,0,0
0.14636991653702,6019,0.2038,0,0
0.14636997403254,6020,0.204,0,0
0.14637003152805,6021,0.2042,0,0
0.14637008902355,6022,0.2044,0,0
0.14637014651903,6023,0.2046,0,0
0.14637020401451,6024,0.2048,0,0
0.14637026150996,6025,0.205,0,0
0.14637031900541,6026,0.2052,0,0
0.14637037650084,6027,0.2054,0,0
0.14637043399626,6028,0.2056,0,0
0.14637049149167,6029,0.2058,0,0
0.14637054898706,6030,0.206,0,0
0.14637060648244,6031,0.2062,0,0
0.14637066397781,6032,0.2064,0,0
0.14637072147316,6033,0.2066,0,0
0.1463707789685,6034,0.2068,0,0
0.14637083646383,6035,0.207,0,0
0.14637089395914,6036,0.2072,0,0
0.14637095145445,6037,0.2074,0,0
0.14637100894974,6038,0.2076,0,0
0.14637106644501,6039,0.2078,0,0
0.14637112394028,6040,0.208,0,0
0.14637118143553,6041,0.2082,0,0
0.14637123893076,6042,0.2084,0,0
0.14637129642599,6043,0.2086,0,0
0.1463713539212,6044,0.2088,0,0
0.1463714114164,6045,0.209,0,0
0.14637146891158,6046,0.2092,0,0
0.14637152640676,6047,0.2094,0,0
0.14637158390192,6048,0.2096,0,0
0.14637164139706,6049,0.2098,0,0
0.1463716988922,6050,0.21,0,0
0.14637175638732,6051,0.2102,0,0
0.14637181388242,6052,0.2104,0,0
0.14637187137752,6053,0.2106,0,0
0.1463719288726,6054,0.2108,0,0
0.14637198636767,6055,0.211,0,0
0.14637204386272,6056,0.2112,0,0
0.14637210135777,6057,0.2114,0,0
0.1463721588528,6058,0.2116,0,0
0.14637221634781,6059,0.2118,0,0
0.14637227384282,6060,0.212,0,0
0.14637233133781,6061,0.2122,0,0
0.14637238883279,6062,0.2124,0,0
0.14637244632775,6063,0.2126,0,0
0.1463725038227,6064,0.2128,0,0
0.14637256131764,6065,0.213,0,0
0.14637261881257,6066,0.2132,0,0
0.14637267630748,6067,0.2134,0,0
0.14637273380238,6068,0.2136,0,0
0.14637279129727,6069,0.2138,0,0
0.14637284879215,6070,0.214,0,0
0.14637290628701,6071,0.2142,0,0
0.14637296378186,6072,0.2144,0,0
0.14637302127669,6073,0.2146,0,0
0.14637307877151,6074,0.2148,0,0
0.14637313626632,6075,0.215,0,0
0.14637319376112,6076,0.2152,0,0
0.1463732512559,6077,0.2154,0,0
0.14637330875067,6078,0.2156,0,0
0.14637336624543,6079,0.2158,0,0
0.14637342374018,6080,0.216,0,0
0.14637348123491,6081,0.2162,0,0
0.14637353872963,6082,0.2164,0,0
0.14637359622433,6083,0.2166,0,0
0.14637365371903,6084,0.2168,0,0
0.14637371121371,6085,0.217,0,0
0.14637376870837,6086,0.2172,0,0
0.14637382620303,6087,0.2174,0,0
0.14637388369767,6088,0.2176,0,0
0.1463739411923,6089,0.2178,0,0
0.14637399868691,6090,0.218,0,0
0.14637405618152,6091,0.2182,0,0
0.14637411367611,6092,0.2184,0,0
0.14637417117068,6093,0.2186,0,0
0.14637422866525,6094,0.2188,0,0
0.1463742861598,6095,0.219,0,0
0.14637434365433,6096,0.2192,0,0
0.14637440114886,6097,0.2194,0,0
0.14637445864337,6098,0.2196,0,0
0.14637451613787,6099,0.2198,0,0
0.14637457363236,6100,0.22,0,0
0.14637463112683,6101,0.2202,0,0
0.14637468862129,6102,0.2204,0,0
0.14637474611574,6103,0.2206,0,0
0.14637480361017,6104,0.2208,0,0
0.14637486110459,6105,0.221,0,0
0.146374918599,6106,0.2212,0,0
0.1463749760934,6107,0.2214,0,0
0.14637503358778,6108,0.2216,0,0
0.14637509108215,6109,0.2218,0,0
0.1463751485765,6110,0.222,0,0
0.14637520607085,6111,0.2222,0,0
0.14637526356518,6112,0.2224,0,0
0.1463753210595,6113,0.2226,0,0
0.1463753785538,6114,0.2228,0,0
0.14637543604809,6115,0.223,0,0
0.14637549354237,6116,0.2232,0,0
0.14637555103664,6117,0.2234,0,0
0.14637560853089,6118,0.2236,0,0
0.14637566602513,6119,0.2238,0,0
0.14637572351936,6120,0.224,0,0
0.14637578101357,6121,0.2242,0,0
0.14637583850777,6122,0.2244,0,0
0.14637589600196,6123,0.2246,0,0
0.14637595349614,6124,0.2248,0,0
0.1463760109903,6125,0.225,0,0
0.14637606848445,6126,0.2252,0,0
0.14637612597859,6127,0.2254,0,0
0.14637618347271,6128,0.2256,0,0
0.14637624096682,6129,0.2258,0,0
0.14637629846092,6130,0.226,0,0
0.14637635595501,6131,0.2262,0,0
0.14637641344908,6132,0.2264,0,0
0.14637647094314,6133,0.2266,0,0
0.14637652843718,6134,0.2268,0,0
0.14637658593122,6135,0.227,0,0
0.14637664342524,6136,0.2272,0,0
0.14637670091925,6137,0.2274,0,0
0.14637675841324,6138,0.2276,0,0
0.14637681590722,6139,0.2278,0,0
0.14637687340119,6140,0.228,0,0
0.14637693089515,6141,0.2282,0,0
0.14637698838909,6142,0.2284,0,0
0.14637704588302,6143,0.2286,0,0
0.14637710337694,6144,0.2288,0,0
0.14637716087084,6145,0.229,0,0
0.14637721836473,6146,0.2292,0,0
0.14637727585861,6147,0.2294,0,0
0.14637733335248,6148,0.2296,0,0
0.14637739084633,6149,0.2298,0,0
0.14637744834017,6150,0.23,0,0
0.146377505834,6151,0.2302,0,0
0.14637756332781,6152,0.2304,0,0
0.14637762082161,6153,0.2306,0,0
0.1463776783154,6154,0.2308,0,0
0.14637773580918,6155,0.231,0,0
0.14637779330294,6156,0.2312,0,0
0.14637785079669,6157,0.2314,0,0
0.14637790829042,6158,0.2316,0,0
0.14637796578415,6159,0.2318,0,0
0.14637802327786,6160,0.232,0,0
0.14637808077156,6161,0.2322,0,0
0.14637813826524,6162,0.2324,0,0
0.14637819575891,6163,0.2326,0,0
0.14637825325257,6164,0.2328,0,0
0.14637831074622,6165,0.233,0,0
0.14637836823985,6166,0.2332,0,0
0.14637842573347,6167,0.2334,0,0
0.14637848322708,6168,0.2336,0,0
0.14637854072067,6169,0.2338,0,0
0.14637859821426,6170,0.234,0,0
0.14637865570782,6171,0.2342,0,0
0.14637871320138,6172,0.2344,0,0
0.14637877069492,6173,0.2346,0,0
0.14637882818845,6174,0.2348,0,0
0.14637888568197,6175,0.235,0,0
0.14637894317547,6176,0.2352,0,0
0.14637900066897,6177,0.2354,0,0
0.14637905816244,6178,0.2356,0,0
0.14637911565591,6179,0.2358,0,0
0.14637917314936,6180,0.236,0,0
0.1463792306428,6181,0.2362,0,0
0.14637928813623,6182,0.2364,0,0
0.14637934562964,6183,0.2366,0,0
0.14637940312305,6184,0.2368,0,0
0.14637946061643,6185,0.237,0,0
0.14637951810981,6186,0.2372,0,0
0.14637957560317,6187,0.2374,0,0
0.14637963309652,6188,0.2376,0,0
0.14637969058986,6189,0.2378,0,0
0.14637974808318,6190,0.238,0,0
0.14637980557649,6191,0.2382,0,0
0.14637986306979,6192,0.2384,0,0
0.14637992056308,6193,0.2386,0,0
0.14637997805635,6194,0.2388,0,0
0.14638003554961,6195,0.239,0,0
0.14638009304285,6196,0.2392,0,0
0.14638015053609,6197,0.2394,0,0
0.14638020802931,6198,0.2396,0,0
0.14638026552252,6199,0.2398,0,0
0.14638032301571,6200,0.24,0,0
0.14638038050889,6201,0.2402,0,0
0.14638043800206,6202,0.2404,0,0
0.14638049549522,6203,0.2406,0,0
0.14638055298836,6204,0.2408,0,0
0.14638061048149,6205,0.241,0,0
0.14638066797461,6206,0.2412,0,0
0.14638072546771,6207,0.2414,0,0
0.14638078296081,6208,0.2416,0,0
0.14638084045389,6209,0.2418,0,0
0.14638089794695,6210,0.242,0,0
0.14638095544001,6211,0.2422,0,0
0.14638101293305,6212,0.2424,0,0
0.14638107042607,6213,0.2426,0,0
0.14638112791909,6214,0.2428,0,0
0.14638118541209,6215,0.243,0,0
0.14638124290508,6216,0.2432,0,0
0.14638130039805,6217,0.2434,0,0
0.14638135789102,6218,0.2436,0,0
0.14638141538397,6219,0.2438,0,0
0.14638147287691,6220,0.244,0,0
0.14638153036983,6221,0.2442,0,0
0.14638158786274,6222,0.2444,0,0
0.14638164535564,6223,0.2446,0,0
0.14638170284853,6224,0.2448,0,0
0.1463817603414,6225,0.245,0,0
0.14638181783426,6226,0.2452,0,0
0.14638187532711,6227,0.2454,0,0
0.14638193281994,6228,0.2456,0,0
0.14638199031276,6229,0.2458,0,0
0.14638204780557,6230,0.246,0,0
0.14638210529837,6231,0.2462,0,0
0.14638216279115,6232,0.2464,0,0
0.14638222028392,6233,0.2466,0,0
0.14638227777668,6234,0.2468,0,0
0.14638233526942,6235,0.247,0,0
0.14638239276215,6236,0.2472,0,0
0.14638245025487,6237,0.2474,0,0
0.14638250774758,6238,0.2476,0,0
0.14638256524027,6239,0.2478,0,0
0.14638262273295,6240,0.248,0,0
0.14638268022562,6241,0.2482,0,0
0.14638273771827,6242,0.2484,0,0
0.14638279521092,6243,0.2486,0,0
0.14638285270354,6244,0.2488,0,0
0.14638291019616,6245,0.249,0,0
0.14638296768876,6246,0.2492,0,0
0.14638302518135,6247,0.2494,0,0
0.14638308267393,6248,0.2496,0,0
0.14638314016649,6249,0.2498,0,0
0.14638319765905,6250,0.25,0,0
0.14638325515159,6251,0.2502,0,0
0.14638331264411,6252,0.2504,0,0
0.14638337013662,6253,0.2506,0,0
0.14638342762912,6254,0.2508,0,0
0.14638348512161,6255,0.251,0,0
0.14638354261409,6256,0.2512,0,0
0.14638360010655,6257,0.2514,0,0
0.146383657599,6258,0.2516,0,0
0.14638371509143,6259,0.2518,0,0
0.14638377258386,6260,0.252,0,0
0.14638383007627,6261,0.2522,0,0
0.14638388756866,6262,0.2524,0,0
0.14638394506105,6263,0.2526,0,0
0.14638400255342,6264,0.2528,0,0
0.14638406004578,6265,0.253,0,0
0.14638411753812,6266,0.2532,0,0
0.14638417503046,6267,0.2534,0,0
0.14638423252278,6268,0.2536,0,0
0.14638429001508,6269,0.2538,0,0
0.14638434750738,6270,0.254,0,0
0.14638440499966,6271,0.2542,0,0
0.14638446249193,6272,0.2544,0,0
0.14638451998419,6273,0.2546,0,0
0.14638457747643,6274,0.2548,0,0
0.14638463496866,6275,0.255,0,0
0.14638469246088,6276,0.2552,0,0
0.14638474995308,6277,0.2554,0,0
0.14638480744527,6278,0.2556,0,0
0.14638486493745,6279,0.2558,0,0
0.14638492242962,6280,0.256,0,0
0.14638497992177,6281,0.2562,0,0
0.14638503741391,6282,0.2564,0,0
0.14638509490604,6283,0.2566,0,0
0.14638515239815,6284,0.2568,0,0
0.14638520989026,6285,0.257,0,0
0.14638526738235,6286,0.2572,0,0
0.14638532487442,6287,0.2574,0,0
0.14638538236649,6288,0.2576,0,0
0.14638543985854,6289,0.2578,0,0
0.14638549735057,6290,0.258,0,0
0.1463855548426,6291,0.2582,0,0
0.14638561233461,6292,0.2584,0,0
0.14638566982661,6293,0.2586,0,0
0.1463857273186,6294,0.2588,0,0
0.14638578481057,6295,0.259,0,0
0.14638584230253,6296,0.2592,0,0
0.14638589979448,6297,0.2594,0,0
0.14638595728641,6298,0.2596,0,0
0.14638601477834,6299,0.2598,0,0
0.14638607227025,6300,0.26,0,0
0.14638612976214,6301,0.2602,0,0
0.14638618725403,6302,0.2604,0,0
0.1463862447459,6303,0.2606,0,0
0.14638630223776,6304,0.2608,0,0
0.1463863597296,6305,0.261,0,0
0.14638641722143,6306,0.2612,0,0
0.14638647471325,6307,0.2614,0,0
0.14638653220506,6308,0.2616,0,0
0.14638658969685,6309,0.2618,0,0
0.14638664718864,6310,0.262,0,0
0.1463867046804,6311,0.2622,0,0
0.14638676217216,6312,0.2624,0,0
0.1463868196639,6313,0.2626,0,0
0.14638687715563,6314,0.2628,0,0
0.14638693464735,6315,0.263,0,0
0.14638699213905,6316,0.2632,0,0
0.14638704963075,6317,0.2634,0,0
0.14638710712242,6318,0.2636,0,0
0.14638716461409,6319,0.2638,0,0
0.14638722210574,6320,0.264,0,0
0.14638727959738,6321,0.2642,0,0
0.14638733708901,6322,0.2644,0,0
0.14638739458063,6323,0.2646,0,0
0.14638745207223,6324,0.2648,0,0
0.14638750956382,6325,0.265,0,0
0.14638756705539,6326,0.2652,0,0
0.14638762454696,6327,0.2654,0,0
0.14638768203851,6328,0.2656,0,0
0.14638773953004,6329,0.2658,0,0
0.14638779702157,6330,0.266,0,0
0.14638785451308,6331,0.2662,0,0
0.14638791200458,6332,0.2664,0,0
0.14638796949607,6333,0.2666,0,0
0.14638802698754,6334,0.2668,0,0
0.146388084479,6335,0.267,0,0
0.14638814197045,6336,0.2672,0,0
0.14638819946189,6337,0.2674,0,0
0.14638825695331,6338,0.2676,0,0
0.14638831444472,6339,0.2678,0,0
0.14638837193611,6340,0.268,0,0
0.1463884294275,6341,0.2682,0,0
0.14638848691887,6342,0.2684,0,0
0.14638854441023,6343,0.2686,0,0
0.14638860190157,6344,0.2688,0,0
0.14638865939291,6345,0.269,0,0
0.14638871688423,6346,0.2692,0,0
0.14638877437553,6347,0.2694,0,0
0.14638883186683,6348,0.2696,0,0
0.14638888935811,6349,0.2698,0,0
0.14638894684938,6350,0.27,0,0
0.14638900434063,6351,0.2702,0,0
0.14638906183188,6352,0.2704,0,0
0.14638911932311,6353,0.2706,0,0
0.14638917681433,6354,0.2708,0,0
0.14638923430553,6355,0.271,0,0
0.14638929179672,6356,0.2712,0,0
0.1463893492879,6357,0.2714,0,0
0.14638940677907,6358,0.2716,0,0
0.14638946427022,6359,0.2718,0,0
0.14638952176136,6360,0.272,0,0
0.14638957925249,6361,0.2722,0,0
0.14638963674361,6362,0.2724,0,0
0.14638969423471,6363,0.2726,0,0
0.1463897517258,6364,0.2728,0,0
0.14638980921687,6365,0.273,0,0
0.14638986670794,6366,0.2732,0,0
0.14638992419899,6367,0.2734,0,0
0.14638998169003,6368,0.2736,0,0
0.14639003918105,6369,0.2738,0,0
0.14639009667207,6370,0.274,0,0
0.14639015416307,6371,0.2742,0,0
0.14639021165405,6372,0.2744,0,0
0.14639026914503,6373,0.2746,0,0
0.14639032663599,6374,0.2748,0,0
0.14639038412694,6375,0.275,0,0
0.14639044161788,6376,0.2752,0,0
0.1463904991088,6377,0.2754,0,0
0.14639055659971,6378,0.2756,0,0
0.14639061409061,6379,0.2758,0,0
0.14639067158149,6380,0.276,0,0
0.14639072907236,6381,0.2762,0,0
0.14639078656322,6382,0.2764,0,0
0.14639084405407,6383,0.2766,0,0
0.1463909015449,6384,0.2768,0,0
0.14639095903573,6385,0.277,0,0
0.14639101652653,6386,0.2772,0,0
0.14639107401733,6387,0.2774,0,0
0.14639113150811,6388,0.2776,0,0
0.14639118899888,6389,0.2778,0,0
0.14639124648964,6390,0.278,0,0
0.14639130398038,6391,0.2782,0,0
0.14639136147112,6392,0.2784,0,0
0.14639141896183,6393,0.2786,0,0
0.14639147645254,6394,0.2788,0,0
0.14639153394323,6395,0.279,0,0
0.14639159143391,6396,0.2792,0,0
0.14639164892458,6397,0.2794,0,0
0.14639170641524,6398,0.2796,0,0
0.14639176390588,6399,0.2798,0,0
0.14639182139651,6400,0.28,0,0
0.14639187888713,6401,0.2802,0,0
0.14639193637773,6402,0.2804,0,0
0.14639199386832,6403,0.2806,0,0
0.1463920513589,6404,0.2808,0,0
0.14639210884946,6405,0.281,0,0
0.14639216634002,6406,0.2812,0,0
0.14639222383056,6407,0.2814,0,0
0.14639228132108,6408,0.2816,0,0
0.1463923388116,6409,0.2818,0,0
0.1463923963021,6410,0.282,0,0
0.14639245379259,6411,0.2822,0,0
0.14639251128307,6412,0.2824,0,0
0.14639256877353,6413,0.2826,0,0
0.14639262626398,6414,0.2828,0,0
0.14639268375442,6415,0.283,0,0
0.14639274124484,6416,0.2832,0,0
0.14639279873526,6417,0.2834,0,0
0.14639285622566,6418,0.2836,0,0
0.14639291371604,6419,0.2838,0,0
0.14639297120642,6420,0.284,0,0
0.14639302869678,6421,0.2842,0,0
0.14639308618713,6422,0.2844,0,0
0.14639314367746,6423,0.2846,0,0
0.14639320116778,6424,0.2848,0,0
0.14639325865809,6425,0.285,0,0
0.14639331614839,6426,0.2852,0,0
0.14639337363868,6427,0.2854,0,0
0.14639343112895,6428,0.2856,0,0
0.14639348861921,6429,0.2858,0,0
0.14639354610945,6430,0.286,0,0
0.14639360359969,6431,0.2862,0,0
0.14639366108991,6432,0.2864,0,0
0.14639371858012,6433,0.2866,0,0
0.14639377607031,6434,0.2868,0,0
0.1463938335605,6435,0.287,0,0
0.14639389105067,6436,0.2872,0,0
0.14639394854082,6437,0.2874,0,0
0.14639400603097,6438,0.2876,0,0
0.1463940635211,6439,0.2878,0,0
0.14639412101122,6440,0.288,0,0
0.14639417850132,6441,0.2882,0,0
0.14639423599142,6442,0.2884,0,0
0.1463942934815,6443,0.2886,0,0
0.14639435097157,6444,0.2888,0,0
0.14639440846162,6445,0.289,0,0
0.14639446595166,6446,0.2892,0,0
0.14639452344169,6447,0.2894,0,0
0.14639458093171,6448,0.2896,0,0
0.14639463842171,6449,0.2898,0,0
0.1463946959117,6450,0.29,0,0
0.14639475340168,6451,0.2902,0,0
0.14639481089165,6452,0.2904,0,0
0.1463948683816,6453,0.2906,0,0
0.14639492587154,6454,0.2908,0,0
0.14639498336147,6455,0.291,0,0
0.14639504085139,6456,0.2912,0,0
0.14639509834129,6457,0.2914,0,0
0.14639515583118,6458,0.2916,0,0
0.14639521332105,6459,0.2918,0,0
0.14639527081092,6460,0.292,0,0
0.14639532830077,6461,0.2922,0,0
0.14639538579061,6462,0.2924,0,0
0.14639544328043,6463,0.2926,0,0
0.14639550077025,6464,0.2928,0,0
0.14639555826005,6465,0.293,0,0
0.14639561574983,6466,0.2932,0,0
0.14639567323961,6467,0.2934,0,0
0.14639573072937,6468,0.2936,0,0
0.14639578821912,6469,0.2938,0,0
0.14639584570886,6470,0.294,0,0
0.14639590319858,6471,0.2942,0,0
0.14639596068829,6472,0.2944,0,0
0.14639601817799,6473,0.2946,0,0
0.14639607566767,6474,0.2948,0,0
0.14639613315735,6475,0.295,0,0
0.14639619064701,6476,0.2952,0,0
0.14639624813665,6477,0.2954,0,0
0.14639630562629,6478,0.2956,0,0
0.14639636311591,6479,0.2958,0,0
0.14639642060552,6480,0.296,0,0
0.14639647809512,6481,0.2962,0,0
0.1463965355847,6482,0.2964,0,0
0.14639659307427,6483,0.2966,0,0
0.14639665056383,6484,0.2968,0,0
0.14639670805337,6485,0.297,0,0
0.14639676554291,6486,0.2972,0,0
0.14639682303243,6487,0.2974,0,0
0.14639688052193,6488,0.2976,0,0
0.14639693801143,6489,0.2978,0,0
0.14639699550091,6490,0.298,0,0
0.14639705299038,6491,0.2982,0,0
0.14639711047984,6492,0.2984,0,0
0.14639716796928,6493,0.2986,0,0
0.14639722545871,6494,0.2988,0,0
0.14639728294813,6495,0.299,0,0
0.14639734043754,6496,0.2992,0,0
0.14639739792693,6497,0.2994,0,0
0.14639745541631,6498,0.2996,0,0
0.14639751290568,6499,0.2998,0,0
0.14639757039503,6500,0.3,0,0
0.14639762788437,6501,0.3002,0,0
0.1463976853737,6502,0.3004,0,0
0.14639774286302,6503,0.3006,0,0
0.14639780035232,6504,0.3008,0,0
0.14639785784161,6505,0.301,0,0
0.14639791533089,6506,0.3012,0,0
0.14639797282016,6507,0.3014,0,0
0.14639803030941,6508,0.3016,0,0
0.14639808779865,6509,0.3018,0,0
0.14639814528788,6510,0.302,0,0
0.14639820277709,6511,0.3022,0,0
0.14639826026629,6512,0.3024,0,0
0.14639831775548,6513,0.3026,0,0
0.14639837524466,6514,0.3028,0,0
0.14639843273382,6515,0.303,0,0
0.14639849022297,6516,0.3032,0,0
0.14639854771211,6517,0.3034,0,0
0.14639860520124,6518,0.3036,0,0
0.14639866269035,6519,0.3038,0,0
0.14639872017945,6520,0.304,0,0
0.14639877766854,6521,0.3042,0,0
0.14639883515761,6522,0.3044,0,0
0.14639889264667,6523,0.3046,0,0
0.14639895013572,6524,0.3048,0,0
0.14639900762476,6525,0.305,0,0
0.14639906511378,6526,0.3052,0,0
0.1463991226028,6527,0.3054,0,0
0.14639918009179,6528,0.3056,0,0
0.14639923758078,6529,0.3058,0,0
0.14639929506975,6530,0.306,0,0
0.14639935255871,6531,0.3062,0,0
0.14639941004766,6532,0.3064,0,0
0.1463994675366,6533,0.3066,0,0
0.14639952502552,6534,0.3068,0,0
0.14639958251443,6535,0.307,0,0
0.14639964000333,6536,0.3072,0,0
0.14639969749221,6537,0.3074,0,0
0.14639975498108,6538,0.3076,0,0
0.14639981246994,6539,0.3078,0,0
0.14639986995879,6540,0.308,0,0
0.14639992744762,6541,0.3082,0,0
0.14639998493644,6542,0.3084,0,0
0.14640004242525,6543,0.3086,0,0
0.14640009991404,6544,0.3088,0,0
0.14640015740283,6545,0.309,0,0
0.1464002148916,6546,0.3092,0,0
0.14640027238035,6547,0.3094,0,0
0.1464003298691,6548,0.3096,0,0
0.14640038735783,6549,0.3098,0,0
0.14640044484655,6550,0.31,0,0
0.14640050233525,6551,0.3102,0,0
0.14640055982395,6552,0.3104,0,0
0.14640061731263,6553,0.3106,0,0
0.1464006748013,6554,0.3108,0,0
0.14640073228995,6555,0.311,0,0
0.1464007897786,6556,0.3112,0,0
0.14640084726723,6557,0.3114,0,0
0.14640090475584,6558,0.3116,0,0
0.14640096224445,6559,0.3118,0,0
0.14640101973304,6560,0.312,0,0
0.14640107722162,6561,0.3122,0,0
0.14640113471019,6562,0.3124,0,0
0.14640119219874,6563,0.3126,0,0
0.14640124968728,6564,0.3128,0,0
0.14640130717581,6565,0.313,0,0
0.14640136466433,6566,0.3132,0,0
0.14640142215283,6567,0.3134,0,0
0.14640147964132,6568,0.3136,0,0
0.1464015371298,6569,0.3138,0,0
0.14640159461826,6570,0.314,0,0
0.14640165210672,6571,0.3142,0,0
0.14640170959516,6572,0.3144,0,0
0.14640176708358,6573,0.3146,0,0
0.146401824572,6574,0.3148,0,0
0.1464018820604,6575,0.315,0,0
0.14640193954879,6576,0.3152,0,0
0.14640199703717,6577,0.3154,0,0
0.14640205452553,6578,0.3156,0,0
0.14640211201388,6579,0.3158,0,0
0.14640216950222,6580,0.316,0,0
0.14640222699054,6581,0.3162,0,0
0.14640228447886,6582,0.3164,0,0
0.14640234196716,6583,0.3166,0,0
0.14640239945544,6584,0.3168,0,0
0.14640245694372,6585,0.317,0,0
0.14640251443198,6586,0.3172,0,0
0.14640257192023,6587,0.3174,0,0
0.14640262940847,6588,0.3176,0,0
0.14640268689669,6589,0.3178,0,0
0.1464027443849,6590,0.318,0,0
0.1464028018731,6591,0.3182,0,0
0.14640285936129,6592,0.3184,0,0
0.14640291684946,6593,0.3186,0,0
0.14640297433762,6594,0.3188,0,0
0.14640303182577,6595,0.319,0,0
0.14640308931391,6596,0.3192,0,0
0.14640314680203,6597,0.3194,0,0
0.14640320429014,6598,0.3196,0,0
0.14640326177824,6599,0.3198,0,0
0.14640331926632,6600,0.32,0,0
0.1464033767544,6601,0.3202,0,0
0.14640343424245,6602,0.3204,0,0
0.1464034917305,6603,0.3206,0,0
0.14640354921854,6604,0.3208,0,0
0.14640360670656,6605,0.321,0,0
0.14640366419457,6606,0.3212,0,0
0.14640372168256,6607,0.3214,0,0
0.14640377917055,6608,0.3216,0,0
0.14640383665852,6609,0.3218,0,0
0.14640389414647,6610,0.322,0,0
0.14640395163442,6611,0.3222,0,0
0.14640400912235,6612,0.3224,0,0
0.14640406661027,6613,0.3226,0,0
0.14640412409818,6614,0.3228,0,0
0.14640418158607,6615,0.323,0,0
0.14640423907396,6616,0.3232,0,0
0.14640429656183,6617,0.3234,0,0
0.14640435404968,6618,0.3236,0,0
0.14640441153753,6619,0.3238,0,0
0.14640446902536,6620,0.324,0,0
0.14640452651318,6621,0.3242,0,0
0.14640458400098,6622,0.3244,0,0
0.14640464148878,6623,0.3246,0,0
0.14640469897656,6624,0.3248,0,0
0.14640475646433,6625,0.325,0,0
0.14640481395208,6626,0.3252,0,0
0.14640487143982,6627,0.3254,0,0
0.14640492892755,6628,0.3256,0,0
0.14640498641527,6629,0.3258,0,0
0.14640504390298,6630,0.326,0,0
0.14640510139067,6631,0.3262,0,0
0.14640515887835,6632,0.3264,0,0
0.14640521636602,6633,0.3266,0,0
0.14640527385367,6634,0.3268,0,0
0.14640533134131,6635,0.327,0,0
0.14640538882894,6636,0.3272,0,0
0.14640544631656,6637,0.3274,0,0
0.14640550380416,6638,0.3276,0,0
0.14640556129175,6639,0.3278,0,0
0.14640561877933,6640,0.328,0,0
0.14640567626689,6641,0.3282,0,0
0.14640573375445,6642,0.3284,0,0
0.14640579124199,6643,0.3286,0,0
0.14640584872952,6644,0.3288,0,0
0.14640590621703,6645,0.329,0,0
0.14640596370453,6646,0.3292,0,0
0.14640602119202,6647,0.3294,0,0
0.1464060786795,6648,0.3296,0,0
0.14640613616696,6649,0.3298,0,0
0.14640619365442,6650,0.33,0,0
0.14640625114185,6651,0.3302,0,0
0.14640630862928,6652,0.3304,0,0
0.14640636611669,6653,0.3306,0,0
0.1464064236041,6654,0.3308,0,0
0.14640648109148,6655,0.331,0,0
0.14640653857886,6656,0.3312,0,0
0.14640659606622,6657,0.3314,0,0
0.14640665355357,6658,0.3316,0,0
0.14640671104091,6659,0.3318,0,0
0.14640676852824,6660,0.332,0,0
0.14640682601555,6661,0.3322,0,0
0.14640688350285,6662,0.3324,0,0
0.14640694099014,6663,0.3326,0,0
0.14640699847741,6664,0.3328,0,0
0.14640705596467,6665,0.333,0,0
0.14640711345192,6666,0.3332,0,0
0.14640717093916,6667,0.3334,0,0
0.14640722842638,6668,0.3336,0,0
0.1464072859136,6669,0.3338,0,0
0.1464073434008,6670,0.334,0,0
0.14640740088798,6671,0.3342,0,0
0.14640745837516,6672,0.3344,0,0
0.14640751586232,6673,0.3346,0,0
0.14640757334946,6674,0.3348,0,0
0.1464076308366,6675,0.335,0,0
0.14640768832372,6676,0.3352,0,0
0.14640774581083,6677,0.3354,0,0
0.14640780329793,6678,0.3356,0,0
0.14640786078502,6679,0.3358,0,0
0.14640791827209,6680,0.336,0,0
0.14640797575915,6681,0.3362,0,0
0.1464080332462,6682,0.3364,0,0
0.14640809073323,6683,0.3366,0,0
0.14640814822025,6684,0.3368,0,0
0.14640820570726,6685,0.337,0,0
0.14640826319426,6686,0.3372,0,0
0.14640832068124,6687,0.3374,0,0
0.14640837816821,6688,0.3376,0,0
0.14640843565517,6689,0.3378,0,0
0.14640849314212,6690,0.338,0,0
0.14640855062905,6691,0.3382,0,0
0.14640860811597,6692,0.3384,0,0
0.14640866560288,6693,0.3386,0,0
0.14640872308978,6694,0.3388,0,0
0.14640878057666,6695,0.339,0,0
0.14640883806353,6696,0.3392,0,0
0.14640889555039,6697,0.3394,0,0
0.14640895303723,6698,0.3396,0,0
0.14640901052407,6699,0.3398,0,0
0.14640906801089,6700,0.34,0,0
0.14640912549769,6701,0.3402,0,0
0.14640918298449,6702,0.3404,0,0
0.14640924047127,6703,0.3406,0,0
0.14640929795804,6704,0.3408,0,0
0.1464093554448,6705,0.341,0,0
0.14640941293154,6706,0.3412,0,0
0.14640947041827,6707,0.3414,0,0
0.14640952790499,6708,0.3416,0,0
0.1464095853917,6709,0.3418,0,0
0.14640964287839,6710,0.342,0,0
0.14640970036507,6711,0.3422,0,0
0.14640975785174,6712,0.3424,0,0
0.1464098153384,6713,0.3426,0,0
0.14640987282504,6714,0.3428,0,0
0.14640993031167,6715,0.343,0,0
0.14640998779829,6716,0.3432,0,0
0.14641004528489,6717,0.3434,0,0
0.14641010277149,6718,0.3436,0,0
0.14641016025807,6719,0.3438,0,0
0.14641021774464,6720,0.344,0,0
0.14641027523119,6721,0.3442,0,0
0.14641033271773,6722,0.3444,0,0
0.14641039020426,6723,0.3446,0,0
0.14641044769078,6724,0.3448,0,0
0.14641050517728,6725,0.345,0,0
0.14641056266378,6726,0.3452,0,0
0.14641062015025,6727,0.3454,0,0
0.14641067763672,6728,0.3456,0,0
0.14641073512318,6729,0.3458,0,0
0.14641079260962,6730,0.346,0,0
0.14641085009605,6731,0.3462,0,0
0.14641090758246,6732,0.3464,0,0
0.14641096506887,6733,0.3466,0,0
0.14641102255526,6734,0.3468,0,0
0.14641108004163,6735,0.347,0,0
0.146411137528,6736,0.3472,0,0
0.14641119501435,6737,0.3474,0,0
0.14641125250069,6738,0.3476,0,0
0.14641130998702,6739,0.3478,0,0
0.14641136747334,6740,0.348,0,0
0.14641142495964,6741,0.3482,0,0
0.14641148244593,6742,0.3484,0,0
0.14641153993221,6743,0.3486,0,0
0.14641159741847,6744,0.3488,0,0
0.14641165490472,6745,0.349,0,0
0.14641171239096,6746,0.3492,0,0
0.14641176987719,6747,0.3494,0,0
0.14641182736341,6748,0.3496,0,0
0.14641188484961,6749,0.3498,0,0
0.1464119423358,6750,0.35,0,0
0.14641199982197,6751,0.3502,0,0
0.14641205730814,6752,0.3504,0,0
0.14641211479429,6753,0.3506,0,0
0.14641217228043,6754,0.3508,0,0
0.14641222976655,6755,0.351,0,0
0.14641228725267,6756,0.3512,0,0
0.14641234473877,6757,0.3514,0,0
0.14641240222486,6758,0.3516,0,0
0.14641245971093,6759,0.3518,0,0
0.146412517197,6760,0.352,0,0
0.14641257468305,6761,0.3522,0,0
0.14641263216909,6762,0.3524,0,0
0.14641268965511,6763,0.3526,0,0
0.14641274714112,6764,0.3528,0,0
0.14641280462712,6765,0.353,0,0
0.14641286211311,6766,0.3532,0,0
0.14641291959909,6767,0.3534,0,0
0.14641297708505,6768,0.3536,0,0
0.146413034571,6769,0.3538,0,0
0.14641309205694,6770,0.354,0,0
0.14641314954286,6771,0.3542,0,0
0.14641320702877,6772,0.3544,0,0
0.14641326451467,6773,0.3546,0,0
0.14641332200056,6774,0.3548,0,0
0.14641337948644,6775,0.355,0,0
0.1464134369723,6776,0.3552,0,0
0.14641349445815,6777,0.3554,0,0
0.14641355194398,6778,0.3556,0,0
0.14641360942981,6779,0.3558,0,0
0.14641366691562,6780,0.356,0,0
0.14641372440142,6781,0.3562,0,0
0.1464137818872,6782,0.3564,0,0
0.14641383937298,6783,0.3566,0,0
0.14641389685874,6784,0.3568,0,0
0.14641395434449,6785,0.357,0,0
0.14641401183022,6786,0.3572,0,0
0.14641406931595,6787,0.3574,0,0
0.14641412680166,6788,0.3576,0,0
0.14641418428735,6789,0.3578,0,0
0.14641424177304,6790,0.358,0,0
0.14641429925871,6791,0.3582,0,0
0.14641435674437,6792,0.3584,0,0
0.14641441423002,6793,0.3586,0,0
0.14641447171566,6794,0.3588,0,0
0.14641452920128,6795,0.359,0,0
0.14641458668689,6796,0.3592,0,0
0.14641464417249,6797,0.3594,0,0
0.14641470165807,6798,0.3596,0,0
0.14641475914364,6799,0.3598,0,0
0.1464148166292,6800,0.36,0,0
0.14641487411475,6801,0.3602,0,0
0.14641493160029,6802,0.3604,0,0
0.14641498908581,6803,0.3606,0,0
0.14641504657132,6804,0.3608,0,0
0.14641510405681,6805,0.361,0,0
0.1464151615423,6806,0.3612,0,0
0.14641521902777,6807,0.3614,0,0
0.14641527651323,6808,0.3616,0,0
0.14641533399868,6809,0.3618,0,0
0.14641539148411,6810,0.362,0,0
0.14641544896953,6811,0.3622,0,0
0.14641550645494,6812,0.3624,0,0
0.14641556394034,6813,0.3626,0,0
0.14641562142572,6814,0.3628,0,0
0.14641567891109,6815,0.363,0,0
0.14641573639645,6816,0.3632,0,0
0.1464157938818,6817,0.3634,0,0
0.14641585136713,6818,0.3636,0,0
0.14641590885245,6819,0.3638,0,0
0.14641596633776,6820,0.364,0,0
0.14641602382306,6821,0.3642,0,0
0.14641608130834,6822,0.3644,0,0
0.14641613879361,6823,0.3646,0,0
0.14641619627887,6824,0.3648,0,0
0.14641625376411,6825,0.365,0,0
0.14641631124935,6826,0.3652,0,0
0.14641636873457,6827,0.3654,0,0
0.14641642621977,6828,0.3656,0,0
0.14641648370497,6829,0.3658,0,0
0.14641654119015,6830,0.366,0,0
0.14641659867532,6831,0.3662,0,0
0.14641665616048,6832,0.3664,0,0
0.14641671364562,6833,0.3666,0,0
0.14641677113076,6834,0.3668,0,0
0.14641682861588,6835,0.367,0,0
0.14641688610098,6836,0.3672,0,0
0.14641694358608,6837,0.3674,0,0
0.14641700107116,6838,0.3676,0,0
0.14641705855623,6839,0.3678,0,0
0.14641711604129,6840,0.368,0,0
0.14641717352633,6841,0.3682,0,0
0.14641723101136,6842,0.3684,0,0
0.14641728849638,6843,0.3686,0,0
0.14641734598139,6844,0.3688,0,0
0.14641740346638,6845,0.369,0,0
0.14641746095137,6846,0.3692,0,0
0.14641751843633,6847,0.3694,0,0
0.14641757592129,6848,0.3696,0,0
0.14641763340624,6849,0.3698,0,0
0.14641769089117,6850,0.37,0,0
0.14641774837609,6851,0.3702,0,0
0.14641780586099,6852,0.3704,0,0
0.14641786334589,6853,0.3706,0,0
0.14641792083077,6854,0.3708,0,0
0.14641797831564,6855,0.371,0,0
0.14641803580049,6856,0.3712,0,0
0.14641809328534,6857,0.3714,0,0
0.14641815077017,6858,0.3716,0,0
0.14641820825499,6859,0.3718,0,0
0.14641826573979,6860,0.372,0,0
0.14641832322458,6861,0.3722,0,0
0.14641838070937,6862,0.3724,0,0
0.14641843819413,6863,0.3726,0,0
0.14641849567889,6864,0.3728,0,0
0.14641855316363,6865,0.373,0,0
0.14641861064836,6866,0.3732,0,0
0.14641866813308,6867,0.3734,0,0
0.14641872561779,6868,0.3736,0,0
0.14641878310248,6869,0.3738,0,0
0.14641884058716,6870,0.374,0,0
0.14641889807183,6871,0.3742,0,0
0.14641895555648,6872,0.3744,0,0
0.14641901304113,6873,0.3746,0,0
0.14641907052576,6874,0.3748,0,0
0.14641912801037,6875,0.375,0,0
0.14641918549498,6876,0.3752,0,0
0.14641924297957,6877,0.3754,0,0
0.14641930046415,6878,0.3756,0,0
0.14641935794872,6879,0.3758,0,0
0.14641941543327,6880,0.376,0,0
0.14641947291782,6881,0.3762,0,0
0.14641953040235,6882,0.3764,0,0
0.14641958788686,6883,0.3766,0,0
0.14641964537137,6884,0.3768,0,0
0.14641970285586,6885,0.377,0,0
0.14641976034034,6886,0.3772,0,0
0.14641981782481,6887,0.3774,0,0
0.14641987530926,6888,0.3776,0,0
0.1464199327937,6889,0.3778,0,0
0.14641999027813,6890,0.378,0,0
0.14642004776255,6891,0.3782,0,0
0.14642010524696,6892,0.3784,0,0
0.14642016273135,6893,0.3786,0,0
0.14642022021573,6894,0.3788,0,0
0.14642027770009,6895,0.379,0,0
0.14642033518445,6896,0.3792,0,0
0.14642039266879,6897,0.3794,0,0
0.14642045015312,6898,0.3796,0,0
0.14642050763744,6899,0.3798,0,0
0.14642056512174,6900,0.38,0,0
0.14642062260603,6901,0.3802,0,0
0.14642068009031,6902,0.3804,0,0
0.14642073757458,6903,0.3806,0,0
0.14642079505883,6904,0.3808,0,0
0.14642085254307,6905,0.381,0,0
0.1464209100273,6906,0.3812,0,0
0.14642096751152,6907,0.3814,0,0
0.14642102499572,6908,0.3816,0,0
0.14642108247991,6909,0.3818,0,0
0.14642113996409,6910,0.382,0,0
0.14642119744826,6911,0.3822,0,0
0.14642125493241,6912,0.3824,0,0
0.14642131241656,6913,0.3826,0,0
0.14642136990068,6914,0.3828,0,0
0.1464214273848,6915,0.383,0,0
0.1464214848689,6916,0.3832,0,0
0.146421542353,6917,0.3834,0,0
0.14642159983707,6918,0.3836,0,0
0.14642165732114,6919,0.3838,0,0
0.14642171480519,6920,0.384,0,0
0.14642177228924,6921,0.3842,0,0
0.14642182977326,6922,0.3844,0,0
0.14642188725728,6923,0.3846,0,0
0.14642194474128,6924,0.3848,0,0
0.14642200222527,6925,0.385,0,0
0.14642205970925,6926,0.3852,0,0
0.14642211719322,6927,0.3854,0,0
0.14642217467717,6928,0.3856,0,0
0.14642223216111,6929,0.3858,0,0
0.14642228964504,6930,0.386,0,0
0.14642234712896,6931,0.3862,0,0
0.14642240461286,6932,0.3864,0,0
0.14642246209675,6933,0.3866,0,0
0.14642251958063,6934,0.3868,0,0
0.1464225770645,6935,0.387,0,0
0.14642263454835,6936,0.3872,0,0
0.14642269203219,6937,0.3874,0,0
0.14642274951602,6938,0.3876,0,0
0.14642280699983,6939,0.3878,0,0
0.14642286448364,6940,0.388,0,0
0.14642292196743,6941,0.3882,0,0
0.14642297945121,6942,0.3884,0,0
0.14642303693497,6943,0.3886,0,0
0.14642309441873,6944,0.3888,0,0
0.14642315190247,6945,0.389,0,0
0.14642320938619,6946,0.3892,0,0
0.14642326686991,6947,0.3894,0,0
0.14642332435361,6948,0.3896,0,0
0.1464233818373,6949,0.3898,0,0
0.14642343932098,6950,0.39,0,0
0.14642349680465,6951,0.3902,0,0
0.1464235542883,6952,0.3904,0,0
0.14642361177194,6953,0.3906,0,0
0.14642366925557,6954,0.3908,0,0
0.14642372673919,6955,0.391,0,0
0.14642378422279,6956,0.3912,0,0
0.14642384170638,6957,0.3914,0,0
0.14642389918996,6958,0.3916,0,0
0.14642395667352,6959,0.3918,0,0
0.14642401415708,6960,0.392,0,0
0.14642407164062,6961,0.3922,0,0
0.14642412912414,6962,0.3924,0,0
0.14642418660766,6963,0.3926,0,0
0.14642424409116,6964,0.3928,0,0
0.14642430157465,6965,0.393,0,0
0.14642435905813,6966,0.3932,0,0
0.1464244165416,6967,0.3934,0,0
0.14642447402505,6968,0.3936,0,0
0.14642453150849,6969,0.3938,0,0
0.14642458899192,6970,0.394,0,0
0.14642464647533,6971,0.3942,0,0
0.14642470395874,6972,0.3944,0,0
0.14642476144213,6973,0.3946,0,0
0.1464248189255,6974,0.3948,0,0
0.14642487640887,6975,0.395,0,0
0.14642493389222,6976,0.3952,0,0
0.14642499137556,6977,0.3954,0,0
0.14642504885889,6978,0.3956,0,0
0.14642510634221,6979,0.3958,0,0
0.14642516382551,6980,0.396,0,0
0.1464252213088,6981,0.3962,0,0
0.14642527879208,6982,0.3964,0,0
0.14642533627534,6983,0.3966,0,0
0.1464253937586,6984,0.3968,0,0
0.14642545124184,6985,0.397,0,0
0.14642550872507,6986,0.3972,0,0
0.14642556620828,6987,0.3974,0,0
0.14642562369148,6988,0.3976,0,0
0.14642568117467,6989,0.3978,0,0
0.14642573865785,6990,0.398,0,0
0.14642579614102,6991,0.3982,0,0
0.14642585362417,6992,0.3984,0,0
0.14642591110731,6993,0.3986,0,0
0.14642596859044,6994,0.3988,0,0
0.14642602607355,6995,0.399,0,0
0.14642608355666,6996,0.3992,0,0
0.14642614103975,6997,0.3994,0,0
0.14642619852283,6998,0.3996,0,0
0.14642625600589,6999,0.3998,0,0
0.14642631348895,7000,0.4,0,0
0.14642637097199,7001,0.4002,0,0
0.14642642845501,7002,0.4004,0,0
0.14642648593803,7003,0.4006,0,0
0.14642654342103,7004,0.4008,0,0
0.14642660090402,7005,0.401,0,0
0.146426658387,7006,0.4012,0,0
0.14642671586997,7007,0.4014,0,0
0.14642677335292,7008,0.4016,0,0
0.14642683083586,7009,0.4018,0,0
0.14642688831879,7010,0.402,0,0
0.1464269458017,7011,0.4022,0,0
0.14642700328461,7012,0.4024,0,0
0.1464270607675,7013,0.4026,0,0
0.14642711825038,7014,0.4028,0,0
0.14642717573324,7015,0.403,0,0
0.1464272332161,7016,0.4032,0,0
0.14642729069894,7017,0.4034,0,0
0.14642734818177,7018,0.4036,0,0
0.14642740566458,7019,0.4038,0,0
0.14642746314738,7020,0.404,0,0
0.14642752063018,7021,0.4042,0,0
0.14642757811295,7022,0.4044,0,0
0.14642763559572,7023,0.4046,0,0
0.14642769307847,7024,0.4048,0,0
0.14642775056121,7025,0.405,0,0
0.14642780804394,7026,0.4052,0,0
0.14642786552666,7027,0.4054,0,0
0.14642792300936,7028,0.4056,0,0
0.14642798049205,7029,0.4058,0,0
0.14642803797473,7030,0.406,0,0
0.1464280954574,7031,0.4062,0,0
0.14642815294005,7032,0.4064,0,0
0.14642821042269,7033,0.4066,0,0
0.14642826790532,7034,0.4068,0,0
0.14642832538794,7035,0.407,0,0
0.14642838287054,7036,0.4072,0,0
0.14642844035313,7037,0.4074,0,0
0.14642849783571,7038,0.4076,0,0
0.14642855531828,7039,0.4078,0,0
0.14642861280083,7040,0.408,0,0
0.14642867028337,7041,0.4082,0,0
0.1464287277659,7042,0.4084,0,0
0.14642878524842,7043,0.4086,0,0
0.14642884273092,7044,0.4088,0,0
0.14642890021341,7045,0.409,0,0
0.14642895769589,7046,0.4092,0,0
0.14642901517836,7047,0.4094,0,0
0.14642907266081,7048,0.4096,0,0
0.14642913014325,7049,0.4098,0,0
0.14642918762568,7050,0.41,0,0
0.1464292451081,7051,0.4102,0,0
0.1464293025905,7052,0.4104,0,0
0.1464293600729,7053,0.4106,0,0
0.14642941755528,7054,0.4108,0,0
0.14642947503764,7055,0.411,0,0
0.14642953252,7056,0.4112,0,0
0.14642959000234,7057,0.4114,0,0
0.14642964748467,7058,0.4116,0,0
0.14642970496698,7059,0.4118,0,0
0.14642976244929,7060,0.412,0,0
0.14642981993158,7061,0.4122,0,0
0.14642987741386,7062,0.4124,0,0
0.14642993489613,7063,0.4126,0,0
0.14642999237838,7064,0.4128,0,0
0.14643004986062,7065,0.413,0,0
0.14643010734285,7066,0.4132,0,0
0.14643016482507,7067,0.4134,0,0
0.14643022230728,7068,0.4136,0,0
0.14643027978947,7069,0.4138,0,0
0.14643033727165,7070,0.414,0,0
0.14643039475382,7071,0.4142,0,0
0.14643045223597,7072,0.4144,0,0
0.14643050971811,7073,0.4146,0,0
0.14643056720024,7074,0.4148,0,0
0.14643062468236,7075,0.415,0,0
0.14643068216446,7076,0.4152,0,0
0.14643073964656,7077,0.4154,0,0
0.14643079712864,7078,0.4156,0,0
0.14643085461071,7079,0.4158,0,0
0.14643091209276,7080,0.416,0,0
0.1464309695748,7081,0.4162,0,0
0.14643102705683,7082,0.4164,0,0
0.14643108453885,7083,0.4166,0,0
0.14643114202086,7084,0.4168,0,0
0.14643119950285,7085,0.417,0,0
0.14643125698483,7086,0.4172,0,0
0.1464313144668,7087,0.4174,0,0
0.14643137194875,7088,0.4176,0,0
0.1464314294307,7089,0.4178,0,0
0.14643148691263,7090,0.418,0,0
0.14643154439455,7091,0.4182,0,0
0.14643160187645,7092,0.4184,0,0
0.14643165935835,7093,0.4186,0,0
0.14643171684023,7094,0.4188,0,0
0.14643177432209,7095,0.419,0,0
0.14643183180395,7096,0.4192,0,0
0.14643188928579,7097,0.4194,0,0
0.14643194676762,7098,0.4196,0,0
0.14643200424944,7099,0.4198,0,0
0.14643206173125,7100,0.42,0,0
0.14643211921304,7101,0.4202,0,0
0.14643217669482,7102,0.4204,0,0
0.14643223417659,7103,0.4206,0,0
0.14643229165835,7104,0.4208,0,0
0.14643234914009,7105,0.421,0,0
0.14643240662183,7106,0.4212,0,0
0.14643246410354,7107,0.4214,0,0
0.14643252158525,7108,0.4216,0,0
0.14643257906695,7109,0.4218,0,0
0.14643263654863,7110,0.422,0,0
0.1464326940303,7111,0.4222,0,0
0.14643275151195,7112,0.4224,0,0
0.1464328089936,7113,0.4226,0,0
0.14643286647523,7114,0.4228,0,0
0.14643292395685,7115,0.423,0,0
0.14643298143846,7116,0.4232,0,0
0.14643303892005,7117,0.4234,0,0
0.14643309640163,7118,0.4236,0,0
0.1464331538832,7119,0.4238,0,0
0.14643321136476,7120,0.424,0,0
0.1464332688463,7121,0.4242,0,0
0.14643332632784,7122,0.4244,0,0
0.14643338380936,7123,0.4246,0,0
0.14643344129086,7124,0.4248,0,0
0.14643349877236,7125,0.425,0,0
0.14643355625384,7126,0.4252,0,0
0.14643361373531,7127,0.4254,0,0
0.14643367121677,7128,0.4256,0,0
0.14643372869822,7129,0.4258,0,0
0.14643378617965,7130,0.426,0,0
0.14643384366107,7131,0.4262,0,0
0.14643390114248,7132,0.4264,0,0
0.14643395862387,7133,0.4266,0,0
0.14643401610526,7134,0.4268,0,0
0.14643407358663,7135,0.427,0,0
0.14643413106798,7136,0.4272,0,0
0.14643418854933,7137,0.4274,0,0
0.14643424603066,7138,0.4276,0,0
0.14643430351198,7139,0.4278,0,0
0.14643436099329,7140,0.428,0,0
0.14643441847459,7141,0.4282,0,0
0.14643447595587,7142,0.4284,0,0
0.14643453343714,7143,0.4286,0,0
0.1464345909184,7144,0.4288,0,0
0.14643464839965,7145,0.429,0,0
0.14643470588088,7146,0.4292,0,0
0.14643476336211,7147,0.4294,0,0
0.14643482084331,7148,0.4296,0,0
0.14643487832451,7149,0.4298,0,0
0.1464349358057,7150,0.43,0,0
0.14643499328687,7151,0.4302,0,0
0.14643505076803,7152,0.4304,0,0
0.14643510824917,7153,0.4306,0,0
0.14643516573031,7154,0.4308,0,0
0.14643522321143,7155,0.431,0,0
0.14643528069254,7156,0.4312,0,0
0.14643533817364,7157,0.4314,0,0
0.14643539565472,7158,0.4316,0,0
0.14643545313579,7159,0.4318,0,0
0.14643551061685,7160,0.432,0,0
0.1464355680979,7161,0.4322,0,0
0.14643562557894,7162,0.4324,0,0
0.14643568305996,7163,0.4326,0,0
0.14643574054097,7164,0.4328,0,0
0.14643579802197,7165,0.433,0,0
0.14643585550295,7166,0.4332,0,0
0.14643591298393,7167,0.4334,0,0
0.14643597046489,7168,0.4336,0,0
0.14643602794584,7169,0.4338,0,0
0.14643608542677,7170,0.434,0,0
0.14643614290769,7171,0.4342,0,0
0.14643620038861,7172,0.4344,0,0
0.1464362578695,7173,0.4346,0,0
0.14643631535039,7174,0.4348,0,0
0.14643637283126,7175,0.435,0,0
0.14643643031212,7176,0.4352,0,0
0.14643648779297,7177,0.4354,0,0
0.14643654527381,7178,0.4356,0,0
0.14643660275463,7179,0.4358,0,0
0.14643666023545,7180,0.436,0,0
0.14643671771624,7181,0.4362,0,0
0.14643677519703,7182,0.4364,0,0
0.14643683267781,7183,0.4366,0,0
0.14643689015857,7184,0.4368,0,0
0.14643694763932,7185,0.437,0,0
0.14643700512005,7186,0.4372,0,0
0.14643706260078,7187,0.4374,0,0
0.14643712008149,7188,0.4376,0,0
0.14643717756219,7189,0.4378,0,0
0.14643723504288,7190,0.438,0,0
0.14643729252355,7191,0.4382,0,0
0.14643735000422,7192,0.4384,0,0
0.14643740748487,7193,0.4386,0,0
0.1464374649655,7194,0.4388,0,0
0.14643752244613,7195,0.439,0,0
0.14643757992674,7196,0.4392,0,0
0.14643763740734,7197,0.4394,0,0
0.14643769488793,7198,0.4396,0,0
0.14643775236851,7199,0.4398,0,0
0.14643780984907,7200,0.44,0,0
0.14643786732962,7201,0.4402,0,0
0.14643792481016,7202,0.4404,0,0
0.14643798229069,7203,0.4406,0,0
0.1464380397712,7204,0.4408,0,0
0.1464380972517,7205,0.441,0,0
0.14643815473219,7206,0.4412,0,0
0.14643821221267,7207,0.4414,0,0
0.14643826969313,7208,0.4416,0,0
0.14643832717358,7209,0.4418,0,0
0.14643838465402,7210,0.442,0,0
0.14643844213445,7211,0.4422,0,0
0.14643849961486,7212,0.4424,0,0
0.14643855709526,7213,0.4426,0,0
0.14643861457565,7214,0.4428,0,0
0.14643867205603,7215,0.443,0,0
0.1464387295364,7216,0.4432,0,0
0.14643878701675,7217,0.4434,0,0
0.14643884449709,7218,0.4436,0,0
0.14643890197742,7219,0.4438,0,0
0.14643895945773,7220,0.444,0,0
0.14643901693803,7221,0.4442,0,0
0.14643907441832,7222,0.4444,0,0
0.1464391318986,7223,0.4446,0,0
0.14643918937887,7224,0.4448,0,0
0.14643924685912,7225,0.445,0,0
0.14643930433936,7226,0.4452,0,0
0.14643936181959,7227,0.4454,0,0
0.14643941929981,7228,0.4456,0,0
0.14643947678001,7229,0.4458,0,0
0.1464395342602,7230,0.446,0,0
0.14643959174038,7231,0.4462,0,0
0.14643964922055,7232,0.4464,0,0
0.1464397067007,7233,0.4466,0,0
0.14643976418084,7234,0.4468,0,0
0.14643982166097,7235,0.447,0,0
0.14643987914109,7236,0.4472,0,0
0.14643993662119,7237,0.4474,0,0
0.14643999410129,7238,0.4476,0,0
0.14644005158136,7239,0.4478,0,0
0.14644010906143,7240,0.448,0,0
0.14644016654149,7241,0.4482,0,0
0.14644022402153,7242,0.4484,0,0
0.14644028150156,7243,0.4486,0,0
0.14644033898158,7244,0.4488,0,0
0.14644039646158,7245,0.449,0,0
0.14644045394158,7246,0.4492,0,0
0.14644051142156,7247,0.4494,0,0
0.14644056890152,7248,0.4496,0,0
0.14644062638148,7249,0.4498,0,0
0.14644068386142,7250,0.45,0,0
0.14644074134135,7251,0.4502,0,0
0.14644079882127,7252,0.4504,0,0
0.14644085630118,7253,0.4506,0,0
0.14644091378107,7254,0.4508,0,0
0.14644097126095,7255,0.451,0,0
0.14644102874082,7256,0.4512,0,0
0.14644108622068,7257,0.4514,0,0
0.14644114370052,7258,0.4516,0,0
0.14644120118036,7259,0.4518,0,0
0.14644125866018,7260,0.452,0,0
0.14644131613998,7261,0.4522,0,0
0.14644137361978,7262,0.4524,0,0
0.14644143109956,7263,0.4526,0,0
0.14644148857933,7264,0.4528,0,0
0.14644154605909,7265,0.453,0,0
0.14644160353883,7266,0.4532,0,0
0.14644166101857,7267,0.4534,0,0
0.14644171849829,7268,0.4536,0,0
0.14644177597799,7269,0.4538,0,0
0.14644183345769,7270,0.454,0,0
0.14644189093737,7271,0.4542,0,0
0.14644194841704,7272,0.4544,0,0
0.1464420058967,7273,0.4546,0,0
0.14644206337635,7274,0.4548,0,0
0.14644212085598,7275,0.455,0,0
0.1464421783356,7276,0.4552,0,0
0.14644223581521,7277,0.4554,0,0
0.14644229329481,7278,0.4556,0,0
0.14644235077439,7279,0.4558,0,0
0.14644240825397,7280,0.456,0,0
0.14644246573352,7281,0.4562,0,0
0.14644252321307,7282,0.4564,0,0
0.14644258069261,7283,0.4566,0,0
0.14644263817213,7284,0.4568,0,0
0.14644269565164,7285,0.457,0,0
0.14644275313114,7286,0.4572,0,0
0.14644281061062,7287,0.4574,0,0
0.14644286809009,7288,0.4576,0,0
0.14644292556956,7289,0.4578,0,0
0.146442983049,7290,0.458,0,0
0.14644304052844,7291,0.4582,0,0
0.14644309800786,7292,0.4584,0,0
0.14644315548727,7293,0.4586,0,0
0.14644321296667,7294,0.4588,0,0
0.14644327044606,7295,0.459,0,0
0.14644332792543,7296,0.4592,0,0
0.14644338540479,7297,0.4594,0,0
0.14644344288414,7298,0.4596,0,0
0.14644350036348,7299,0.4598,0,0
0.1464435578428,7300,0.46,0,0
0.14644361532212,7301,0.4602,0,0
0.14644367280142,7302,0.4604,0,0
0.1464437302807,7303,0.4606,0,0
0.14644378775998,7304,0.4608,0,0
0.14644384523924,7305,0.461,0,0
0.14644390271849,7306,0.4612,0,0
0.14644396019773,7307,0.4614,0,0
0.14644401767695,7308,0.4616,0,0
0.14644407515617,7309,0.4618,0,0
0.14644413263537,7310,0.462,0,0
0.14644419011456,7311,0.4622,0,0
0.14644424759373,7312,0.4624,0,0
0.1464443050729,7313,0.4626,0,0
0.14644436255205,7314,0.4628,0,0
0.14644442003119,7315,0.463,0,0
0.14644447751031,7316,0.4632,0,0
0.14644453498943,7317,0.4634,0,0
0.14644459246853,7318,0.4636,0,0
0.14644464994762,7319,0.4638,0,0
0.14644470742669,7320,0.464,0,0
0.14644476490576,7321,0.4642,0,0
0.14644482238481,7322,0.4644,0,0
0.14644487986385,7323,0.4646,0,0
0.14644493734288,7324,0.4648,0,0
0.14644499482189,7325,0.465,0,0
0.1464450523009,7326,0.4652,0,0
0.14644510977989,7327,0.4654,0,0
0.14644516725887,7328,0.4656,0,0
0.14644522473783,7329,0.4658,0,0
0.14644528221678,7330,0.466,0,0
0.14644533969573,7331,0.4662,0,0
0.14644539717465,7332,0.4664,0,0
0.14644545465357,7333,0.4666,0,0
0.14644551213247,7334,0.4668,0,0
0.14644556961137,7335,0.467,0,0
0.14644562709025,7336,0.4672,0,0
0.14644568456911,7337,0.4674,0,0
0.14644574204797,7338,0.4676,0,0
0.14644579952681,7339,0.4678,0,0
0.14644585700564,7340,0.468,0,0
0.14644591448446,7341,0.4682,0,0
0.14644597196326,7342,0.4684,0,0
0.14644602944205,7343,0.4686,0,0
0.14644608692083,7344,0.4688,0,0
0.1464461443996,7345,0.469,0,0
0.14644620187836,7346,0.4692,0,0
0.1464462593571,7347,0.4694,0,0
0.14644631683583,7348,0.4696,0,0
0.14644637431455,7349,0.4698,0,0
0.14644643179326,7350,0.47,0,0
0.14644648927195,7351,0.4702,0,0
0.14644654675063,7352,0.4704,0,0
0.1464466042293,7353,0.4706,0,0
0.14644666170796,7354,0.4708,0,0
0.1464467191866,7355,0.471,0,0
0.14644677666524,7356,0.4712,0,0
0.14644683414386,7357,0.4714,0,0
0.14644689162246,7358,0.4716,0,0
0.14644694910106,7359,0.4718,0,0
0.14644700657964,7360,0.472,0,0
0.14644706405821,7361,0.4722,0,0
0.14644712153677,7362,0.4724,0,0
0.14644717901532,7363,0.4726,0,0
0.14644723649385,7364,0.4728,0,0
0.14644729397237,7365,0.473,0,0
0.14644735145088,7366,0.4732,0,0
0.14644740892938,7367,0.4734,0,0
0.14644746640786,7368,0.4736,0,0
0.14644752388633,7369,0.4738,0,0
0.14644758136479,7370,0.474,0,0
0.14644763884324,7371,0.4742,0,0
0.14644769632167,7372,0.4744,0,0
0.14644775380009,7373,0.4746,0,0
0.1464478112785,7374,0.4748,0,0
0.1464478687569,7375,0.475,0,0
0.14644792623529,7376,0.4752,0,0
0.14644798371366,7377,0.4754,0,0
0.14644804119202,7378,0.4756,0,0
0.14644809867037,7379,0.4758,0,0
0.1464481561487,7380,0.476,0,0
0.14644821362703,7381,0.4762,0,0
0.14644827110534,7382,0.4764,0,0
0.14644832858364,7383,0.4766,0,0
0.14644838606192,7384,0.4768,0,0
0.1464484435402,7385,0.477,0,0
0.14644850101846,7386,0.4772,0,0
0.14644855849671,7387,0.4774,0,0
0.14644861597495,7388,0.4776,0,0
0.14644867345317,7389,0.4778,0,0
0.14644873093138,7390,0.478,0,0
0.14644878840959,7391,0.4782,0,0
0.14644884588777,7392,0.4784,0,0
0.14644890336595,7393,0.4786,0,0
0.14644896084411,7394,0.4788,0,0
0.14644901832226,7395,0.479,0,0
0.1464490758004,7396,0.4792,0,0
0.14644913327853,7397,0.4794,0,0
0.14644919075664,7398,0.4796,0,0
0.14644924823474,7399,0.4798,0,0
0.14644930571283,7400,0.48,0,0
0.14644936319091,7401,0.4802,0,0
0.14644942066897,7402,0.4804,0,0
0.14644947814702,7403,0.4806,0,0
0.14644953562506,7404,0.4808,0,0
0.14644959310309,7405,0.481,0,0
0.14644965058111,7406,0.4812,0,0
0.14644970805911,7407,0.4814,0,0
0.1464497655371,7408,0.4816,0,0
0.14644982301508,7409,0.4818,0,0
0.14644988049304,7410,0.482,0,0
0.146449937971,7411,0.4822,0,0
0.14644999544894,7412,0.4824,0,0
0.14645005292687,7413,0.4826,0,0
0.14645011040478,7414,0.4828,0,0
0.14645016788269,7415,0.483,0,0
0.14645022536058,7416,0.4832,0,0
0.14645028283846,7417,0.4834,0,0
0.14645034031633,7418,0.4836,0,0
0.14645039779418,7419,0.4838,0,0
0.14645045527202,7420,0.484,0,0
0.14645051274985,7421,0.4842,0,0
0.14645057022767,7422,0.4844,0,0
0.14645062770548,7423,0.4846,0,0
0.14645068518327,7424,0.4848,0,0
0.14645074266105,7425,0.485,0,0
0.14645080013882,7426,0.4852,0,0
0.14645085761658,7427,0.4854,0,0
0.14645091509432,7428,0.4856,0,0
0.14645097257205,7429,0.4858,0,0
0.14645103004977,7430,0.486,0,0
0.14645108752748,7431,0.4862,0,0
0.14645114500517,7432,0.4864,0,0
0.14645120248286,7433,0.4866,0,0
0.14645125996053,7434,0.4868,0,0
0.14645131743818,7435,0.487,0,0
0.14645137491583,7436,0.4872,0,0
0.14645143239346,7437,0.4874,0,0
0.14645148987108,7438,0.4876,0,0
0.14645154734869,7439,0.4878,0,0
0.14645160482629,7440,0.488,0,0
0.14645166230387,7441,0.4882,0,0
0.14645171978144,7442,0.4884,0,0
0.146451777259,7443,0.4886,0,0
0.14645183473655,7444,0.4888,0,0
0.14645189221408,7445,0.489,0,0
0.1464519496916,7446,0.4892,0,0
0.14645200716911,7447,0.4894,0,0
0.14645206464661,7448,0.4896,0,0
0.1464521221241,7449,0.4898,0,0
0.14645217960157,7450,0.49,0,0
0.14645223707903,7451,0.4902,0,0
0.14645229455648,7452,0.4904,0,0
0.14645235203391,7453,0.4906,0,0
0.14645240951134,7454,0.4908,0,0
0.14645246698875,7455,0.491,0,0
0.14645252446615,7456,0.4912,0,0
0.14645258194353,7457,0.4914,0,0
0.14645263942091,7458,0.4916,0,0
0.14645269689827,7459,0.4918,0,0
0.14645275437562,7460,0.492,0,0
0.14645281185296,7461,0.4922,0,0
0.14645286933028,7462,0.4924,0,0
0.1464529268076,7463,0.4926,0,0
0.1464529842849,7464,0.4928,0,0
0.14645304176218,7465,0.493,0,0
0.14645309923946,7466,0.4932,0,0
0.14645315671672,7467,0.4934,0,0
0.14645321419398,7468,0.4936,0,0
0.14645327167121,7469,0.4938,0,0
0.14645332914844,7470,0.494,0,0
0.14645338662565,7471,0.4942,0,0
0.14645344410286,7472,0.4944,0,0
0.14645350158005,7473,0.4946,0,0
0.14645355905722,7474,0.4948,0,0
0.14645361653439,7475,0.495,0,0
0.14645367401154,7476,0.4952,0,0
0.14645373148868,7477,0.4954,0,0
0.14645378896581,7478,0.4956,0,0
0.14645384644293,7479,0.4958,0,0
0.14645390392003,7480,0.496,0,0
0.14645396139712,7481,0.4962,0,0
0.1464540188742,7482,0.4964,0,0
0.14645407635127,7483,0.4966,0,0
0.14645413382832,7484,0.4968,0,0
0.14645419130536,7485,0.497,0,0
0.14645424878239,7486,0.4972,0,0
0.14645430625941,7487,0.4974,0,0
0.14645436373641,7488,0.4976,0,0
0.14645442121341,7489,0.4978,0,0
0.14645447869039,7490,0.498,0,0
0.14645453616736,7491,0.4982,0,0
0.14645459364431,7492,0.4984,0,0
0.14645465112126,7493,0.4986,0,0
0.14645470859819,7494,0.4988,0,0
0.14645476607511,7495,0.499,0,0
0.14645482355201,7496,0.4992,0,0
0.14645488102891,7497,0.4994,0,0
0.14645493850579,7498,0.4996,0,0
0.14645499598266,7499,0.4998,0,0
0.14645505345952,7500,0.5,0,0
0.14645511093636,7501,0.5002,0,0
0.14645516841319,7502,0.5004,0,0
0.14645522589001,7503,0.5006,0,0
0.14645528336682,7504,0.5008,0,0
0.14645534084362,7505,0.501,0,0
0.1464553983204,7506,0.5012,0,0
0.14645545579717,7507,0.5014,0,0
0.14645551327393,7508,0.5016,0,0
0.14645557075068,7509,0.5018,0,0
0.14645562822741,7510,0.502,0,0
0.14645568570414,7511,0.5022,0,0
0.14645574318085,7512,0.5024,0,0
0.14645580065754,7513,0.5026,0,0
0.14645585813423,7514,0.5028,0,0
0.1464559156109,7515,0.503,0,0
0.14645597308756,7516,0.5032,0,0
0.14645603056421,7517,0.5034,0,0
0.14645608804085,7518,0.5036,0,0
0.14645614551747,7519,0.5038,0,0
0.14645620299408,7520,0.504,0,0
0.14645626047068,7521,0.5042,0,0
0.14645631794727,7522,0.5044,0,0
0.14645637542384,7523,0.5046,0,0
0.1464564329004,7524,0.5048,0,0
0.14645649037695,7525,0.505,0,0
0.14645654785349,7526,0.5052,0,0
0.14645660533002,7527,0.5054,0,0
0.14645666280653,7528,0.5056,0,0
0.14645672028303,7529,0.5058,0,0
0.14645677775952,7530,0.506,0,0
0.146456835236,7531,0.5062,0,0
0.14645689271246,7532,0.5064,0,0
0.14645695018891,7533,0.5066,0,0
0.14645700766535,7534,0.5068,0,0
0.14645706514178,7535,0.507,0,0
0.14645712261819,7536,0.5072,0,0
0.1464571800946,7537,0.5074,0,0
0.14645723757099,7538,0.5076,0,0
0.14645729504737,7539,0.5078,0,0
0.14645735252373,7540,0.508,0,0
0.14645741000008,7541,0.5082,0,0
0.14645746747643,7542,0.5084,0,0
0.14645752495275,7543,0.5086,0,0
0.14645758242907,7544,0.5088,0,0
0.14645763990538,7545,0.509,0,0
0.14645769738167,7546,0.5092,0,0
0.14645775485795,7547,0.5094,0,0
0.14645781233421,7548,0.5096,0,0
0.14645786981047,7549,0.5098,0,0
0.14645792728671,7550,0.51,0,0
0.14645798476294,7551,0.5102,0,0
0.14645804223916,7552,0.5104,0,0
0.14645809971537,7553,0.5106,0,0
0.14645815719156,7554,0.5108,0,0
0.14645821466774,7555,0.511,0,0
0.14645827214391,7556,0.5112,0,0
0.14645832962007,7557,0.5114,0,0
0.14645838709621,7558,0.5116,0,0
0.14645844457235,7559,0.5118,0,0
0.14645850204847,7560,0.512,0,0
0.14645855952457,7561,0.5122,0,0
0.14645861700067,7562,0.5124,0,0
0.14645867447675,7563,0.5126,0,0
0.14645873195282,7564,0.5128,0,0
0.14645878942888,7565,0.513,0,0
0.14645884690493,7566,0.5132,0,0
0.14645890438096,7567,0.5134,0,0
0.14645896185698,7568,0.5136,0,0
0.14645901933299,7569,0.5138,0,0
0.14645907680899,7570,0.514,0,0
0.14645913428498,7571,0.5142,0,0
0.14645919176095,7572,0.5144,0,0
0.14645924923691,7573,0.5146,0,0
0.14645930671286,7574,0.5148,0,0
0.14645936418879,7575,0.515,0,0
0.14645942166472,7576,0.5152,0,0
0.14645947914063,7577,0.5154,0,0
0.14645953661653,7578,0.5156,0,0
0.14645959409241,7579,0.5158,0,0
0.14645965156829,7580,0.516,0,0
0.14645970904415,7581,0.5162,0,0
0.14645976652,7582,0.5164,0,0
0.14645982399584,7583,0.5166,0,0
0.14645988147166,7584,0.5168,0,0
0.14645993894748,7585,0.517,0,0
0.14645999642328,7586,0.5172,0,0
0.14646005389907,7587,0.5174,0,0
0.14646011137484,7588,0.5176,0,0
0.14646016885061,7589,0.5178,0,0
0.14646022632636,7590,0.518,0,0
0.1464602838021,7591,0.5182,0,0
0.14646034127782,7592,0.5184,0,0
0.14646039875354,7593,0.5186,0,0
0.14646045622924,7594,0.5188,0,0
0.14646051370493,7595,0.519,0,0
0.14646057118061,7596,0.5192,0,0
0.14646062865628,7597,0.5194,0,0
0.14646068613193,7598,0.5196,0,0
0.14646074360757,7599,0.5198,0,0
0.1464608010832,7600,0.52,0,0
0.14646085855882,7601,0.5202,0,0
0.14646091603442,7602,0.5204,0,0
0.14646097351001,7603,0.5206,0,0
0.14646103098559,7604,0.5208,0,0
0.14646108846116,7605,0.521,0,0
0.14646114593672,7606,0.5212,0,0
0.14646120341226,7607,0.5214,0,0
0.14646126088779,7608,0.5216,0,0
0.14646131836331,7609,0.5218,0,0
0.14646137583882,7610,0.522,0,0
0.14646143331431,7611,0.5222,0,0
0.14646149078979,7612,0.5224,0,0
0.14646154826526,7613,0.5226,0,0
0.14646160574072,7614,0.5228,0,0
0.14646166321617,7615,0.523,0,0
0.1464617206916,7616,0.5232,0,0
0.14646177816702,7617,0.5234,0,0
0.14646183564243,7618,0.5236,0,0
0.14646189311782,7619,0.5238,0,0
0.14646195059321,7620,0.524,0,0
0.14646200806858,7621,0.5242,0,0
0.14646206554394,7622,0.5244,0,0
0.14646212301928,7623,0.5246,0,0
0.14646218049462,7624,0.5248,0,0
0.14646223796994,7625,0.525,0,0
0.14646229544525,7626,0.5252,0,0
0.14646235292055,7627,0.5254,0,0
0.14646241039584,7628,0.5256,0,0
0.14646246787111,7629,0.5258,0,0
0.14646252534637,7630,0.526,0,0
0.14646258282162,7631,0.5262,0,0
0.14646264029686,7632,0.5264,0,0
0.14646269777208,7633,0.5266,0,0
0.14646275524729,7634,0.5268,0,0
0.14646281272249,7635,0.527,0,0
0.14646287019768,7636,0.5272,0,0
0.14646292767286,7637,0.5274,0,0
0.14646298514802,7638,0.5276,0,0
0.14646304262317,7639,0.5278,0,0
0.14646310009831,7640,0.528,0,0
0.14646315757343,7641,0.5282,0,0
0.14646321504855,7642,0.5284,0,0
0.14646327252365,7643,0.5286,0,0
0.14646332999874,7644,0.5288,0,0
0.14646338747382,7645,0.529,0,0
0.14646344494888,7646,0.5292,0,0
0.14646350242394,7647,0.5294,0,0
0.14646355989898,7648,0.5296,0,0
0.146463617374,7649,0.5298,0,0
0.14646367484902,7650,0.53,0,0
0.14646373232402,7651,0.5302,0,0
0.14646378979902,7652,0.5304,0,0
0.146463847274,7653,0.5306,0,0
0.14646390474896,7654,0.5308,0,0
0.14646396222392,7655,0.531,0,0
0.14646401969886,7656,0.5312,0,0
0.14646407717379,7657,0.5314,0,0
0.14646413464871,7658,0.5316,0,0
0.14646419212361,7659,0.5318,0,0
0.14646424959851,7660,0.532,0,0
0.14646430707339,7661,0.5322,0,0
0.14646436454826,7662,0.5324,0,0
0.14646442202312,7663,0.5326,0,0
0.14646447949796,7664,0.5328,0,0
0.14646453697279,7665,0.533,0,0
0.14646459444761,7666,0.5332,0,0
0.14646465192242,7667,0.5334,0,0
0.14646470939722,7668,0.5336,0,0
0.146464766872,7669,0.5338,0,0
0.14646482434677,7670,0.534,0,0
0.14646488182153,7671,0.5342,0,0
0.14646493929628,7672,0.5344,0,0
0.14646499677101,7673,0.5346,0,0
0.14646505424573,7674,0.5348,0,0
0.14646511172044,7675,0.535,0,0
0.14646516919514,7676,0.5352,0,0
0.14646522666983,7677,0.5354,0,0
0.1464652841445,7678,0.5356,0,0
0.14646534161916,7679,0.5358,0,0
0.14646539909381,7680,0.536,0,0
0.14646545656845,7681,0.5362,0,0
0.14646551404307,7682,0.5364,0,0
0.14646557151768,7683,0.5366,0,0
0.14646562899228,7684,0.5368,0,0
0.14646568646687,7685,0.537,0,0
0.14646574394144,7686,0.5372,0,0
0.14646580141601,7687,0.5374,0,0
0.14646585889056,7688,0.5376,0,0
0.1464659163651,7689,0.5378,0,0
0.14646597383962,7690,0.538,0,0
0.14646603131414,7691,0.5382,0,0
0.14646608878864,7692,0.5384,0,0
0.14646614626313,7693,0.5386,0,0
0.14646620373761,7694,0.5388,0,0
0.14646626121207,7695,0.539,0,0
0.14646631868652,7696,0.5392,0,0
0.14646637616096,7697,0.5394,0,0
0.14646643363539,7698,0.5396,0,0
0.14646649110981,7699,0.5398,0,0
0.14646654858421,7700,0.54,0,0
0.1464666060586,7701,0.5402,0,0
0.14646666353298,7702,0.5404,0,0
0.14646672100735,7703,0.5406,0,0
0.14646677848171,7704,0.5408,0,0
0.14646683595605,7705,0.541,0,0
0.14646689343038,7706,0.5412,0,0
0.1464669509047,7707,0.5414,0,0
0.146467008379,7708,0.5416,0,0
0.1464670658533,7709,0.5418,0,0
0.14646712332758,7710,0.542,0,0
0.14646718080185,7711,0.5422,0,0
0.1464672382761,7712,0.5424,0,0
0.14646729575035,7713,0.5426,0,0
0.14646735322458,7714,0.5428,0,0
0.1464674106988,7715,0.543,0,0
0.14646746817301,7716,0.5432,0,0
0.14646752564721,7717,0.5434,0,0
0.14646758312139,7718,0.5436,0,0
0.14646764059556,7719,0.5438,0,0
0.14646769806972,7720,0.544,0,0
0.14646775554387,7721,0.5442,0,0
0.146467813018,7722,0.5444,0,0
0.14646787049213,7723,0.5446,0,0
0.14646792796624,7724,0.5448,0,0
0.14646798544033,7725,0.545,0,0
0.14646804291442,7726,0.5452,0,0
0.14646810038849,7727,0.5454,0,0
0.14646815786255,7728,0.5456,0,0
0.1464682153366,7729,0.5458,0,0
0.14646827281064,7730,0.546,0,0
0.14646833028467,7731,0.5462,0,0
0.14646838775868,7732,0.5464,0,0
0.14646844523268,7733,0.5466,0,0
0.14646850270667,7734,0.5468,0,0
0.14646856018064,7735,0.547,0,0
0.14646861765461,7736,0.5472,0,0
0.14646867512856,7737,0.5474,0,0
0.1464687326025,7738,0.5476,0,0
0.14646879007642,7739,0.5478,0,0
0.14646884755034,7740,0.548,0,0
0.14646890502424,7741,0.5482,0,0
0.14646896249813,7742,0.5484,0,0
0.14646901997201,7743,0.5486,0,0
0.14646907744587,7744,0.5488,0,0
0.14646913491973,7745,0.549,0,0
0.14646919239357,7746,0.5492,0,0
0.1464692498674,7747,0.5494,0,0
0.14646930734122,7748,0.5496,0,0
0.14646936481502,7749,0.5498,0,0
0.14646942228881,7750,0.55,0,0
0.14646947976259,7751,0.5502,0,0
0.14646953723636,7752,0.5504,0,0
0.14646959471012,7753,0.5506,0,0
0.14646965218386,7754,0.5508,0,0
0.14646970965759,7755,0.551,0,0
0.14646976713131,7756,0.5512,0,0
0.14646982460502,7757,0.5514,0,0
0.14646988207871,7758,0.5516,0,0
0.14646993955239,7759,0.5518,0,0
0.14646999702606,7760,0.552,0,0
0.14647005449972,7761,0.5522,0,0
0.14647011197337,7762,0.5524,0,0
0.146470169447,7763,0.5526,0,0
0.14647022692062,7764,0.5528,0,0
0.14647028439423,7765,0.553,0,0
0.14647034186783,7766,0.5532,0,0
0.14647039934141,7767,0.5534,0,0
0.14647045681499,7768,0.5536,0,0
0.14647051428855,7769,0.5538,0,0
0.14647057176209,7770,0.554,0,0
0.14647062923563,7771,0.5542,0,0
0.14647068670915,7772,0.5544,0,0
0.14647074418267,7773,0.5546,0,0
0.14647080165616,7774,0.5548,0,0
0.14647085912965,7775,0.555,0,0
0.14647091660313,7776,0.5552,0,0
0.14647097407659,7777,0.5554,0,0
0.14647103155004,7778,0.5556,0,0
0.14647108902348,7779,0.5558,0,0
0.1464711464969,7780,0.556,0,0
0.14647120397032,7781,0.5562,0,0
0.14647126144372,7782,0.5564,0,0
0.14647131891711,7783,0.5566,0,0
0.14647137639049,7784,0.5568,0,0
0.14647143386385,7785,0.557,0,0
0.1464714913372,7786,0.5572,0,0
0.14647154881054,7787,0.5574,0,0
0.14647160628387,7788,0.5576,0,0
0.14647166375719,7789,0.5578,0,0
0.14647172123049,7790,0.558,0,0
0.14647177870378,7791,0.5582,0,0
0.14647183617706,7792,0.5584,0,0
0.14647189365033,7793,0.5586,0,0
0.14647195112358,7794,0.5588,0,0
0.14647200859683,7795,0.559,0,0
0.14647206607006,7796,0.5592,0,0
0.14647212354328,7797,0.5594,0,0
0.14647218101648,7798,0.5596,0,0
0.14647223848968,7799,0.5598,0,0
0.14647229596286,7800,0.56,0,0
0.14647235343603,7801,0.5602,0,0
0.14647241090918,7802,0.5604,0,0
0.14647246838233,7803,0.5606,0,0
0.14647252585546,7804,0.5608,0,0
0.14647258332858,7805,0.561,0,0
0.14647264080169,7806,0.5612,0,0
0.14647269827479,7807,0.5614,0,0
0.14647275574787,7808,0.5616,0,0
0.14647281322094,7809,0.5618,0,0
0.146472870694,7810,0.562,0,0
0.14647292816705,7811,0.5622,0,0
0.14647298564009,7812,0.5624,0,0
0.14647304311311,7813,0.5626,0,0
0.14647310058612,7814,0.5628,0,0
0.14647315805912,7815,0.563,0,0
0.1464732155321,7816,0.5632,0,0
0.14647327300508,7817,0.5634,0,0
0.14647333047804,7818,0.5636,0,0
0.14647338795099,7819,0.5638,0,0
0.14647344542393,7820,0.564,0,0
0.14647350289685,7821,0.5642,0,0
0.14647356036977,7822,0.5644,0,0
0.14647361784267,7823,0.5646,0,0
0.14647367531556,7824,0.5648,0,0
0.14647373278843,7825,0.565,0,0
0.1464737902613,7826,0.5652,0,0
0.14647384773415,7827,0.5654,0,0
0.14647390520699,7828,0.5656,0,0
0.14647396267982,7829,0.5658,0,0
0.14647402015263,7830,0.566,0,0
0.14647407762544,7831,0.5662,0,0
0.14647413509823,7832,0.5664,0,0
0.14647419257101,7833,0.5666,0,0
0.14647425004377,7834,0.5668,0,0
0.14647430751653,7835,0.567,0,0
0.14647436498927,7836,0.5672,0,0
0.146474422462,7837,0.5674,0,0
0.14647447993472,7838,0.5676,0,0
0.14647453740742,7839,0.5678,0,0
0.14647459488012,7840,0.568,0,0
0.1464746523528,7841,0.5682,0,0
0.14647470982547,7842,0.5684,0,0
0.14647476729813,7843,0.5686,0,0
0.14647482477077,7844,0.5688,0,0
0.1464748822434,7845,0.569,0,0
0.14647493971602,7846,0.5692,0,0
0.14647499718863,7847,0.5694,0,0
0.14647505466123,7848,0.5696,0,0
0.14647511213381,7849,0.5698,0,0
0.14647516960638,7850,0.57,0,0
0.14647522707894,7851,0.5702,0,0
0.14647528455149,7852,0.5704,0,0
0.14647534202403,7853,0.5706,0,0
0.14647539949655,7854,0.5708,0,0
0.14647545696906,7855,0.571,0,0
0.14647551444156,7856,0.5712,0,0
0.14647557191404,7857,0.5714,0,0
0.14647562938652,7858,0.5716,0,0
0.14647568685898,7859,0.5718,0,0
0.14647574433143,7860,0.572,0,0
0.14647580180387,7861,0.5722,0,0
0.14647585927629,7862,0.5724,0,0
0.14647591674871,7863,0.5726,0,0
0.14647597422111,7864,0.5728,0,0
0.1464760316935,7865,0.573,0,0
0.14647608916587,7866,0.5732,0,0
0.14647614663824,7867,0.5734,0,0
0.14647620411059,7868,0.5736,0,0
0.14647626158293,7869,0.5738,0,0
0.14647631905526,7870,0.574,0,0
0.14647637652757,7871,0.5742,0,0
0.14647643399988,7872,0.5744,0,0
0.14647649147217,7873,0.5746,0,0
0.14647654894445,7874,0.5748,0,0
0.14647660641671,7875,0.575,0,0
0.14647666388897,7876,0.5752,0,0
0.14647672136121,7877,0.5754,0,0
0.14647677883344,7878,0.5756,0,0
0.14647683630566,7879,0.5758,0,0
0.14647689377786,7880,0.576,0,0
0.14647695125006,7881,0.5762,0,0
0.14647700872224,7882,0.5764,0,0
0.14647706619441,7883,0.5766,0,0
0.14647712366657,7884,0.5768,0,0
0.14647718113871,7885,0.577,0,0
0.14647723861084,7886,0.5772,0,0
0.14647729608296,7887,0.5774,0,0
0.14647735355507,7888,0.5776,0,0
0.14647741102717,7889,0.5778,0,0
0.14647746849925,7890,0.578,0,0
0.14647752597133,7891,0.5782,0,0
0.14647758344338,7892,0.5784,0,0
0.14647764091543,7893,0.5786,0,0
0.14647769838747,7894,0.5788,0,0
0.14647775585949,7895,0.579,0,0
0.1464778133315,7896,0.5792,0,0
0.1464778708035,7897,0.5794,0,0
0.14647792827549,7898,0.5796,0,0
0.14647798574746,7899,0.5798,0,0
0.14647804321942,7900,0.58,0,0
0.14647810069137,7901,0.5802,0,0
0.14647815816331,7902,0.5804,0,0
0.14647821563524,7903,0.5806,0,0
0.14647827310715,7904,0.5808,0,0
0.14647833057905,7905,0.581,0,0
0.14647838805094,7906,0.5812,0,0
0.14647844552282,7907,0.5814,0,0
0.14647850299468,7908,0.5816,0,0
0.14647856046654,7909,0.5818,0,0
0.14647861793838,7910,0.582,0,0
0.14647867541021,7911,0.5822,0,0
0.14647873288202,7912,0.5824,0,0
0.14647879035383,7913,0.5826,0,0
0.14647884782562,7914,0.5828,0,0
0.1464789052974,7915,0.583,0,0
0.14647896276916,7916,0.5832,0,0
0.14647902024092,7917,0.5834,0,0
0.14647907771266,7918,0.5836,0,0
0.14647913518439,7919,0.5838,0,0
0.14647919265611,7920,0.584,0,0
0.14647925012782,7921,0.5842,0,0
0.14647930759951,7922,0.5844,0,0
0.1464793650712,7923,0.5846,0,0
0.14647942254287,7924,0.5848,0,0
0.14647948001452,7925,0.585,0,0
0.14647953748617,7926,0.5852,0,0
0.1464795949578,7927,0.5854,0,0
0.14647965242942,7928,0.5856,0,0
0.14647970990103,7929,0.5858,0,0
0.14647976737263,7930,0.586,0,0
0.14647982484421,7931,0.5862,0,0
0.14647988231579,7932,0.5864,0,0
0.14647993978735,7933,0.5866,0,0
0.1464799972589,7934,0.5868,0,0
0.14648005473043,7935,0.587,0,0
0.14648011220196,7936,0.5872,0,0
0.14648016967347,7937,0.5874,0,0
0.14648022714497,7938,0.5876,0,0
0.14648028461645,7939,0.5878,0,0
0.14648034208793,7940,0.588,0,0
0.14648039955939,7941,0.5882,0,0
0.14648045703084,7942,0.5884,0,0
0.14648051450228,7943,0.5886,0,0
0.14648057197371,7944,0.5888,0,0
0.14648062944512,7945,0.589,0,0
0.14648068691653,7946,0.5892,0,0
0.14648074438792,7947,0.5894,0,0
0.14648080185929,7948,0.5896,0,0
0.14648085933066,7949,0.5898,0,0
0.14648091680201,7950,0.59,0,0
0.14648097427335,7951,0.5902,0,0
0.14648103174468,7952,0.5904,0,0
0.146481089216,7953,0.5906,0,0
0.14648114668731,7954,0.5908,0,0
0.1464812041586,7955,0.591,0,0
0.14648126162988,7956,0.5912,0,0
0.14648131910115,7957,0.5914,0,0
0.1464813765724,7958,0.5916,0,0
0.14648143404365,7959,0.5918,0,0
0.14648149151488,7960,0.592,0,0
0.1464815489861,7961,0.5922,0,0
0.14648160645731,7962,0.5924,0,0
0.1464816639285,7963,0.5926,0,0
0.14648172139968,7964,0.5928,0,0
0.14648177887086,7965,0.593,0,0
0.14648183634201,7966,0.5932,0,0
0.14648189381316,7967,0.5934,0,0
0.1464819512843,7968,0.5936,0,0
0.14648200875542,7969,0.5938,0,0
0.14648206622653,7970,0.594,0,0
0.14648212369763,7971,0.5942,0,0
0.14648218116871,7972,0.5944,0,0
0.14648223863979,7973,0.5946,0,0
0.14648229611085,7974,0.5948,0,0
0.1464823535819,7975,0.595,0,0
0.14648241105293,7976,0.5952,0,0
0.14648246852396,7977,0.5954,0,0
0.14648252599497,7978,0.5956,0,0
0.14648258346597,7979,0.5958,0,0
0.14648264093696,7980,0.596,0,0
0.14648269840794,7981,0.5962,0,0
0.1464827558789,7982,0.5964,0,0
0.14648281334986,7983,0.5966,0,0
0.14648287082079,7984,0.5968,0,0
0.14648292829172,7985,0.597,0,0
0.14648298576264,7986,0.5972,0,0
0.14648304323354,7987,0.5974,0,0
0.14648310070443,7988,0.5976,0,0
0.14648315817531,7989,0.5978,0,0
0.14648321564618,7990,0.598,0,0
0.14648327311703,7991,0.5982,0,0
0.14648333058788,7992,0.5984,0,0
0.14648338805871,7993,0.5986,0,0
0.14648344552953,7994,0.5988,0,0
0.14648350300033,7995,0.599,0,0
0.14648356047113,7996,0.5992,0,0
0.14648361794191,7997,0.5994,0,0
0.14648367541268,7998,0.5996,0,0
0.14648373288344,7999,0.5998,0,0
0.14648379035418,8000,0.6,0,0
0.14648384782491,8001,0.6002,0,0
0.14648390529564,8002,0.6004,0,0
0.14648396276634,8003,0.6006,0,0
0.14648402023704,8004,0.6008,0,0
0.14648407770773,8005,0.601,0,0
0.1464841351784,8006,0.6012,0,0
0.14648419264906,8007,0.6014,0,0
0.14648425011971,8008,0.6016,0,0
0.14648430759034,8009,0.6018,0,0
0.14648436506097,8010,0.602,0,0
0.14648442253158,8011,0.6022,0,0
0.14648448000218,8012,0.6024,0,0
0.14648453747277,8013,0.6026,0,0
0.14648459494334,8014,0.6028,0,0
0.1464846524139,8015,0.603,0,0
0.14648470988445,8016,0.6032,0,0
0.14648476735499,8017,0.6034,0,0
0.14648482482552,8018,0.6036,0,0
0.14648488229603,8019,0.6038,0,0
0.14648493976654,8020,0.604,0,0
0.14648499723703,8021,0.6042,0,0
0.14648505470751,8022,0.6044,0,0
0.14648511217797,8023,0.6046,0,0
0.14648516964843,8024,0.6048,0,0
0.14648522711887,8025,0.605,0,0
0.1464852845893,8026,0.6052,0,0
0.14648534205971,8027,0.6054,0,0
0.14648539953012,8028,0.6056,0,0
0.14648545700051,8029,0.6058,0,0
0.14648551447089,8030,0.606,0,0
0.14648557194126,8031,0.6062,0,0
0.14648562941162,8032,0.6064,0,0
0.14648568688196,8033,0.6066,0,0
0.14648574435229,8034,0.6068,0,0
0.14648580182261,8035,0.607,0,0
0.14648585929292,8036,0.6072,0,0
0.14648591676322,8037,0.6074,0,0
0.1464859742335,8038,0.6076,0,0
0.14648603170377,8039,0.6078,0,0
0.14648608917403,8040,0.608,0,0
0.14648614664428,8041,0.6082,0,0
0.14648620411452,8042,0.6084,0,0
0.14648626158474,8043,0.6086,0,0
0.14648631905495,8044,0.6088,0,0
0.14648637652515,8045,0.609,0,0
0.14648643399533,8046,0.6092,0,0
0.14648649146551,8047,0.6094,0,0
0.14648654893567,8048,0.6096,0,0
0.14648660640582,8049,0.6098,0,0
0.14648666387596,8050,0.61,0,0
0.14648672134608,8051,0.6102,0,0
0.1464867788162,8052,0.6104,0,0
0.1464868362863,8053,0.6106,0,0
0.14648689375639,8054,0.6108,0,0
0.14648695122647,8055,0.611,0,0
0.14648700869653,8056,0.6112,0,0
0.14648706616658,8057,0.6114,0,0
0.14648712363662,8058,0.6116,0,0
0.14648718110665,8059,0.6118,0,0
0.14648723857667,8060,0.612,0,0
0.14648729604667,8061,0.6122,0,0
0.14648735351667,8062,0.6124,0,0
0.14648741098665,8063,0.6126,0,0
0.14648746845661,8064,0.6128,0,0
0.14648752592657,8065,0.613,0,0
0.14648758339651,8066,0.6132,0,0
0.14648764086645,8067,0.6134,0,0
0.14648769833636,8068,0.6136,0,0
0.14648775580627,8069,0.6138,0,0
0.14648781327617,8070,0.614,0,0
0.14648787074605,8071,0.6142,0,0
0.14648792821592,8072,0.6144,0,0
0.14648798568578,8073,0.6146,0,0
0.14648804315563,8074,0.6148,0,0
0.14648810062546,8075,0.615,0,0
0.14648815809528,8076,0.6152,0,0
0.14648821556509,8077,0.6154,0,0
0.14648827303489,8078,0.6156,0,0
0.14648833050468,8079,0.6158,0,0
0.14648838797445,8080,0.616,0,0
0.14648844544421,8081,0.6162,0,0
0.14648850291396,8082,0.6164,0,0
0.1464885603837,8083,0.6166,0,0
0.14648861785342,8084,0.6168,0,0
0.14648867532314,8085,0.617,0,0
0.14648873279284,8086,0.6172,0,0
0.14648879026253,8087,0.6174,0,0
0.1464888477322,8088,0.6176,0,0
0.14648890520187,8089,0.6178,0,0
0.14648896267152,8090,0.618,0,0
0.14648902014116,8091,0.6182,0,0
0.14648907761079,8092,0.6184,0,0
0.1464891350804,8093,0.6186,0,0
0.14648919255001,8094,0.6188,0,0
0.1464892500196,8095,0.619,0,0
0.14648930748918,8096,0.6192,0,0
0.14648936495875,8097,0.6194,0,0
0.1464894224283,8098,0.6196,0,0
0.14648947989784,8099,0.6198,0,0
0.14648953736738,8100,0.62,0,0
0.14648959483689,8101,0.6202,0,0
0.1464896523064,8102,0.6204,0,0
0.1464897097759,8103,0.6206,0,0
0.14648976724538,8104,0.6208,0,0
0.14648982471485,8105,0.621,0,0
0.14648988218431,8106,0.6212,0,0
0.14648993965375,8107,0.6214,0,0
0.14648999712319,8108,0.6216,0,0
0.14649005459261,8109,0.6218,0,0
0.14649011206202,8110,0.622,0,0
0.14649016953142,8111,0.6222,0,0
0.1464902270008,8112,0.6224,0,0
0.14649028447017,8113,0.6226,0,0
0.14649034193954,8114,0.6228,0,0
0.14649039940888,8115,0.623,0,0
0.14649045687822,8116,0.6232,0,0
0.14649051434755,8117,0.6234,0,0
0.14649057181686,8118,0.6236,0,0
0.14649062928616,8119,0.6238,0,0
0.14649068675545,8120,0.624,0,0
0.14649074422472,8121,0.6242,0,0
0.14649080169399,8122,0.6244,0,0
0.14649085916324,8123,0.6246,0,0
0.14649091663248,8124,0.6248,0,0
0.14649097410171,8125,0.625,0,0
0.14649103157092,8126,0.6252,0,0
0.14649108904013,8127,0.6254,0,0
0.14649114650932,8128,0.6256,0,0
0.1464912039785,8129,0.6258,0,0
0.14649126144766,8130,0.626,0,0
0.14649131891682,8131,0.6262,0,0
0.14649137638596,8132,0.6264,0,0
0.14649143385509,8133,0.6266,0,0
0.14649149132421,8134,0.6268,0,0
0.14649154879332,8135,0.627,0,0
0.14649160626241,8136,0.6272,0,0
0.14649166373149,8137,0.6274,0,0
0.14649172120056,8138,0.6276,0,0
0.14649177866962,8139,0.6278,0,0
0.14649183613867,8140,0.628,0,0
0.1464918936077,8141,0.6282,0,0
0.14649195107672,8142,0.6284,0,0
0.14649200854573,8143,0.6286,0,0
0.14649206601473,8144,0.6288,0,0
0.14649212348372,8145,0.629,0,0
0.14649218095269,8146,0.6292,0,0
0.14649223842165,8147,0.6294,0,0
0.1464922958906,8148,0.6296,0,0
0.14649235335953,8149,0.6298,0,0
0.14649241082846,8150,0.63,0,0
0.14649246829737,8151,0.6302,0,0
0.14649252576627,8152,0.6304,0,0
0.14649258323516,8153,0.6306,0,0
0.14649264070404,8154,0.6308,0,0
0.1464926981729,8155,0.631,0,0
0.14649275564175,8156,0.6312,0,0
0.14649281311059,8157,0.6314,0,0
0.14649287057942,8158,0.6316,0,0
0.14649292804824,8159,0.6318,0,0
0.14649298551704,8160,0.632,0,0
0.14649304298583,8161,0.6322,0,0
0.14649310045461,8162,0.6324,0,0
0.14649315792338,8163,0.6326,0,0
0.14649321539213,8164,0.6328,0,0
0.14649327286087,8165,0.633,0,0
0.1464933303296,8166,0.6332,0,0
0.14649338779832,8167,0.6334,0,0
0.14649344526703,8168,0.6336,0,0
0.14649350273572,8169,0.6338,0,0
0.14649356020441,8170,0.634,0,0
0.14649361767308,8171,0.6342,0,0
0.14649367514173,8172,0.6344,0,0
0.14649373261038,8173,0.6346,0,0
0.14649379007901,8174,0.6348,0,0
0.14649384754763,8175,0.635,0,0
0.14649390501624,8176,0.6352,0,0
0.14649396248484,8177,0.6354,0,0
0.14649401995343,8178,0.6356,0,0
0.146494077422,8179,0.6358,0,0
0.14649413489056,8180,0.636,0,0
0.14649419235911,8181,0.6362,0,0
0.14649424982765,8182,0.6364,0,0
0.14649430729617,8183,0.6366,0,0
0.14649436476468,8184,0.6368,0,0
0.14649442223318,8185,0.637,0,0
0.14649447970167,8186,0.6372,0,0
0.14649453717015,8187,0.6374,0,0
0.14649459463861,8188,0.6376,0,0
0.14649465210706,8189,0.6378,0,0
0.1464947095755,8190,0.638,0,0
0.14649476704393,8191,0.6382,0,0
0.14649482451235,8192,0.6384,0,0
0.14649488198075,8193,0.6386,0,0
0.14649493944914,8194,0.6388,0,0
0.14649499691752,8195,0.639,0,0
0.14649505438589,8196,0.6392,0,0
0.14649511185424,8197,0.6394,0,0
0.14649516932259,8198,0.6396,0,0
0.14649522679092,8199,0.6398,0,0
0.14649528425924,8200,0.64,0,0
0.14649534172754,8201,0.6402,0,0
0.14649539919584,8202,0.6404,0,0
0.14649545666412,8203,0.6406,0,0
0.14649551413239,8204,0.6408,0,0
0.14649557160065,8205,0.641,0,0
0.14649562906889,8206,0.6412,0,0
0.14649568653713,8207,0.6414,0,0
0.14649574400535,8208,0.6416,0,0
0.14649580147356,8209,0.6418,0,0
0.14649585894176,8210,0.642,0,0
0.14649591640994,8211,0.6422,0,0
0.14649597387812,8212,0.6424,0,0
0.14649603134628,8213,0.6426,0,0
0.14649608881443,8214,0.6428,0,0
0.14649614628256,8215,0.643,0,0
0.14649620375069,8216,0.6432,0,0
0.1464962612188,8217,0.6434,0,0
0.1464963186869,8218,0.6436,0,0
0.14649637615499,8219,0.6438,0,0
0.14649643362307,8220,0.644,0,0
0.14649649109113,8221,0.6442,0,0
0.14649654855918,8222,0.6444,0,0
0.14649660602722,8223,0.6446,0,0
0.14649666349525,8224,0.6448,0,0
0.14649672096327,8225,0.645,0,0
0.14649677843127,8226,0.6452,0,0
0.14649683589926,8227,0.6454,0,0
0.14649689336724,8228,0.6456,0,0
0.14649695083521,8229,0.6458,0,0
0.14649700830317,8230,0.646,0,0
0.14649706577111,8231,0.6462,0,0
0.14649712323904,8232,0.6464,0,0
0.14649718070696,8233,0.6466,0,0
0.14649723817487,8234,0.6468,0,0
0.14649729564276,8235,0.647,0,0
0.14649735311064,8236,0.6472,0,0
0.14649741057852,8237,0.6474,0,0
0.14649746804637,8238,0.6476,0,0
0.14649752551422,8239,0.6478,0,0
0.14649758298205,8240,0.648,0,0
0.14649764044988,8241,0.6482,0,0
0.14649769791769,8242,0.6484,0,0
0.14649775538548,8243,0.6486,0,0
0.14649781285327,8244,0.6488,0,0
0.14649787032104,8245,0.649,0,0
0.14649792778881,8246,0.6492,0,0
0.14649798525656,8247,0.6494,0,0
0.14649804272429,8248,0.6496,0,0
0.14649810019202,8249,0.6498,0,0
0.14649815765973,8250,0.65,0,0
0.14649821512743,8251,0.6502,0,0
0.14649827259512,8252,0.6504,0,0
0.1464983300628,8253,0.6506,0,0
0.14649838753046,8254,0.6508,0,0
0.14649844499812,8255,0.651,0,0
0.14649850246576,8256,0.6512,0,0
0.14649855993339,8257,0.6514,0,0
0.146498617401,8258,0.6516,0,0
0.14649867486861,8259,0.6518,0,0
0.1464987323362,8260,0.652,0,0
0.14649878980378,8261,0.6522,0,0
0.14649884727135,8262,0.6524,0,0
0.1464989047389,8263,0.6526,0,0
0.14649896220645,8264,0.6528,0,0
0.14649901967398,8265,0.653,0,0
0.1464990771415,8266,0.6532,0,0
0.14649913460901,8267,0.6534,0,0
0.1464991920765,8268,0.6536,0,0
0.14649924954399,8269,0.6538,0,0
0.14649930701146,8270,0.654,0,0
0.14649936447892,8271,0.6542,0,0
0.14649942194636,8272,0.6544,0,0
0.1464994794138,8273,0.6546,0,0
0.14649953688122,8274,0.6548,0,0
0.14649959434863,8275,0.655,0,0
0.14649965181603,8276,0.6552,0,0
0.14649970928342,8277,0.6554,0,0
0.14649976675079,8278,0.6556,0,0
0.14649982421815,8279,0.6558,0,0
0.14649988168551,8280,0.656,0,0
0.14649993915284,8281,0.6562,0,0
0.14649999662017,8282,0.6564,0,0
0.14650005408748,8283,0.6566,0,0
0.14650011155479,8284,0.6568,0,0
0.14650016902208,8285,0.657,0,0
0.14650022648935,8286,0.6572,0,0
0.14650028395662,8287,0.6574,0,0
0.14650034142387,8288,0.6576,0,0
0.14650039889111,8289,0.6578,0,0
0.14650045635834,8290,0.658,0,0
0.14650051382556,8291,0.6582,0,0
0.14650057129277,8292,0.6584,0,0
0.14650062875996,8293,0.6586,0,0
0.14650068622714,8294,0.6588,0,0
0.14650074369431,8295,0.659,0,0
0.14650080116146,8296,0.6592,0,0
0.14650085862861,8297,0.6594,0,0
0.14650091609574,8298,0.6596,0,0
0.14650097356286,8299,0.6598,0,0
0.14650103102997,8300,0.66,0,0
0.14650108849707,8301,0.6602,0,0
0.14650114596415,8302,0.6604,0,0
0.14650120343122,8303,0.6606,0,0
0.14650126089828,8304,0.6608,0,0
0.14650131836533,8305,0.661,0,0
0.14650137583237,8306,0.6612,0,0
0.14650143329939,8307,0.6614,0,0
0.1465014907664,8308,0.6616,0,0
0.1465015482334,8309,0.6618,0,0
0.14650160570039,8310,0.662,0,0
0.14650166316737,8311,0.6622,0,0
0.14650172063433,8312,0.6624,0,0
0.14650177810128,8313,0.6626,0,0
0.14650183556822,8314,0.6628,0,0
0.14650189303515,8315,0.663,0,0
0.14650195050206,8316,0.6632,0,0
0.14650200796896,8317,0.6634,0,0
0.14650206543585,8318,0.6636,0,0
0.14650212290273,8319,0.6638,0,0
0.1465021803696,8320,0.664,0,0
0.14650223783645,8321,0.6642,0,0
0.1465022953033,8322,0.6644,0,0
0.14650235277013,8323,0.6646,0,0
0.14650241023694,8324,0.6648,0,0
0.14650246770375,8325,0.665,0,0
0.14650252517055,8326,0.6652,0,0
0.14650258263733,8327,0.6654,0,0
0.1465026401041,8328,0.6656,0,0
0.14650269757085,8329,0.6658,0,0
0.1465027550376,8330,0.666,0,0
0.14650281250433,8331,0.6662,0,0
0.14650286997106,8332,0.6664,0,0
0.14650292743776,8333,0.6666,0,0
0.14650298490446,8334,0.6668,0,0
0.14650304237115,8335,0.667,0,0
0.14650309983782,8336,0.6672,0,0
0.14650315730448,8337,0.6674,0,0
0.14650321477113,8338,0.6676,0,0
0.14650327223777,8339,0.6678,0,0
0.14650332970439,8340,0.668,0,0
0.146503387171,8341,0.6682,0,0
0.14650344463761,8342,0.6684,0,0
0.14650350210419,8343,0.6686,0,0
0.14650355957077,8344,0.6688,0,0
0.14650361703733,8345,0.669,0,0
0.14650367450389,8346,0.6692,0,0
0.14650373197043,8347,0.6694,0,0
0.14650378943696,8348,0.6696,0,0
0.14650384690347,8349,0.6698,0,0
0.14650390436998,8350,0.67,0,0
0.14650396183647,8351,0.6702,0,0
0.14650401930295,8352,0.6704,0,0
0.14650407676941,8353,0.6706,0,0
0.14650413423587,8354,0.6708,0,0
0.14650419170231,8355,0.671,0,0
0.14650424916874,8356,0.6712,0,0
0.14650430663516,8357,0.6714,0,0
0.14650436410157,8358,0.6716,0,0
0.14650442156797,8359,0.6718,0,0
0.14650447903435,8360,0.672,0,0
0.14650453650072,8361,0.6722,0,0
0.14650459396708,8362,0.6724,0,0
0.14650465143343,8363,0.6726,0,0
0.14650470889976,8364,0.6728,0,0
0.14650476636608,8365,0.673,0,0
0.14650482383239,8366,0.6732,0,0
0.14650488129869,8367,0.6734,0,0
0.14650493876498,8368,0.6736,0,0
0.14650499623125,8369,0.6738,0,0
0.14650505369752,8370,0.674,0,0
0.14650511116377,8371,0.6742,0,0
0.14650516863,8372,0.6744,0,0
0.14650522609623,8373,0.6746,0,0
0.14650528356244,8374,0.6748,0,0
0.14650534102865,8375,0.675,0,0
0.14650539849484,8376,0.6752,0,0
0.14650545596101,8377,0.6754,0,0
0.14650551342718,8378,0.6756,0,0
0.14650557089333,8379,0.6758,0,0
0.14650562835947,8380,0.676,0,0
0.1465056858256,8381,0.6762,0,0
0.14650574329172,8382,0.6764,0,0
0.14650580075783,8383,0.6766,0,0
0.14650585822392,8384,0.6768,0,0
0.14650591569,8385,0.677,0,0
0.14650597315607,8386,0.6772,0,0
0.14650603062213,8387,0.6774,0,0
0.14650608808817,8388,0.6776,0,0
0.1465061455542,8389,0.6778,0,0
0.14650620302022,8390,0.678,0,0
0.14650626048623,8391,0.6782,0,0
0.14650631795223,8392,0.6784,0,0
0.14650637541821,8393,0.6786,0,0
0.14650643288419,8394,0.6788,0,0
0.14650649035015,8395,0.679,0,0
0.14650654781609,8396,0.6792,0,0
0.14650660528203,8397,0.6794,0,0
0.14650666274795,8398,0.6796,0,0
0.14650672021387,8399,0.6798,0,0
0.14650677767977,8400,0.68,0,0
0.14650683514565,8401,0.6802,0,0
0.14650689261153,8402,0.6804,0,0
0.14650695007739,8403,0.6806,0,0
0.14650700754324,8404,0.6808,0,0
0.14650706500908,8405,0.681,0,0
0.14650712247491,8406,0.6812,0,0
0.14650717994073,8407,0.6814,0,0
0.14650723740653,8408,0.6816,0,0
0.14650729487232,8409,0.6818,0,0
0.1465073523381,8410,0.682,0,0
0.14650740980387,8411,0.6822,0,0
0.14650746726962,8412,0.6824,0,0
0.14650752473536,8413,0.6826,0,0
0.1465075822011,8414,0.6828,0,0
0.14650763966681,8415,0.683,0,0
0.14650769713252,8416,0.6832,0,0
0.14650775459822,8417,0.6834,0,0
0.1465078120639,8418,0.6836,0,0
0.14650786952957,8419,0.6838,0,0
0.14650792699523,8420,0.684,0,0
0.14650798446087,8421,0.6842,0,0
0.14650804192651,8422,0.6844,0,0
0.14650809939213,8423,0.6846,0,0
0.14650815685774,8424,0.6848,0,0
0.14650821432334,8425,0.685,0,0
0.14650827178892,8426,0.6852,0,0
0.1465083292545,8427,0.6854,0,0
0.14650838672006,8428,0.6856,0,0
0.14650844418561,8429,0.6858,0,0
0.14650850165115,8430,0.686,0,0
0.14650855911667,8431,0.6862,0,0
0.14650861658219,8432,0.6864,0,0
0.14650867404769,8433,0.6866,0,0
0.14650873151318,8434,0.6868,0,0
0.14650878897865,8435,0.687,0,0
0.14650884644412,8436,0.6872,0,0
0.14650890390957,8437,0.6874,0,0
0.14650896137501,8438,0.6876,0,0
0.14650901884044,8439,0.6878,0,0
0.14650907630586,8440,0.688,0,0
0.14650913377126,8441,0.6882,0,0
0.14650919123666,8442,0.6884,0,0
0.14650924870204,8443,0.6886,0,0
0.1465093061674,8444,0.6888,0,0
0.14650936363276,8445,0.689,0,0
0.14650942109811,8446,0.6892,0,0
0.14650947856344,8447,0.6894,0,0
0.14650953602876,8448,0.6896,0,0
0.14650959349407,8449,0.6898,0,0
0.14650965095936,8450,0.69,0,0
0.14650970842465,8451,0.6902,0,0
0.14650976588992,8452,0.6904,0,0
0.14650982335518,8453,0.6906,0,0
0.14650988082043,8454,0.6908,0,0
0.14650993828566,8455,0.691,0,0
0.14650999575089,8456,0.6912,0,0
0.1465100532161,8457,0.6914,0,0
0.1465101106813,8458,0.6916,0,0
0.14651016814649,8459,0.6918,0,0
0.14651022561166,8460,0.692,0,0
0.14651028307682,8461,0.6922,0,0
0.14651034054198,8462,0.6924,0,0
0.14651039800711,8463,0.6926,0,0
0.14651045547224,8464,0.6928,0,0
0.14651051293736,8465,0.693,0,0
0.14651057040246,8466,0.6932,0,0
0.14651062786755,8467,0.6934,0,0
0.14651068533263,8468,0.6936,0,0
0.1465107427977,8469,0.6938,0,0
0.14651080026275,8470,0.694,0,0
0.14651085772779,8471,0.6942,0,0
0.14651091519283,8472,0.6944,0,0
0.14651097265784,8473,0.6946,0,0
0.14651103012285,8474,0.6948,0,0
0.14651108758785,8475,0.695,0,0
0.14651114505283,8476,0.6952,0,0
0.1465112025178,8477,0.6954,0,0
0.14651125998276,8478,0.6956,0,0
0.1465113174477,8479,0.6958,0,0
0.14651137491264,8480,0.696,0,0
0.14651143237756,8481,0.6962,0,0
0.14651148984247,8482,0.6964,0,0
0.14651154730737,8483,0.6966,0,0
0.14651160477225,8484,0.6968,0,0
0.14651166223713,8485,0.697,0,0
0.14651171970199,8486,0.6972,0,0
0.14651177716684,8487,0.6974,0,0
0.14651183463168,8488,0.6976,0,0
0.1465118920965,8489,0.6978,0,0
0.14651194956131,8490,0.698,0,0
0.14651200702612,8491,0.6982,0,0
0.14651206449091,8492,0.6984,0,0
0.14651212195568,8493,0.6986,0,0
0.14651217942045,8494,0.6988,0,0
0.1465122368852,8495,0.699,0,0
0.14651229434994,8496,0.6992,0,0
0.14651235181467,8497,0.6994,0,0
0.14651240927939,8498,0.6996,0,0
0.14651246674409,8499,0.6998,0,0
0.14651252420879,8500,0.7,0,0
0.14651258167347,8501,0.7002,0,0
0.14651263913814,8502,0.7004,0,0
0.14651269660279,8503,0.7006,0,0
0.14651275406744,8504,0.7008,0,0
0.14651281153207,8505,0.701,0,0
0.14651286899669,8506,0.7012,0,0
0.1465129264613,8507,0.7014,0,0
0.14651298392589,8508,0.7016,0,0
0.14651304139048,8509,0.7018,0,0
0.14651309885505,8510,0.702,0,0
0.14651315631961,8511,0.7022,0,0
0.14651321378416,8512,0.7024,0,0
0.14651327124869,8513,0.7026,0,0
0.14651332871322,8514,0.7028,0,0
0.14651338617773,8515,0.703,0,0
0.14651344364223,8516,0.7032,0,0
0.14651350110672,8517,0.7034,0,0
0.14651355857119,8518,0.7036,0,0
0.14651361603566,8519,0.7038,0,0
0.14651367350011,8520,0.704,0,0
0.14651373096455,8521,0.7042,0,0
0.14651378842898,8522,0.7044,0,0
0.14651384589339,8523,0.7046,0,0
0.1465139033578,8524,0.7048,0,0
0.14651396082219,8525,0.705,0,0
0.14651401828657,8526,0.7052,0,0
0.14651407575093,8527,0.7054,0,0
0.14651413321529,8528,0.7056,0,0
0.14651419067963,8529,0.7058,0,0
0.14651424814396,8530,0.706,0,0
0.14651430560828,8531,0.7062,0,0
0.14651436307259,8532,0.7064,0,0
0.14651442053688,8533,0.7066,0,0
0.14651447800117,8534,0.7068,0,0
0.14651453546544,8535,0.707,0,0
0.1465145929297,8536,0.7072,0,0
0.14651465039394,8537,0.7074,0,0
0.14651470785818,8538,0.7076,0,0
0.1465147653224,8539,0.7078,0,0
0.14651482278661,8540,0.708,0,0
0.14651488025081,8541,0.7082,0,0
0.14651493771499,8542,0.7084,0,0
0.14651499517917,8543,0.7086,0,0
0.14651505264333,8544,0.7088,0,0
0.14651511010748,8545,0.709,0,0
0.14651516757162,8546,0.7092,0,0
0.14651522503574,8547,0.7094,0,0
0.14651528249986,8548,0.7096,0,0
0.14651533996396,8549,0.7098,0,0
0.14651539742805,8550,0.71,0,0
0.14651545489213,8551,0.7102,0,0
0.14651551235619,8552,0.7104,0,0
0.14651556982025,8553,0.7106,0,0
0.14651562728429,8554,0.7108,0,0
0.14651568474832,8555,0.711,0,0
0.14651574221234,8556,0.7112,0,0
0.14651579967634,8557,0.7114,0,0
0.14651585714034,8558,0.7116,0,0
0.14651591460432,8559,0.7118,0,0
0.14651597206829,8560,0.712,0,0
0.14651602953224,8561,0.7122,0,0
0.14651608699619,8562,0.7124,0,0
0.14651614446012,8563,0.7126,0,0
0.14651620192404,8564,0.7128,0,0
0.14651625938795,8565,0.713,0,0
0.14651631685185,8566,0.7132,0,0
0.14651637431573,8567,0.7134,0,0
0.14651643177961,8568,0.7136,0,0
0.14651648924347,8569,0.7138,0,0
0.14651654670732,8570,0.714,0,0
0.14651660417115,8571,0.7142,0,0
0.14651666163498,8572,0.7144,0,0
0.14651671909879,8573,0.7146,0,0
0.14651677656259,8574,0.7148,0,0
0.14651683402638,8575,0.715,0,0
0.14651689149016,8576,0.7152,0,0
0.14651694895392,8577,0.7154,0,0
0.14651700641767,8578,0.7156,0,0
0.14651706388141,8579,0.7158,0,0
0.14651712134514,8580,0.716,0,0
0.14651717880886,8581,0.7162,0,0
0.14651723627256,8582,0.7164,0,0
0.14651729373625,8583,0.7166,0,0
0.14651735119993,8584,0.7168,0,0
0.1465174086636,8585,0.717,0,0
0.14651746612726,8586,0.7172,0,0
0.1465175235909,8587,0.7174,0,0
0.14651758105453,8588,0.7176,0,0
0.14651763851815,8589,0.7178,0,0
0.14651769598176,8590,0.718,0,0
0.14651775344536,8591,0.7182,0,0
0.14651781090894,8592,0.7184,0,0
0.14651786837251,8593,0.7186,0,0
0.14651792583607,8594,0.7188,0,0
0.14651798329962,8595,0.719,0,0
0.14651804076315,8596,0.7192,0,0
0.14651809822668,8597,0.7194,0,0
0.14651815569019,8598,0.7196,0,0
0.14651821315369,8599,0.7198,0,0
0.14651827061717,8600,0.72,0,0
0.14651832808065,8601,0.7202,0,0
0.14651838554411,8602,0.7204,0,0
0.14651844300756,8603,0.7206,0,0
0.146518500471,8604,0.7208,0,0
0.14651855793443,8605,0.721,0,0
0.14651861539784,8606,0.7212,0,0
0.14651867286125,8607,0.7214,0,0
0.14651873032464,8608,0.7216,0,0
0.14651878778802,8609,0.7218,0,0
0.14651884525138,8610,0.722,0,0
0.14651890271474,8611,0.7222,0,0
0.14651896017808,8612,0.7224,0,0
0.14651901764141,8613,0.7226,0,0
0.14651907510473,8614,0.7228,0,0
0.14651913256804,8615,0.723,0,0
0.14651919003133,8616,0.7232,0,0
0.14651924749461,8617,0.7234,0,0
0.14651930495788,8618,0.7236,0,0
0.14651936242114,8619,0.7238,0,0
0.14651941988439,8620,0.724,0,0
0.14651947734762,8621,0.7242,0,0
0.14651953481084,8622,0.7244,0,0
0.14651959227405,8623,0.7246,0,0
0.14651964973725,8624,0.7248,0,0
0.14651970720044,8625,0.725,0,0
0.14651976466361,8626,0.7252,0,0
0.14651982212677,8627,0.7254,0,0
0.14651987958992,8628,0.7256,0,0
0.14651993705306,8629,0.7258,0,0
0.14651999451619,8630,0.726,0,0
0.1465200519793,8631,0.7262,0,0
0.1465201094424,8632,0.7264,0,0
0.14652016690549,8633,0.7266,0,0
0.14652022436857,8634,0.7268,0,0
0.14652028183163,8635,0.727,0,0
0.14652033929469,8636,0.7272,0,0
0.14652039675773,8637,0.7274,0,0
0.14652045422076,8638,0.7276,0,0
0.14652051168377,8639,0.7278,0,0
0.14652056914678,8640,0.728,0,0
0.14652062660977,8641,0.7282,0,0
0.14652068407275,8642,0.7284,0,0
0.14652074153572,8643,0.7286,0,0
0.14652079899868,8644,0.7288,0,0
0.14652085646163,8645,0.729,0,0
0.14652091392456,8646,0.7292,0,0
0.14652097138748,8647,0.7294,0,0
0.14652102885039,8648,0.7296,0,0
0.14652108631329,8649,0.7298,0,0
0.14652114377617,8650,0.73,0,0
0.14652120123904,8651,0.7302,0,0
0.1465212587019,8652,0.7304,0,0
0.14652131616475,8653,0.7306,0,0
0.14652137362759,8654,0.7308,0,0
0.14652143109041,8655,0.731,0,0
0.14652148855323,8656,0.7312,0,0
0.14652154601603,8657,0.7314,0,0
0.14652160347881,8658,0.7316,0,0
0.14652166094159,8659,0.7318,0,0
0.14652171840435,8660,0.732,0,0
0.14652177586711,8661,0.7322,0,0
0.14652183332985,8662,0.7324,0,0
0.14652189079258,8663,0.7326,0,0
0.14652194825529,8664,0.7328,0,0
0.146522005718,8665,0.733,0,0
0.14652206318069,8666,0.7332,0,0
0.14652212064337,8667,0.7334,0,0
0.14652217810604,8668,0.7336,0,0
0.14652223556869,8669,0.7338,0,0
0.14652229303134,8670,0.734,0,0
0.14652235049397,8671,0.7342,0,0
0.14652240795659,8672,0.7344,0,0
0.14652246541919,8673,0.7346,0,0
0.14652252288179,8674,0.7348,0,0
0.14652258034437,8675,0.735,0,0
0.14652263780695,8676,0.7352,0,0
0.14652269526951,8677,0.7354,0,0
0.14652275273205,8678,0.7356,0,0
0.14652281019459,8679,0.7358,0,0
0.14652286765711,8680,0.736,0,0
0.14652292511962,8681,0.7362,0,0
0.14652298258212,8682,0.7364,0,0
0.14652304004461,8683,0.7366,0,0
0.14652309750709,8684,0.7368,0,0
0.14652315496955,8685,0.737,0,0
0.146523212432,8686,0.7372,0,0
0.14652326989444,8687,0.7374,0,0
0.14652332735687,8688,0.7376,0,0
0.14652338481928,8689,0.7378,0,0
0.14652344228168,8690,0.738,0,0
0.14652349974407,8691,0.7382,0,0
0.14652355720645,8692,0.7384,0,0
0.14652361466882,8693,0.7386,0,0
0.14652367213118,8694,0.7388,0,0
0.14652372959352,8695,0.739,0,0
0.14652378705585,8696,0.7392,0,0
0.14652384451817,8697,0.7394,0,0
0.14652390198047,8698,0.7396,0,0
0.14652395944277,8699,0.7398,0,0
0.14652401690505,8700,0.74,0,0
0.14652407436732,8701,0.7402,0,0
0.14652413182958,8702,0.7404,0,0
0.14652418929183,8703,0.7406,0,0
0.14652424675406,8704,0.7408,0,0
0.14652430421628,8705,0.741,0,0
0.14652436167849,8706,0.7412,0,0
0.14652441914069,8707,0.7414,0,0
0.14652447660288,8708,0.7416,0,0
0.14652453406505,8709,0.7418,0,0
0.14652459152722,8710,0.742,0,0
0.14652464898937,8711,0.7422,0,0
0.1465247064515,8712,0.7424,0,0
0.14652476391363,8713,0.7426,0,0
0.14652482137574,8714,0.7428,0,0
0.14652487883785,8715,0.743,0,0
0.14652493629994,8716,0.7432,0,0
0.14652499376201,8717,0.7434,0,0
0.14652505122408,8718,0.7436,0,0
0.14652510868613,8719,0.7438,0,0
0.14652516614817,8720,0.744,0,0
0.1465252236102,8721,0.7442,0,0
0.14652528107222,8722,0.7444,0,0
0.14652533853423,8723,0.7446,0,0
0.14652539599622,8724,0.7448,0,0
0.1465254534582,8725,0.745,0,0
0.14652551092017,8726,0.7452,0,0
0.14652556838213,8727,0.7454,0,0
0.14652562584408,8728,0.7456,0,0
0.14652568330601,8729,0.7458,0,0
0.14652574076793,8730,0.746,0,0
0.14652579822984,8731,0.7462,0,0
0.14652585569174,8732,0.7464,0,0
0.14652591315362,8733,0.7466,0,0
0.1465259706155,8734,0.7468,0,0
0.14652602807736,8735,0.747,0,0
0.14652608553921,8736,0.7472,0,0
0.14652614300104,8737,0.7474,0,0
0.14652620046287,8738,0.7476,0,0
0.14652625792468,8739,0.7478,0,0
0.14652631538648,8740,0.748,0,0
0.14652637284827,8741,0.7482,0,0
0.14652643031005,8742,0.7484,0,0
0.14652648777181,8743,0.7486,0,0
0.14652654523357,8744,0.7488,0,0
0.14652660269531,8745,0.749,0,0
0.14652666015704,8746,0.7492,0,0
0.14652671761875,8747,0.7494,0,0
0.14652677508046,8748,0.7496,0,0
0.14652683254215,8749,0.7498,0,0
0.14652689000383,8750,0.75,0,0
0.1465269474655,8751,0.7502,0,0
0.14652700492716,8752,0.7504,0,0
0.1465270623888,8753,0.7506,0,0
0.14652711985043,8754,0.7508,0,0
0.14652717731205,8755,0.751,0,0
0.14652723477366,8756,0.7512,0,0
0.14652729223526,8757,0.7514,0,0
0.14652734969684,8758,0.7516,0,0
0.14652740715841,8759,0.7518,0,0
0.14652746461998,8760,0.752,0,0
0.14652752208152,8761,0.7522,0,0
0.14652757954306,8762,0.7524,0,0
0.14652763700458,8763,0.7526,0,0
0.1465276944661,8764,0.7528,0,0
0.1465277519276,8765,0.753,0,0
0.14652780938908,8766,0.7532,0,0
0.14652786685056,8767,0.7534,0,0
0.14652792431202,8768,0.7536,0,0
0.14652798177348,8769,0.7538,0,0
0.14652803923492,8770,0.754,0,0
0.14652809669634,8771,0.7542,0,0
0.14652815415776,8772,0.7544,0,0
0.14652821161916,8773,0.7546,0,0
0.14652826908056,8774,0.7548,0,0
0.14652832654194,8775,0.755,0,0
0.1465283840033,8776,0.7552,0,0
0.14652844146466,8777,0.7554,0,0
0.146528498926,8778,0.7556,0,0
0.14652855638733,8779,0.7558,0,0
0.14652861384865,8780,0.756,0,0
0.14652867130996,8781,0.7562,0,0
0.14652872877126,8782,0.7564,0,0
0.14652878623254,8783,0.7566,0,0
0.14652884369381,8784,0.7568,0,0
0.14652890115507,8785,0.757,0,0
0.14652895861632,8786,0.7572,0,0
0.14652901607755,8787,0.7574,0,0
0.14652907353878,8788,0.7576,0,0
0.14652913099999,8789,0.7578,0,0
0.14652918846119,8790,0.758,0,0
0.14652924592237,8791,0.7582,0,0
0.14652930338355,8792,0.7584,0,0
0.14652936084471,8793,0.7586,0,0
0.14652941830586,8794,0.7588,0,0
0.146529475767,8795,0.759,0,0
0.14652953322813,8796,0.7592,0,0
0.14652959068924,8797,0.7594,0,0
0.14652964815035,8798,0.7596,0,0
0.14652970561144,8799,0.7598,0,0
0.14652976307252,8800,0.76,0,0
0.14652982053358,8801,0.7602,0,0
0.14652987799464,8802,0.7604,0,0
0.14652993545568,8803,0.7606,0,0
0.14652999291671,8804,0.7608,0,0
0.14653005037773,8805,0.761,0,0
0.14653010783874,8806,0.7612,0,0
0.14653016529973,8807,0.7614,0,0
0.14653022276072,8808,0.7616,0,0
0.14653028022169,8809,0.7618,0,0
0.14653033768264,8810,0.762,0,0
0.14653039514359,8811,0.7622,0,0
0.14653045260453,8812,0.7624,0,0
0.14653051006545,8813,0.7626,0,0
0.14653056752636,8814,0.7628,0,0
0.14653062498726,8815,0.763,0,0
0.14653068244814,8816,0.7632,0,0
0.14653073990902,8817,0.7634,0,0
0.14653079736988,8818,0.7636,0,0
0.14653085483073,8819,0.7638,0,0
0.14653091229157,8820,0.764,0,0
0.14653096975239,8821,0.7642,0,0
0.14653102721321,8822,0.7644,0,0
0.14653108467401,8823,0.7646,0,0
0.1465311421348,8824,0.7648,0,0
0.14653119959558,8825,0.765,0,0
0.14653125705635,8826,0.7652,0,0
0.1465313145171,8827,0.7654,0,0
0.14653137197784,8828,0.7656,0,0
0.14653142943857,8829,0.7658,0,0
0.14653148689929,8830,0.766,0,0
0.14653154435999,8831,0.7662,0,0
0.14653160182069,8832,0.7664,0,0
0.14653165928137,8833,0.7666,0,0
0.14653171674204,8834,0.7668,0,0
0.1465317742027,8835,0.767,0,0
0.14653183166334,8836,0.7672,0,0
0.14653188912398,8837,0.7674,0,0
0.1465319465846,8838,0.7676,0,0
0.14653200404521,8839,0.7678,0,0
0.14653206150581,8840,0.768,0,0
0.14653211896639,8841,0.7682,0,0
0.14653217642697,8842,0.7684,0,0
0.14653223388753,8843,0.7686,0,0
0.14653229134808,8844,0.7688,0,0
0.14653234880861,8845,0.769,0,0
0.14653240626914,8846,0.7692,0,0
0.14653246372965,8847,0.7694,0,0
0.14653252119015,8848,0.7696,0,0
0.14653257865064,8849,0.7698,0,0
0.14653263611112,8850,0.77,0,0
0.14653269357159,8851,0.7702,0,0
0.14653275103204,8852,0.7704,0,0
0.14653280849248,8853,0.7706,0,0
0.14653286595291,8854,0.7708,0,0
0.14653292341333,8855,0.771,0,0
0.14653298087373,8856,0.7712,0,0
0.14653303833413,8857,0.7714,0,0
0.14653309579451,8858,0.7716,0,0
0.14653315325488,8859,0.7718,0,0
0.14653321071523,8860,0.772,0,0
0.14653326817558,8861,0.7722,0,0
0.14653332563591,8862,0.7724,0,0
0.14653338309623,8863,0.7726,0,0
0.14653344055654,8864,0.7728,0,0
0.14653349801684,8865,0.773,0,0
0.14653355547712,8866,0.7732,0,0
0.14653361293739,8867,0.7734,0,0
0.14653367039766,8868,0.7736,0,0
0.1465337278579,8869,0.7738,0,0
0.14653378531814,8870,0.774,0,0
0.14653384277837,8871,0.7742,0,0
0.14653390023858,8872,0.7744,0,0
0.14653395769878,8873,0.7746,0,0
0.14653401515897,8874,0.7748,0,0
0.14653407261914,8875,0.775,0,0
0.14653413007931,8876,0.7752,0,0
0.14653418753946,8877,0.7754,0,0
0.1465342449996,8878,0.7756,0,0
0.14653430245973,8879,0.7758,0,0
0.14653435991985,8880,0.776,0,0
0.14653441737995,8881,0.7762,0,0
0.14653447484004,8882,0.7764,0,0
0.14653453230012,8883,0.7766,0,0
0.14653458976019,8884,0.7768,0,0
0.14653464722025,8885,0.777,0,0
0.14653470468029,8886,0.7772,0,0
0.14653476214032,8887,0.7774,0,0
0.14653481960034,8888,0.7776,0,0
0.14653487706035,8889,0.7778,0,0
0.14653493452035,8890,0.778,0,0
0.14653499198033,8891,0.7782,0,0
0.1465350494403,8892,0.7784,0,0
0.14653510690026,8893,0.7786,0,0
0.14653516436021,8894,0.7788,0,0
0.14653522182015,8895,0.779,0,0
0.14653527928007,8896,0.7792,0,0
0.14653533673998,8897,0.7794,0,0
0.14653539419988,8898,0.7796,0,0
0.14653545165977,8899,0.7798,0,0
0.14653550911965,8900,0.78,0,0
0.14653556657951,8901,0.7802,0,0
0.14653562403936,8902,0.7804,0,0
0.1465356814992,8903,0.7806,0,0
0.14653573895903,8904,0.7808,0,0
0.14653579641885,8905,0.781,0,0
0.14653585387865,8906,0.7812,0,0
0.14653591133844,8907,0.7814,0,0
0.14653596879822,8908,0.7816,0,0
0.14653602625799,8909,0.7818,0,0
0.14653608371774,8910,0.782,0,0
0.14653614117749,8911,0.7822,0,0
0.14653619863722,8912,0.7824,0,0
0.14653625609694,8913,0.7826,0,0
0.14653631355665,8914,0.7828,0,0
0.14653637101634,8915,0.783,0,0
0.14653642847603,8916,0.7832,0,0
0.1465364859357,8917,0.7834,0,0
0.14653654339536,8918,0.7836,0,0
0.146536600855,8919,0.7838,0,0
0.14653665831464,8920,0.784,0,0
0.14653671577426,8921,0.7842,0,0
0.14653677323387,8922,0.7844,0,0
0.14653683069347,8923,0.7846,0,0
0.14653688815306,8924,0.7848,0,0
0.14653694561263,8925,0.785,0,0
0.1465370030722,8926,0.7852,0,0
0.14653706053175,8927,0.7854,0,0
0.14653711799129,8928,0.7856,0,0
0.14653717545081,8929,0.7858,0,0
0.14653723291033,8930,0.786,0,0
0.14653729036983,8931,0.7862,0,0
0.14653734782932,8932,0.7864,0,0
0.1465374052888,8933,0.7866,0,0
0.14653746274827,8934,0.7868,0,0
0.14653752020772,8935,0.787,0,0
0.14653757766717,8936,0.7872,0,0
0.1465376351266,8937,0.7874,0,0
0.14653769258602,8938,0.7876,0,0
0.14653775004542,8939,0.7878,0,0
0.14653780750482,8940,0.788,0,0
0.1465378649642,8941,0.7882,0,0
0.14653792242357,8942,0.7884,0,0
0.14653797988293,8943,0.7886,0,0
0.14653803734228,8944,0.7888,0,0
0.14653809480161,8945,0.789,0,0
0.14653815226093,8946,0.7892,0,0
0.14653820972024,8947,0.7894,0,0
0.14653826717954,8948,0.7896,0,0
0.14653832463883,8949,0.7898,0,0
0.1465383820981,8950,0.79,0,0
0.14653843955737,8951,0.7902,0,0
0.14653849701662,8952,0.7904,0,0
0.14653855447586,8953,0.7906,0,0
0.14653861193508,8954,0.7908,0,0
0.1465386693943,8955,0.791,0,0
0.1465387268535,8956,0.7912,0,0
0.14653878431269,8957,0.7914,0,0
0.14653884177187,8958,0.7916,0,0
0.14653889923103,8959,0.7918,0,0
0.14653895669019,8960,0.792,0,0
0.14653901414933,8961,0.7922,0,0
0.14653907160846,8962,0.7924,0,0
0.14653912906758,8963,0.7926,0,0
0.14653918652668,8964,0.7928,0,0
0.14653924398578,8965,0.793,0,0
0.14653930144486,8966,0.7932,0,0
0.14653935890393,8967,0.7934,0,0
0.14653941636299,8968,0.7936,0,0
0.14653947382203,8969,0.7938,0,0
0.14653953128107,8970,0.794,0,0
0.14653958874009,8971,0.7942,0,0
0.1465396461991,8972,0.7944,0,0
0.1465397036581,8973,0.7946,0,0
0.14653976111708,8974,0.7948,0,0
0.14653981857606,8975,0.795,0,0
0.14653987603502,8976,0.7952,0,0
0.14653993349397,8977,0.7954,0,0
0.14653999095291,8978,0.7956,0,0
0.14654004841183,8979,0.7958,0,0
0.14654010587075,8980,0.796,0,0
0.14654016332965,8981,0.7962,0,0
0.14654022078854,8982,0.7964,0,0
0.14654027824742,8983,0.7966,0,0
0.14654033570628,8984,0.7968,0,0
0.14654039316513,8985,0.797,0,0
0.14654045062398,8986,0.7972,0,0
0.14654050808281,8987,0.7974,0,0
0.14654056554162,8988,0.7976,0,0
0.14654062300043,8989,0.7978,0,0
0.14654068045922,8990,0.798,0,0
0.146540737918,8991,0.7982,0,0
0.14654079537677,8992,0.7984,0,0
0.14654085283553,8993,0.7986,0,0
0.14654091029428,8994,0.7988,0,0
0.14654096775301,8995,0.799,0,0
0.14654102521173,8996,0.7992,0,0
0.14654108267044,8997,0.7994,0,0
0.14654114012914,8998,0.7996,0,0
0.14654119758782,8999,0.7998,0,0
0.1465412550465,9000,0.8,0,0
0.14654131250516,9001,0.8002,0,0
0.14654136996381,9002,0.8004,0,0
0.14654142742244,9003,0.8006,0,0
0.14654148488107,9004,0.8008,0,0
0.14654154233968,9005,0.801,0,0
0.14654159979828,9006,0.8012,0,0
0.14654165725687,9007,0.8014,0,0
0.14654171471545,9008,0.8016,0,0
0.14654177217401,9009,0.8018,0,0
0.14654182963257,9010,0.802,0,0
0.14654188709111,9011,0.8022,0,0
0.14654194454964,9012,0.8024,0,0
0.14654200200815,9013,0.8026,0,0
0.14654205946666,9014,0.8028,0,0
0.14654211692515,9015,0.803,0,0
0.14654217438363,9016,0.8032,0,0
0.1465422318421,9017,0.8034,0,0
0.14654228930056,9018,0.8036,0,0
0.146542346759,9019,0.8038,0,0
0.14654240421743,9020,0.804,0,0
0.14654246167585,9021,0.8042,0,0
0.14654251913426,9022,0.8044,0,0
0.14654257659266,9023,0.8046,0,0
0.14654263405104,9024,0.8048,0,0
0.14654269150942,9025,0.805,0,0
0.14654274896778,9026,0.8052,0,0
0.14654280642613,9027,0.8054,0,0
0.14654286388446,9028,0.8056,0,0
0.14654292134279,9029,0.8058,0,0
0.1465429788011,9030,0.806,0,0
0.1465430362594,9031,0.8062,0,0
0.14654309371769,9032,0.8064,0,0
0.14654315117596,9033,0.8066,0,0
0.14654320863423,9034,0.8068,0,0
0.14654326609248,9035,0.807,0,0
0.14654332355072,9036,0.8072,0,0
0.14654338100895,9037,0.8074,0,0
0.14654343846717,9038,0.8076,0,0
0.14654349592537,9039,0.8078,0,0
0.14654355338356,9040,0.808,0,0
0.14654361084174,9041,0.8082,0,0
0.14654366829991,9042,0.8084,0,0
0.14654372575807,9043,0.8086,0,0
0.14654378321621,9044,0.8088,0,0
0.14654384067434,9045,0.809,0,0
0.14654389813246,9046,0.8092,0,0
0.14654395559057,9047,0.8094,0,0
0.14654401304867,9048,0.8096,0,0
0.14654407050675,9049,0.8098,0,0
0.14654412796482,9050,0.81,0,0
0.14654418542288,9051,0.8102,0,0
0.14654424288093,9052,0.8104,0,0
0.14654430033897,9053,0.8106,0,0
0.14654435779699,9054,0.8108,0,0
0.146544415255,9055,0.811,0,0
0.146544472713,9056,0.8112,0,0
0.14654453017099,9057,0.8114,0,0
0.14654458762897,9058,0.8116,0,0
0.14654464508693,9059,0.8118,0,0
0.14654470254488,9060,0.812,0,0
0.14654476000282,9061,0.8122,0,0
0.14654481746075,9062,0.8124,0,0
0.14654487491866,9063,0.8126,0,0
0.14654493237657,9064,0.8128,0,0
0.14654498983446,9065,0.813,0,0
0.14654504729234,9066,0.8132,0,0
0.14654510475021,9067,0.8134,0,0
0.14654516220806,9068,0.8136,0,0
0.1465452196659,9069,0.8138,0,0
0.14654527712374,9070,0.814,0,0
0.14654533458156,9071,0.8142,0,0
0.14654539203936,9072,0.8144,0,0
0.14654544949716,9073,0.8146,0,0
0.14654550695494,9074,0.8148,0,0
0.14654556441271,9075,0.815,0,0
0.14654562187047,9076,0.8152,0,0
0.14654567932822,9077,0.8154,0,0
0.14654573678595,9078,0.8156,0,0
0.14654579424368,9079,0.8158,0,0
0.14654585170139,9080,0.816,0,0
0.14654590915909,9081,0.8162,0,0
0.14654596661678,9082,0.8164,0,0
0.14654602407445,9083,0.8166,0,0
0.14654608153211,9084,0.8168,0,0
0.14654613898977,9085,0.817,0,0
0.1465461964474,9086,0.8172,0,0
0.14654625390503,9087,0.8174,0,0
0.14654631136265,9088,0.8176,0,0
0.14654636882025,9089,0.8178,0,0
0.14654642627784,9090,0.818,0,0
0.14654648373542,9091,0.8182,0,0
0.14654654119299,9092,0.8184,0,0
0.14654659865054,9093,0.8186,0,0
0.14654665610808,9094,0.8188,0,0
0.14654671356561,9095,0.819,0,0
0.14654677102313,9096,0.8192,0,0
0.14654682848064,9097,0.8194,0,0
0.14654688593813,9098,0.8196,0,0
0.14654694339562,9099,0.8198,0,0
0.14654700085309,9100,0.82,0,0
0.14654705831055,9101,0.8202,0,0
0.14654711576799,9102,0.8204,0,0
0.14654717322543,9103,0.8206,0,0
0.14654723068285,9104,0.8208,0,0
0.14654728814026,9105,0.821,0,0
0.14654734559766,9106,0.8212,0,0
0.14654740305505,9107,0.8214,0,0
0.14654746051242,9108,0.8216,0,0
0.14654751796978,9109,0.8218,0,0
0.14654757542713,9110,0.822,0,0
0.14654763288447,9111,0.8222,0,0
0.1465476903418,9112,0.8224,0,0
0.14654774779911,9113,0.8226,0,0
0.14654780525642,9114,0.8228,0,0
0.14654786271371,9115,0.823,0,0
0.14654792017098,9116,0.8232,0,0
0.14654797762825,9117,0.8234,0,0
0.1465480350855,9118,0.8236,0,0
0.14654809254275,9119,0.8238,0,0
0.14654814999998,9120,0.824,0,0
0.1465482074572,9121,0.8242,0,0
0.1465482649144,9122,0.8244,0,0
0.1465483223716,9123,0.8246,0,0
0.14654837982878,9124,0.8248,0,0
0.14654843728595,9125,0.825,0,0
0.14654849474311,9126,0.8252,0,0
0.14654855220025,9127,0.8254,0,0
0.14654860965739,9128,0.8256,0,0
0.14654866711451,9129,0.8258,0,0
0.14654872457162,9130,0.826,0,0
0.14654878202872,9131,0.8262,0,0
0.1465488394858,9132,0.8264,0,0
0.14654889694288,9133,0.8266,0,0
0.14654895439994,9134,0.8268,0,0
0.14654901185699,9135,0.827,0,0
0.14654906931403,9136,0.8272,0,0
0.14654912677105,9137,0.8274,0,0
0.14654918422807,9138,0.8276,0,0
0.14654924168507,9139,0.8278,0,0
0.14654929914206,9140,0.828,0,0
0.14654935659903,9141,0.8282,0,0
0.146549414056,9142,0.8284,0,0
0.14654947151295,9143,0.8286,0,0
0.1465495289699,9144,0.8288,0,0
0.14654958642682,9145,0.829,0,0
0.14654964388374,9146,0.8292,0,0
0.14654970134065,9147,0.8294,0,0
0.14654975879754,9148,0.8296,0,0
0.14654981625442,9149,0.8298,0,0
0.14654987371129,9150,0.83,0,0
0.14654993116815,9151,0.8302,0,0
0.146549988625,9152,0.8304,0,0
0.14655004608183,9153,0.8306,0,0
0.14655010353865,9154,0.8308,0,0
0.14655016099546,9155,0.831,0,0
0.14655021845226,9156,0.8312,0,0
0.14655027590904,9157,0.8314,0,0
0.14655033336582,9158,0.8316,0,0
0.14655039082258,9159,0.8318,0,0
0.14655044827933,9160,0.832,0,0
0.14655050573606,9161,0.8322,0,0
0.14655056319279,9162,0.8324,0,0
0.1465506206495,9163,0.8326,0,0
0.1465506781062,9164,0.8328,0,0
0.14655073556289,9165,0.833,0,0
0.14655079301957,9166,0.8332,0,0
0.14655085047623,9167,0.8334,0,0
0.14655090793289,9168,0.8336,0,0
0.14655096538953,9169,0.8338,0,0
0.14655102284616,9170,0.834,0,0
0.14655108030277,9171,0.8342,0,0
0.14655113775938,9172,0.8344,0,0
0.14655119521597,9173,0.8346,0,0
0.14655125267255,9174,0.8348,0,0
0.14655131012912,9175,0.835,0,0
0.14655136758568,9176,0.8352,0,0
0.14655142504222,9177,0.8354,0,0
0.14655148249876,9178,0.8356,0,0
0.14655153995528,9179,0.8358,0,0
0.14655159741178,9180,0.836,0,0
0.14655165486828,9181,0.8362,0,0
0.14655171232477,9182,0.8364,0,0
0.14655176978124,9183,0.8366,0,0
0.1465518272377,9184,0.8368,0,0
0.14655188469415,9185,0.837,0,0
0.14655194215058,9186,0.8372,0,0
0.14655199960701,9187,0.8374,0,0
0.14655205706342,9188,0.8376,0,0
0.14655211451982,9189,0.8378,0,0
0.14655217197621,9190,0.838,0,0
0.14655222943259,9191,0.8382,0,0
0.14655228688895,9192,0.8384,0,0
0.1465523443453,9193,0.8386,0,0
0.14655240180164,9194,0.8388,0,0
0.14655245925797,9195,0.839,0,0
0.14655251671429,9196,0.8392,0,0
0.14655257417059,9197,0.8394,0,0
0.14655263162688,9198,0.8396,0,0
0.14655268908317,9199,0.8398,0,0
0.14655274653943,9200,0.84,0,0
0.14655280399569,9201,0.8402,0,0
0.14655286145193,9202,0.8404,0,0
0.14655291890817,9203,0.8406,0,0
0.14655297636439,9204,0.8408,0,0
0.14655303382059,9205,0.841,0,0
0.14655309127679,9206,0.8412,0,0
0.14655314873297,9207,0.8414,0,0
0.14655320618915,9208,0.8416,0,0
0.14655326364531,9209,0.8418,0,0
0.14655332110145,9210,0.842,0,0
0.14655337855759,9211,0.8422,0,0
0.14655343601371,9212,0.8424,0,0
0.14655349346983,9213,0.8426,0,0
0.14655355092592,9214,0.8428,0,0
0.14655360838201,9215,0.843,0,0
0.14655366583809,9216,0.8432,0,0
0.14655372329415,9217,0.8434,0,0
0.1465537807502,9218,0.8436,0,0
0.14655383820624,9219,0.8438,0,0
0.14655389566227,9220,0.844,0,0
0.14655395311829,9221,0.8442,0,0
0.14655401057429,9222,0.8444,0,0
0.14655406803028,9223,0.8446,0,0
0.14655412548626,9224,0.8448,0,0
0.14655418294223,9225,0.845,0,0
0.14655424039818,9226,0.8452,0,0
0.14655429785413,9227,0.8454,0,0
0.14655435531006,9228,0.8456,0,0
0.14655441276598,9229,0.8458,0,0
0.14655447022189,9230,0.846,0,0
0.14655452767778,9231,0.8462,0,0
0.14655458513366,9232,0.8464,0,0
0.14655464258954,9233,0.8466,0,0
0.1465547000454,9234,0.8468,0,0
0.14655475750124,9235,0.847,0,0
0.14655481495708,9236,0.8472,0,0
0.1465548724129,9237,0.8474,0,0
0.14655492986871,9238,0.8476,0,0
0.14655498732451,9239,0.8478,0,0
0.1465550447803,9240,0.848,0,0
0.14655510223607,9241,0.8482,0,0
0.14655515969184,9242,0.8484,0,0
0.14655521714759,9243,0.8486,0,0
0.14655527460333,9244,0.8488,0,0
0.14655533205905,9245,0.849,0,0
0.14655538951477,9246,0.8492,0,0
0.14655544697047,9247,0.8494,0,0
0.14655550442616,9248,0.8496,0,0
0.14655556188184,9249,0.8498,0,0
0.14655561933751,9250,0.85,0,0
0.14655567679316,9251,0.8502,0,0
0.14655573424881,9252,0.8504,0,0
0.14655579170444,9253,0.8506,0,0
0.14655584916005,9254,0.8508,0,0
0.14655590661566,9255,0.851,0,0
0.14655596407126,9256,0.8512,0,0
0.14655602152684,9257,0.8514,0,0
0.14655607898241,9258,0.8516,0,0
0.14655613643797,9259,0.8518,0,0
0.14655619389351,9260,0.852,0,0
0.14655625134905,9261,0.8522,0,0
0.14655630880457,9262,0.8524,0,0
0.14655636626008,9263,0.8526,0,0
0.14655642371558,9264,0.8528,0,0
0.14655648117107,9265,0.853,0,0
0.14655653862654,9266,0.8532,0,0
0.146556596082,9267,0.8534,0,0
0.14655665353745,9268,0.8536,0,0
0.14655671099289,9269,0.8538,0,0
0.14655676844832,9270,0.854,0,0
0.14655682590373,9271,0.8542,0,0
0.14655688335913,9272,0.8544,0,0
0.14655694081452,9273,0.8546,0,0
0.1465569982699,9274,0.8548,0,0
0.14655705572527,9275,0.855,0,0
0.14655711318062,9276,0.8552,0,0
0.14655717063596,9277,0.8554,0,0
0.14655722809129,9278,0.8556,0,0
0.14655728554661,9279,0.8558,0,0
0.14655734300192,9280,0.856,0,0
0.14655740045721,9281,0.8562,0,0
0.14655745791249,9282,0.8564,0,0
0.14655751536776,9283,0.8566,0,0
0.14655757282302,9284,0.8568,0,0
0.14655763027827,9285,0.857,0,0
0.1465576877335,9286,0.8572,0,0
0.14655774518872,9287,0.8574,0,0
0.14655780264393,9288,0.8576,0,0
0.14655786009913,9289,0.8578,0,0
0.14655791755432,9290,0.858,0,0
0.14655797500949,9291,0.8582,0,0
0.14655803246465,9292,0.8584,0,0
0.1465580899198,9293,0.8586,0,0
0.14655814737494,9294,0.8588,0,0
0.14655820483006,9295,0.859,0,0
0.14655826228518,9296,0.8592,0,0
0.14655831974028,9297,0.8594,0,0
0.14655837719537,9298,0.8596,0,0
0.14655843465045,9299,0.8598,0,0
0.14655849210551,9300,0.86,0,0
0.14655854956056,9301,0.8602,0,0
0.14655860701561,9302,0.8604,0,0
0.14655866447064,9303,0.8606,0,0
0.14655872192565,9304,0.8608,0,0
0.14655877938066,9305,0.861,0,0
0.14655883683565,9306,0.8612,0,0
0.14655889429063,9307,0.8614,0,0
0.1465589517456,9308,0.8616,0,0
0.14655900920056,9309,0.8618,0,0
0.1465590666555,9310,0.862,0,0
0.14655912411044,9311,0.8622,0,0
0.14655918156536,9312,0.8624,0,0
0.14655923902027,9313,0.8626,0,0
0.14655929647516,9314,0.8628,0,0
0.14655935393005,9315,0.863,0,0
0.14655941138492,9316,0.8632,0,0
0.14655946883978,9317,0.8634,0,0
0.14655952629463,9318,0.8636,0,0
0.14655958374947,9319,0.8638,0,0
0.14655964120429,9320,0.864,0,0
0.1465596986591,9321,0.8642,0,0
0.1465597561139,9322,0.8644,0,0
0.14655981356869,9323,0.8646,0,0
0.14655987102347,9324,0.8648,0,0
0.14655992847823,9325,0.865,0,0
0.14655998593299,9326,0.8652,0,0
0.14656004338773,9327,0.8654,0,0
0.14656010084246,9328,0.8656,0,0
0.14656015829717,9329,0.8658,0,0
0.14656021575188,9330,0.866,0,0
0.14656027320657,9331,0.8662,0,0
0.14656033066125,9332,0.8664,0,0
0.14656038811592,9333,0.8666,0,0
0.14656044557057,9334,0.8668,0,0
0.14656050302522,9335,0.867,0,0
0.14656056047985,9336,0.8672,0,0
0.14656061793447,9337,0.8674,0,0
0.14656067538908,9338,0.8676,0,0
0.14656073284367,9339,0.8678,0,0
0.14656079029826,9340,0.868,0,0
0.14656084775283,9341,0.8682,0,0
0.14656090520739,9342,0.8684,0,0
0.14656096266194,9343,0.8686,0,0
0.14656102011647,9344,0.8688,0,0
0.146561077571,9345,0.869,0,0
0.14656113502551,9346,0.8692,0,0
0.14656119248001,9347,0.8694,0,0
0.1465612499345,9348,0.8696,0,0
0.14656130738897,9349,0.8698,0,0
0.14656136484344,9350,0.87,0,0
0.14656142229789,9351,0.8702,0,0
0.14656147975233,9352,0.8704,0,0
0.14656153720676,9353,0.8706,0,0
0.14656159466117,9354,0.8708,0,0
0.14656165211558,9355,0.871,0,0
0.14656170956997,9356,0.8712,0,0
0.14656176702435,9357,0.8714,0,0
0.14656182447871,9358,0.8716,0,0
0.14656188193307,9359,0.8718,0,0
0.14656193938741,9360,0.872,0,0
0.14656199684174,9361,0.8722,0,0
0.14656205429606,9362,0.8724,0,0
0.14656211175037,9363,0.8726,0,0
0.14656216920467,9364,0.8728,0,0
0.14656222665895,9365,0.873,0,0
0.14656228411322,9366,0.8732,0,0
0.14656234156748,9367,0.8734,0,0
0.14656239902173,9368,0.8736,0,0
0.14656245647596,9369,0.8738,0,0
0.14656251393018,9370,0.874,0,0
0.1465625713844,9371,0.8742,0,0
0.14656262883859,9372,0.8744,0,0
0.14656268629278,9373,0.8746,0,0
0.14656274374696,9374,0.8748,0,0
0.14656280120112,9375,0.875,0,0
0.14656285865527,9376,0.8752,0,0
0.14656291610941,9377,0.8754,0,0
0.14656297356354,9378,0.8756,0,0
0.14656303101765,9379,0.8758,0,0
0.14656308847175,9380,0.876,0,0
0.14656314592584,9381,0.8762,0,0
0.14656320337992,9382,0.8764,0,0
0.14656326083399,9383,0.8766,0,0
0.14656331828804,9384,0.8768,0,0
0.14656337574209,9385,0.877,0,0
0.14656343319612,9386,0.8772,0,0
0.14656349065014,9387,0.8774,0,0
0.14656354810414,9388,0.8776,0,0
0.14656360555814,9389,0.8778,0,0
0.14656366301212,9390,0.878,0,0
0.14656372046609,9391,0.8782,0,0
0.14656377792005,9392,0.8784,0,0
0.14656383537399,9393,0.8786,0,0
0.14656389282793,9394,0.8788,0,0
0.14656395028185,9395,0.879,0,0
0.14656400773576,9396,0.8792,0,0
0.14656406518966,9397,0.8794,0,0
0.14656412264354,9398,0.8796,0,0
0.14656418009742,9399,0.8798,0,0
0.14656423755128,9400,0.88,0,0
0.14656429500513,9401,0.8802,0,0
0.14656435245897,9402,0.8804,0,0
0.14656440991279,9403,0.8806,0,0
0.14656446736661,9404,0.8808,0,0
0.14656452482041,9405,0.881,0,0
0.1465645822742,9406,0.8812,0,0
0.14656463972798,9407,0.8814,0,0
0.14656469718174,9408,0.8816,0,0
0.1465647546355,9409,0.8818,0,0
0.14656481208924,9410,0.882,0,0
0.14656486954297,9411,0.8822,0,0
0.14656492699668,9412,0.8824,0,0
0.14656498445039,9413,0.8826,0,0
0.14656504190408,9414,0.8828,0,0
0.14656509935776,9415,0.883,0,0
0.14656515681143,9416,0.8832,0,0
0.14656521426509,9417,0.8834,0,0
0.14656527171874,9418,0.8836,0,0
0.14656532917237,9419,0.8838,0,0
0.14656538662599,9420,0.884,0,0
0.1465654440796,9421,0.8842,0,0
0.1465655015332,9422,0.8844,0,0
0.14656555898678,9423,0.8846,0,0
0.14656561644035,9424,0.8848,0,0
0.14656567389392,9425,0.885,0,0
0.14656573134746,9426,0.8852,0,0
0.146565788801,9427,0.8854,0,0
0.14656584625453,9428,0.8856,0,0
0.14656590370804,9429,0.8858,0,0
0.14656596116154,9430,0.886,0,0
0.14656601861503,9431,0.8862,0,0
0.14656607606851,9432,0.8864,0,0
0.14656613352197,9433,0.8866,0,0
0.14656619097542,9434,0.8868,0,0
0.14656624842886,9435,0.887,0,0
0.14656630588229,9436,0.8872,0,0
0.14656636333571,9437,0.8874,0,0
0.14656642078911,9438,0.8876,0,0
0.1465664782425,9439,0.8878,0,0
0.14656653569589,9440,0.888,0,0
0.14656659314925,9441,0.8882,0,0
0.14656665060261,9442,0.8884,0,0
0.14656670805595,9443,0.8886,0,0
0.14656676550929,9444,0.8888,0,0
0.14656682296261,9445,0.889,0,0
0.14656688041591,9446,0.8892,0,0
0.14656693786921,9447,0.8894,0,0
0.14656699532249,9448,0.8896,0,0
0.14656705277577,9449,0.8898,0,0
0.14656711022903,9450,0.89,0,0
0.14656716768227,9451,0.8902,0,0
0.14656722513551,9452,0.8904,0,0
0.14656728258873,9453,0.8906,0,0
0.14656734004195,9454,0.8908,0,0
0.14656739749515,9455,0.891,0,0
0.14656745494833,9456,0.8912,0,0
0.14656751240151,9457,0.8914,0,0
0.14656756985467,9458,0.8916,0,0
0.14656762730782,9459,0.8918,0,0
0.14656768476096,9460,0.892,0,0
0.14656774221409,9461,0.8922,0,0
0.14656779966721,9462,0.8924,0,0
0.14656785712031,9463,0.8926,0,0
0.1465679145734,9464,0.8928,0,0
0.14656797202648,9465,0.893,0,0
0.14656802947955,9466,0.8932,0,0
0.1465680869326,9467,0.8934,0,0
0.14656814438565,9468,0.8936,0,0
0.14656820183868,9469,0.8938,0,0
0.1465682592917,9470,0.894,0,0
0.1465683167447,9471,0.8942,0,0
0.1465683741977,9472,0.8944,0,0
0.14656843165068,9473,0.8946,0,0
0.14656848910365,9474,0.8948,0,0
0.14656854655661,9475,0.895,0,0
0.14656860400956,9476,0.8952,0,0
0.14656866146249,9477,0.8954,0,0
0.14656871891542,9478,0.8956,0,0
0.14656877636833,9479,0.8958,0,0
0.14656883382123,9480,0.896,0,0
0.14656889127411,9481,0.8962,0,0
0.14656894872699,9482,0.8964,0,0
0.14656900617985,9483,0.8966,0,0
0.1465690636327,9484,0.8968,0,0
0.14656912108554,9485,0.897,0,0
0.14656917853836,9486,0.8972,0,0
0.14656923599118,9487,0.8974,0,0
0.14656929344398,9488,0.8976,0,0
0.14656935089677,9489,0.8978,0,0
0.14656940834955,9490,0.898,0,0
0.14656946580232,9491,0.8982,0,0
0.14656952325507,9492,0.8984,0,0
0.14656958070781,9493,0.8986,0,0
0.14656963816054,9494,0.8988,0,0
0.14656969561326,9495,0.899,0,0
0.14656975306597,9496,0.8992,0,0
0.14656981051866,9497,0.8994,0,0
0.14656986797134,9498,0.8996,0,0
0.14656992542401,9499,0.8998,0,0
0.14656998287667,9500,0.9,0,0
0.14657004032932,9501,0.9002,0,0
0.14657009778195,9502,0.9004,0,0
0.14657015523457,9503,0.9006,0,0
0.14657021268718,9504,0.9008,0,0
0.14657027013978,9505,0.901,0,0
0.14657032759236,9506,0.9012,0,0
0.14657038504494,9507,0.9014,0,0
0.1465704424975,9508,0.9016,0,0
0.14657049995005,9509,0.9018,0,0
0.14657055740258,9510,0.902,0,0
0.14657061485511,9511,0.9022,0,0
0.14657067230762,9512,0.9024,0,0
0.14657072976012,9513,0.9026,0,0
0.14657078721261,9514,0.9028,0,0
0.14657084466509,9515,0.903,0,0
0.14657090211756,9516,0.9032,0,0
0.14657095957001,9517,0.9034,0,0
0.14657101702245,9518,0.9036,0,0
0.14657107447488,9519,0.9038,0,0
0.14657113192729,9520,0.904,0,0
0.1465711893797,9521,0.9042,0,0
0.14657124683209,9522,0.9044,0,0
0.14657130428447,9523,0.9046,0,0
0.14657136173684,9524,0.9048,0,0
0.1465714191892,9525,0.905,0,0
0.14657147664154,9526,0.9052,0,0
0.14657153409387,9527,0.9054,0,0
0.1465715915462,9528,0.9056,0,0
0.1465716489985,9529,0.9058,0,0
0.1465717064508,9530,0.906,0,0
0.14657176390308,9531,0.9062,0,0
0.14657182135536,9532,0.9064,0,0
0.14657187880762,9533,0.9066,0,0
0.14657193625986,9534,0.9068,0,0
0.1465719937121,9535,0.907,0,0
0.14657205116432,9536,0.9072,0,0
0.14657210861654,9537,0.9074,0,0
0.14657216606874,9538,0.9076,0,0
0.14657222352092,9539,0.9078,0,0
0.1465722809731,9540,0.908,0,0
0.14657233842526,9541,0.9082,0,0
0.14657239587742,9542,0.9084,0,0
0.14657245332956,9543,0.9086,0,0
0.14657251078168,9544,0.9088,0,0
0.1465725682338,9545,0.909,0,0
0.1465726256859,9546,0.9092,0,0
0.14657268313799,9547,0.9094,0,0
0.14657274059007,9548,0.9096,0,0
0.14657279804214,9549,0.9098,0,0
0.1465728554942,9550,0.91,0,0
0.14657291294624,9551,0.9102,0,0
0.14657297039827,9552,0.9104,0,0
0.14657302785029,9553,0.9106,0,0
0.1465730853023,9554,0.9108,0,0
0.14657314275429,9555,0.911,0,0
0.14657320020627,9556,0.9112,0,0
0.14657325765824,9557,0.9114,0,0
0.1465733151102,9558,0.9116,0,0
0.14657337256215,9559,0.9118,0,0
0.14657343001409,9560,0.912,0,0
0.14657348746601,9561,0.9122,0,0
0.14657354491792,9562,0.9124,0,0
0.14657360236982,9563,0.9126,0,0
0.1465736598217,9564,0.9128,0,0
0.14657371727358,9565,0.913,0,0
0.14657377472544,9566,0.9132,0,0
0.14657383217729,9567,0.9134,0,0
0.14657388962913,9568,0.9136,0,0
0.14657394708096,9569,0.9138,0,0
0.14657400453277,9570,0.914,0,0
0.14657406198457,9571,0.9142,0,0
0.14657411943636,9572,0.9144,0,0
0.14657417688814,9573,0.9146,0,0
0.14657423433991,9574,0.9148,0,0
0.14657429179166,9575,0.915,0,0
0.1465743492434,9576,0.9152,0,0
0.14657440669513,9577,0.9154,0,0
0.14657446414685,9578,0.9156,0,0
0.14657452159855,9579,0.9158,0,0
0.14657457905025,9580,0.916,0,0
0.14657463650193,9581,0.9162,0,0
0.1465746939536,9582,0.9164,0,0
0.14657475140526,9583,0.9166,0,0
0.1465748088569,9584,0.9168,0,0
0.14657486630854,9585,0.917,0,0
0.14657492376016,9586,0.9172,0,0
0.14657498121177,9587,0.9174,0,0
0.14657503866336,9588,0.9176,0,0
0.14657509611495,9589,0.9178,0,0
0.14657515356652,9590,0.918,0,0
0.14657521101808,9591,0.9182,0,0
0.14657526846963,9592,0.9184,0,0
0.14657532592117,9593,0.9186,0,0
0.14657538337269,9594,0.9188,0,0
0.14657544082421,9595,0.919,0,0
0.14657549827571,9596,0.9192,0,0
0.1465755557272,9597,0.9194,0,0
0.14657561317867,9598,0.9196,0,0
0.14657567063014,9599,0.9198,0,0
0.14657572808159,9600,0.92,0,0
0.14657578553303,9601,0.9202,0,0
0.14657584298446,9602,0.9204,0,0
0.14657590043587,9603,0.9206,0,0
0.14657595788728,9604,0.9208,0,0
0.14657601533867,9605,0.921,0,0
0.14657607279005,9606,0.9212,0,0
0.14657613024142,9607,0.9214,0,0
0.14657618769278,9608,0.9216,0,0
0.14657624514412,9609,0.9218,0,0
0.14657630259545,9610,0.922,0,0
0.14657636004677,9611,0.9222,0,0
0.14657641749808,9612,0.9224,0,0
0.14657647494937,9613,0.9226,0,0
0.14657653240066,9614,0.9228,0,0
0.14657658985193,9615,0.923,0,0
0.14657664730319,9616,0.9232,0,0
0.14657670475444,9617,0.9234,0,0
0.14657676220567,9618,0.9236,0,0
0.1465768196569,9619,0.9238,0,0
0.14657687710811,9620,0.924,0,0
0.14657693455931,9621,0.9242,0,0
0.14657699201049,9622,0.9244,0,0
0.14657704946167,9623,0.9246,0,0
0.14657710691283,9624,0.9248,0,0
0.14657716436398,9625,0.925,0,0
0.14657722181512,9626,0.9252,0,0
0.14657727926625,9627,0.9254,0,0
0.14657733671736,9628,0.9256,0,0
0.14657739416847,9629,0.9258,0,0
0.14657745161956,9630,0.926,0,0
0.14657750907064,9631,0.9262,0,0
0.1465775665217,9632,0.9264,0,0
0.14657762397276,9633,0.9266,0,0
0.1465776814238,9634,0.9268,0,0
0.14657773887483,9635,0.927,0,0
0.14657779632585,9636,0.9272,0,0
0.14657785377685,9637,0.9274,0,0
0.14657791122785,9638,0.9276,0,0
0.14657796867883,9639,0.9278,0,0
0.1465780261298,9640,0.928,0,0
0.14657808358076,9641,0.9282,0,0
0.1465781410317,9642,0.9284,0,0
0.14657819848264,9643,0.9286,0,0
0.14657825593356,9644,0.9288,0,0
0.14657831338447,9645,0.929,0,0
0.14657837083537,9646,0.9292,0,0
0.14657842828625,9647,0.9294,0,0
0.14657848573713,9648,0.9296,0,0
0.14657854318799,9649,0.9298,0,0
0.14657860063884,9650,0.93,0,0
0.14657865808967,9651,0.9302,0,0
0.1465787155405,9652,0.9304,0,0
0.14657877299131,9653,0.9306,0,0
0.14657883044211,9654,0.9308,0,0
0.1465788878929,9655,0.931,0,0
0.14657894534368,9656,0.9312,0,0
0.14657900279445,9657,0.9314,0,0
0.1465790602452,9658,0.9316,0,0
0.14657911769594,9659,0.9318,0,0
0.14657917514667,9660,0.932,0,0
0.14657923259738,9661,0.9322,0,0
0.14657929004809,9662,0.9324,0,0
0.14657934749878,9663,0.9326,0,0
0.14657940494946,9664,0.9328,0,0
0.14657946240013,9665,0.933,0,0
0.14657951985079,9666,0.9332,0,0
0.14657957730143,9667,0.9334,0,0
0.14657963475206,9668,0.9336,0,0
0.14657969220268,9669,0.9338,0,0
0.14657974965329,9670,0.934,0,0
0.14657980710389,9671,0.9342,0,0
0.14657986455447,9672,0.9344,0,0
0.14657992200504,9673,0.9346,0,0
0.1465799794556,9674,0.9348,0,0
0.14658003690615,9675,0.935,0,0
0.14658009435669,9676,0.9352,0,0
0.14658015180721,9677,0.9354,0,0
0.14658020925772,9678,0.9356,0,0
0.14658026670822,9679,0.9358,0,0
0.14658032415871,9680,0.936,0,0
0.14658038160918,9681,0.9362,0,0
0.14658043905965,9682,0.9364,0,0
0.1465804965101,9683,0.9366,0,0
0.14658055396054,9684,0.9368,0,0
0.14658061141096,9685,0.937,0,0
0.14658066886138,9686,0.9372,0,0
0.14658072631178,9687,0.9374,0,0
0.14658078376217,9688,0.9376,0,0
0.14658084121255,9689,0.9378,0,0
0.14658089866292,9690,0.938,0,0
0.14658095611327,9691,0.9382,0,0
0.14658101356362,9692,0.9384,0,0
0.14658107101395,9693,0.9386,0,0
0.14658112846427,9694,0.9388,0,0
0.14658118591457,9695,0.939,0,0
0.14658124336487,9696,0.9392,0,0
0.14658130081515,9697,0.9394,0,0
0.14658135826542,9698,0.9396,0,0
0.14658141571568,9699,0.9398,0,0
0.14658147316592,9700,0.94,0,0
0.14658153061616,9701,0.9402,0,0
0.14658158806638,9702,0.9404,0,0
0.14658164551659,9703,0.9406,0,0
0.14658170296679,9704,0.9408,0,0
0.14658176041697,9705,0.941,0,0
0.14658181786714,9706,0.9412,0,0
0.14658187531731,9707,0.9414,0,0
0.14658193276746,9708,0.9416,0,0
0.14658199021759,9709,0.9418,0,0
0.14658204766772,9710,0.942,0,0
0.14658210511783,9711,0.9422,0,0
0.14658216256793,9712,0.9424,0,0
0.14658222001802,9713,0.9426,0,0
0.1465822774681,9714,0.9428,0,0
0.14658233491816,9715,0.943,0,0
0.14658239236822,9716,0.9432,0,0
0.14658244981826,9717,0.9434,0,0
0.14658250726828,9718,0.9436,0,0
0.1465825647183,9719,0.9438,0,0
0.14658262216831,9720,0.944,0,0
0.1465826796183,9721,0.9442,0,0
0.14658273706828,9722,0.9444,0,0
0.14658279451825,9723,0.9446,0,0
0.1465828519682,9724,0.9448,0,0
0.14658290941815,9725,0.945,0,0
0.14658296686808,9726,0.9452,0,0
0.146583024318,9727,0.9454,0,0
0.14658308176791,9728,0.9456,0,0
0.1465831392178,9729,0.9458,0,0
0.14658319666769,9730,0.946,0,0
0.14658325411756,9731,0.9462,0,0
0.14658331156742,9732,0.9464,0,0
0.14658336901726,9733,0.9466,0,0
0.1465834264671,9734,0.9468,0,0
0.14658348391692,9735,0.947,0,0
0.14658354136673,9736,0.9472,0,0
0.14658359881653,9737,0.9474,0,0
0.14658365626632,9738,0.9476,0,0
0.1465837137161,9739,0.9478,0,0
0.14658377116586,9740,0.948,0,0
0.14658382861561,9741,0.9482,0,0
0.14658388606535,9742,0.9484,0,0
0.14658394351508,9743,0.9486,0,0
0.14658400096479,9744,0.9488,0,0
0.14658405841449,9745,0.949,0,0
0.14658411586418,9746,0.9492,0,0
0.14658417331386,9747,0.9494,0,0
0.14658423076353,9748,0.9496,0,0
0.14658428821318,9749,0.9498,0,0
0.14658434566282,9750,0.95,0,0
0.14658440311245,9751,0.9502,0,0
0.14658446056207,9752,0.9504,0,0
0.14658451801168,9753,0.9506,0,0
0.14658457546127,9754,0.9508,0,0
0.14658463291085,9755,0.951,0,0
0.14658469036042,9756,0.9512,0,0
0.14658474780998,9757,0.9514,0,0
0.14658480525953,9758,0.9516,0,0
0.14658486270906,9759,0.9518,0,0
0.14658492015858,9760,0.952,0,0
0.14658497760809,9761,0.9522,0,0
0.14658503505759,9762,0.9524,0,0
0.14658509250707,9763,0.9526,0,0
0.14658514995655,9764,0.9528,0,0
0.14658520740601,9765,0.953,0,0
0.14658526485545,9766,0.9532,0,0
0.14658532230489,9767,0.9534,0,0
0.14658537975432,9768,0.9536,0,0
0.14658543720373,9769,0.9538,0,0
0.14658549465313,9770,0.954,0,0
0.14658555210252,9771,0.9542,0,0
0.14658560955189,9772,0.9544,0,0
0.14658566700126,9773,0.9546,0,0
0.14658572445061,9774,0.9548,0,0
0.14658578189995,9775,0.955,0,0
0.14658583934928,9776,0.9552,0,0
0.14658589679859,9777,0.9554,0,0
0.1465859542479,9778,0.9556,0,0
0.14658601169719,9779,0.9558,0,0
0.14658606914647,9780,0.956,0,0
0.14658612659574,9781,0.9562,0,0
0.14658618404499,9782,0.9564,0,0
0.14658624149424,9783,0.9566,0,0
0.14658629894347,9784,0.9568,0,0
0.14658635639269,9785,0.957,0,0
0.14658641384189,9786,0.9572,0,0
0.14658647129109,9787,0.9574,0,0
0.14658652874027,9788,0.9576,0,0
0.14658658618944,9789,0.9578,0,0
0.1465866436386,9790,0.958,0,0
0.14658670108775,9791,0.9582,0,0
0.14658675853688,9792,0.9584,0,0
0.146586815986,9793,0.9586,0,0
0.14658687343511,9794,0.9588,0,0
0.14658693088421,9795,0.959,0,0
0.1465869883333,9796,0.9592,0,0
0.14658704578237,9797,0.9594,0,0
0.14658710323144,9798,0.9596,0,0
0.14658716068049,9799,0.9598,0,0
0.14658721812952,9800,0.96,0,0
0.14658727557855,9801,0.9602,0,0
0.14658733302756,9802,0.9604,0,0
0.14658739047656,9803,0.9606,0,0
0.14658744792555,9804,0.9608,0,0
0.14658750537453,9805,0.961,0,0
0.1465875628235,9806,0.9612,0,0
0.14658762027245,9807,0.9614,0,0
0.14658767772139,9808,0.9616,0,0
0.14658773517032,9809,0.9618,0,0
0.14658779261924,9810,0.962,0,0
0.14658785006814,9811,0.9622,0,0
0.14658790751703,9812,0.9624,0,0
0.14658796496592,9813,0.9626,0,0
0.14658802241478,9814,0.9628,0,0
0.14658807986364,9815,0.963,0,0
0.14658813731248,9816,0.9632,0,0
0.14658819476132,9817,0.9634,0,0
0.14658825221014,9818,0.9636,0,0
0.14658830965895,9819,0.9638,0,0
0.14658836710774,9820,0.964,0,0
0.14658842455653,9821,0.9642,0,0
0.1465884820053,9822,0.9644,0,0
0.14658853945406,9823,0.9646,0,0
0.1465885969028,9824,0.9648,0,0
0.14658865435154,9825,0.965,0,0
0.14658871180026,9826,0.9652,0,0
0.14658876924898,9827,0.9654,0,0
0.14658882669767,9828,0.9656,0,0
0.14658888414636,9829,0.9658,0,0
0.14658894159504,9830,0.966,0,0
0.1465889990437,9831,0.9662,0,0
0.14658905649235,9832,0.9664,0,0
0.14658911394099,9833,0.9666,0,0
0.14658917138962,9834,0.9668,0,0
0.14658922883823,9835,0.967,0,0
0.14658928628683,9836,0.9672,0,0
0.14658934373542,9837,0.9674,0,0
0.146589401184,9838,0.9676,0,0
0.14658945863257,9839,0.9678,0,0
0.14658951608112,9840,0.968,0,0
0.14658957352966,9841,0.9682,0,0
0.14658963097819,9842,0.9684,0,0
0.14658968842671,9843,0.9686,0,0
0.14658974587522,9844,0.9688,0,0
0.14658980332371,9845,0.969,0,0
0.14658986077219,9846,0.9692,0,0
0.14658991822066,9847,0.9694,0,0
0.14658997566912,9848,0.9696,0,0
0.14659003311757,9849,0.9698,0,0
0.146590090566,9850,0.97,0,0
0.14659014801442,9851,0.9702,0,0
0.14659020546283,9852,0.9704,0,0
0.14659026291123,9853,0.9706,0,0
0.14659032035961,9854,0.9708,0,0
0.14659037780798,9855,0.971,0,0
0.14659043525634,9856,0.9712,0,0
0.14659049270469,9857,0.9714,0,0
0.14659055015303,9858,0.9716,0,0
0.14659060760135,9859,0.9718,0,0
0.14659066504966,9860,0.972,0,0
0.14659072249796,9861,0.9722,0,0
0.14659077994625,9862,0.9724,0,0
0.14659083739453,9863,0.9726,0,0
0.14659089484279,9864,0.9728,0,0
0.14659095229104,9865,0.973,0,0
0.14659100973928,9866,0.9732,0,0
0.14659106718751,9867,0.9734,0,0
0.14659112463573,9868,0.9736,0,0
0.14659118208393,9869,0.9738,0,0
0.14659123953212,9870,0.974,0,0
0.1465912969803,9871,0.9742,0,0
0.14659135442847,9872,0.9744,0,0
0.14659141187662,9873,0.9746,0,0
0.14659146932476,9874,0.9748,0,0
0.14659152677289,9875,0.975,0,0
0.14659158422101,9876,0.9752,0,0
0.14659164166912,9877,0.9754,0,0
0.14659169911721,9878,0.9756,0,0
0.1465917565653,9879,0.9758,0,0
0.14659181401337,9880,0.976,0,0
0.14659187146142,9881,0.9762,0,0
0.14659192890947,9882,0.9764,0,0
0.1465919863575,9883,0.9766,0,0
0.14659204380553,9884,0.9768,0,0
0.14659210125354,9885,0.977,0,0
0.14659215870153,9886,0.9772,0,0
0.14659221614952,9887,0.9774,0,0
0.14659227359749,9888,0.9776,0,0
0.14659233104545,9889,0.9778,0,0
0.1465923884934,9890,0.978,0,0
0.14659244594134,9891,0.9782,0,0
0.14659250338926,9892,0.9784,0,0
0.14659256083718,9893,0.9786,0,0
0.14659261828508,9894,0.9788,0,0
0.14659267573296,9895,0.979,0,0
0.14659273318084,9896,0.9792,0,0
0.14659279062871,9897,0.9794,0,0
0.14659284807656,9898,0.9796,0,0
0.1465929055244,9899,0.9798,0,0
0.14659296297223,9900,0.98,0,0
0.14659302042004,9901,0.9802,0,0
0.14659307786785,9902,0.9804,0,0
0.14659313531564,9903,0.9806,0,0
0.14659319276342,9904,0.9808,0,0
0.14659325021118,9905,0.981,0,0
0.14659330765894,9906,0.9812,0,0
0.14659336510668,9907,0.9814,0,0
0.14659342255441,9908,0.9816,0,0
0.14659348000213,9909,0.9818,0,0
0.14659353744984,9910,0.982,0,0
0.14659359489753,9911,0.9822,0,0
0.14659365234522,9912,0.9824,0,0
0.14659370979289,9913,0.9826,0,0
0.14659376724055,9914,0.9828,0,0
0.14659382468819,9915,0.983,0,0
0.14659388213583,9916,0.9832,0,0
0.14659393958345,9917,0.9834,0,0
0.14659399703106,9918,0.9836,0,0
0.14659405447866,9919,0.9838,0,0
0.14659411192624,9920,0.984,0,0
0.14659416937382,9921,0.9842,0,0
0.14659422682138,9922,0.9844,0,0
0.14659428426893,9923,0.9846,0,0
0.14659434171646,9924,0.9848,0,0
0.14659439916399,9925,0.985,0,0
0.1465944566115,9926,0.9852,0,0
0.146594514059,9927,0.9854,0,0
0.14659457150649,9928,0.9856,0,0
0.14659462895397,9929,0.9858,0,0
0.14659468640143,9930,0.986,0,0
0.14659474384889,9931,0.9862,0,0
0.14659480129633,9932,0.9864,0,0
0.14659485874375,9933,0.9866,0,0
0.14659491619117,9934,0.9868,0,0
0.14659497363857,9935,0.987,0,0
0.14659503108597,9936,0.9872,0,0
0.14659508853335,9937,0.9874,0,0
0.14659514598071,9938,0.9876,0,0
0.14659520342807,9939,0.9878,0,0
0.14659526087541,9940,0.988,0,0
0.14659531832274,9941,0.9882,0,0
0.14659537577006,9942,0.9884,0,0
0.14659543321737,9943,0.9886,0,0
0.14659549066466,9944,0.9888,0,0
0.14659554811195,9945,0.989,0,0
0.14659560555922,9946,0.9892,0,0
0.14659566300648,9947,0.9894,0,0
0.14659572045372,9948,0.9896,0,0
0.14659577790096,9949,0.9898,0,0
0.14659583534818,9950,0.99,0,0
0.14659589279539,9951,0.9902,0,0
0.14659595024259,9952,0.9904,0,0
0.14659600768977,9953,0.9906,0,0
0.14659606513695,9954,0.9908,0,0
0.14659612258411,9955,0.991,0,0
0.14659618003126,9956,0.9912,0,0
0.1465962374784,9957,0.9914,0,0
0.14659629492552,9958,0.9916,0,0
0.14659635237263,9959,0.9918,0,0
0.14659640981974,9960,0.992,0,0
0.14659646726682,9961,0.9922,0,0
0.1465965247139,9962,0.9924,0,0
0.14659658216097,9963,0.9926,0,0
0.14659663960802,9964,0.9928,0,0
0.14659669705506,9965,0.993,0,0
0.14659675450209,9966,0.9932,0,0
0.1465968119491,9967,0.9934,0,0
0.14659686939611,9968,0.9936,0,0
0.1465969268431,9969,0.9938,0,0
0.14659698429008,9970,0.994,0,0
0.14659704173705,9971,0.9942,0,0
0.146597099184,9972,0.9944,0,0
0.14659715663095,9973,0.9946,0,0
0.14659721407788,9974,0.9948,0,0
0.1465972715248,9975,0.995,0,0
0.1465973289717,9976,0.9952,0,0
0.1465973864186,9977,0.9954,0,0
0.14659744386548,9978,0.9956,0,0
0.14659750131235,9979,0.9958,0,0
0.14659755875921,9980,0.996,0,0
0.14659761620606,9981,0.9962,0,0
0.14659767365289,9982,0.9964,0,0
0.14659773109971,9983,0.9966,0,0
0.14659778854652,9984,0.9968,0,0
0.14659784599332,9985,0.997,0,0
0.14659790344011,9986,0.9972,0,0
0.14659796088688,9987,0.9974,0,0
0.14659801833364,9988,0.9976,0,0
0.14659807578038,9989,0.9978,0,0
0.14659813322719,9990,0.998,0,0
0.14659819067357,9991,0.9982,0,0
0.1465982481219,9992,0.9984,0,0
0.14659830556092,9993,0.9986,0,0
0.14659836304407,9994,0.9988,0,0
0.14659842031767,9995,0.999,0,0
0.14659847858599,9996,0.9992,0,0
0.14659853213196,9997,0.9994,0,0
0.14659860809649,9998,0.9996,0,0
0.14659840149126,15004,0.9997,0,0
0.14659694539401,15010,0.99975,0,0
0.14658705756962,9999,0.9998,0,0
0.14651935906677,15008,0.99985,0,0
0.14605667126651,15001,0.9999,0,0
0.1452920119916,15020,0.999925,0,0
0.14460255921518,15026,0.9999375,0,0
0.14356864913626,15009,0.99995,0,0
0.14201592097749,15025,0.9999625,0,0
0.13968787956097,15016,0.999975,0,0
0.13621224137271,15023,0.9999875,0,0
0.13106140534726,10000,1,0,0
